0 0.00115514751384381 0.00120135155458385 0.00157479297586729 1.81452922137333 0.832483791737103 0.0386761714542645 0.00490205686196987 0.00275158425271081 0.00284764641067539 0 0.00644609358676622 0.345767927240442 0.341872657810132 0.562998667279695 0.939925752997734 0.00814127194283865 0.0729147807915076 0.000461763868761452 0.000508437721325 0.000724320681273271 0.000545631978450165 0.00209381768612324 2.12627438558617 0.00062984979363742 0.000759190351574269 0.000405068610090756 0.000664648538788151 0.00176521431401132 0.00109444036698648 2.39614705019035 0.0098237705770364 0.000219775438825277 0.00125588137775141 0.00468596693299296 0.000123754560550641 0.00037793875476855 0.000926770064683035 0.635618347997804 0.106039371525726 0.00160423221196154 0.000399773877687397 0.00664039401729703 0.000319546675313408 0.00226126221982257 0.00350519194410993 0.348402827143037 0.0113545548665502 0.314425439341508 0.0021682118363634 0.000943389723965307 0.627690909188088 2.39112761223771 0.0811172503154364 0.000147053228973869 0.000475660152254625 0.00173318347508043 0.000699176626505607 0.00144887019896662 0.000966860536716737 0.000402079907569625 1.91921347123354 0.970463718426684 4.54860488321444 0.00090372967373368 0.112767039061291 0.000593941942146171 0.00727343084140485 0.00226048793784857 1.81931711785184 0.00427342937977798 0.0051774610966399 0.00197029744759777 0 0.0707885451300865 0 0 0.000113667878765588 0.0389787674583507 0.236581192198728 0.00395227979216681 0.000271552705617767 0 0.000207593499558019 0 0.00142865018689602 0.00813470055678258 0.00570181290253603 0.00742144109258395 0.00869115754817898 0 0.000376347510402238 0.000123023568045888 0 0 0 0 0.0131411676594192 0 0 5.56920178622885e-05 0 0.000294137177246865 0.00015237777656274 0.00580243759475557 0.00770798502724659 0 0 0 0 0 0 0.0211392071952636 0 0.000162274308171699 0 0.00013915551783366 0 0 0 0.00369490637700787 0 0.00551522483845549 0 0 0.00854851863105486 0.0377776070459017 0.00316642883540913 0 9.58917304940271e-05 0 0 0 0 0 0.0131505887103928 0.0183024534042658 0.0155105865357762 0.000200477098948292 0.0445551872705198 0 0.00103115829269126 0.000277864134078029 0.06734508650595 0 0 3.63581670559101e-05 0
0.00115514751384381 0 9.25930610684751e-05 0.000358864404410929 0 0.000589910362109008 0.000180294105648696 0.000224832094016875 0.000378218356433591 0.00821236522939182 0.0425335221079954 6.51914449433973e-05 0.000100383697116763 0.000260775978031673 0.000107364390579808 0.000428381451895693 0.0136820311832169 0.0100826551414263 1.82397584113167 0.122054796648092 1.63209409252349 0.405874720634674 0.0125325721551329 0.00108741726097962 0.0164581734831087 0.000513700938960002 0.00844400779983067 0.00052566860426447 0.000461737107237181 0.00852403967811696 0.000172488918946155 0.00915283611039646 0.00149269480820264 0.00517028788924883 0.00578351917918621 0.00218051796445202 0.0292833550151134 0.0168328117385974 0.000984917251962273 0.000795376225105154 0.00216612804849076 2.05407539854227 0.030710564599955 0.280364340405107 0.00086461483786326 0.000655475584872239 0.00872872074588577 0.0382888043349462 0.00320515631092733 0.111175982565848 3.29398562247943 0.000114077864453506 0.000171075190213508 0.000182168187691317 0.0032012363499212 0.0192765534761141 2.05327738581372 0.265375987394489 1.25318678309232 1.10964030132621 0.782860945589997 0 0.00311652019780043 0.0039247538024823 0.0568880762560243 0.0428009472227584 0.00168375652521196 0.000816433537787768 0.00032767250882379 9.35622016784584e-05 0.00483819455483939 0.140445774917484 0.0664481678038415 0.0024481680977119 0 0.00244106124677528 0.000609068776313337 0.000367808348278807 0 5.29706954978003e-05 0.000653880677966616 0.000298012992886419 0.000862086185276167 0.00182667864986405 0.00945500991282703 0 0 0 4.49660107036788e-05 0.00036981142608449 0.000470002257119443 0.000943365469717881 0.00434178061522883 0.00898141237646928 0.00147806141842887 0.00195363623107456 0 0 0.00405628953698747 0.000161403277164409 0.00384561614630318 0.000633586605468851 0.000683139154907424 0.00788199293413876 0 0.000104735495988851 0.00103804575960853 0.00050727206040395 0.000152337509552 0.00162828066515269 0.00117351382153618 0.000547826289009646 0 0 0.00212833862131158 0.00741808414503853 0.000120184091056257 0.0321333443462457 0.0018314008771138 0.00281223647831854 0.000146552885751522 0.00375543868064779 0.00100688755751905 0.00107297404761839 0.000777602175396908 0.000239101428664103 0 9.15845238944751e-05 0.00108653408833782 0.0137967059099951 0.00741280200875404 0.00650912161979517 0.00131892423110751 0.00326605285580383 0.00241627673937316 0 0 0 0.03592756698231 0.0228960799732564 0.0012110817959778 0 0.000110898092909543 0 0.00907930312707296 0.00267752761006827 0.00244160806656361 0.000718442993684343
0.00120135155458385 9.25930610684751e-05 0 0.0278483721351768 0 0.0103040528346657 0.0432076921086193 0.508289026371357 0.0352741360648671 0.000647661567805036 0.000267589725393161 0.00701773749297768 0 0.000808520779792716 0.00399875238529574 0.849730720334868 0.0263315537212124 0.00637929824329741 0.00131498265956767 0.00150200201427243 6.87765635972934e-05 8.64249685511125e-05 0.0236455435575462 0.000328740709659245 0.00525968441578179 0.02542380714615 0.405686820018628 1.19072991021334 0.629129743745666 0.554668175090831 0.000778048384523711 0.0158274038842753 0.00452466026774782 0.00082198703112823 0.000906073611247086 0.00635730495609074 0.000730979717744403 0.00115269046702652 0 0.00419152725362785 0.0654664795797559 0 0.00176087601677667 0.000413381825728806 2.17046037121174 2.87244445769447 0.00189263924545886 0.0254118509858563 0.0255547859256299 0.00092291508085483 0.00019987902433799 0.00612470906470279 0.000864964247250053 0.0164822883624276 0.00812818947420107 0.0627368822325535 0.00083527539193012 0.000981257189461543 0.00194133918638034 0.00155835794799551 0 0.000502607379510793 0.000530309130597341 0.000467499654663314 0.00280866003681373 0.163935674487704 1.0528947687029 0.0272038268310291 0.118816831887105 0.00086430226565881 0.0336463330719621 0.00588107982929406 0.00751777763663944 0.0055686380171905 0 0 0.0624127016610625 0.00489488678191439 0 0.00170290368526266 0.0117167433677218 0.131475219281748 0.00376962465930405 0.000587341840839896 0.000198116044801092 0.00143228167201062 0 0.000134193225723974 0.0032171653712293 0.0454201217380661 0.00277979773281227 0.000149057659619006 0.000882919615861188 0.000538938818242894 0 0 0.000511344645413025 0 0.00145952093969719 0.00241033882194351 0.00503863971582677 0.0102303269532787 0.0734039446394068 0.00436722556413406 0 0.00146030010823246 0.00165427238150567 0.000877439710071619 0.000194526822905463 0.00103776271676812 7.32422623771741e-05 0.000369081868272147 0 0 0.00813323330974901 0.000190328503375066 0.00029657330976457 0.000145882106950327 0.0731693902139832 0.0524191892540228 0 0.00177252872064885 0.00534157015978943 0 0 0.0017714052944701 0.000517796617039001 0.00762463127681314 0.00248071009461934 0.00464971493256146 0.000248193552155721 0.000768418957331533 0.000144429391582112 0.000219930772650742 0 0 0 0 0.00117906278394395 0.191213494673095 0.0263655188113975 0.0087871309542006 0.06255913845472 0 0.00740571460416605 0.000439340523147257 0.0013336757833549 0.00216129111994829
0.00157479297586729 0.000358864404410929 0.0278483721351768 0 9.56171470746919e-05 0.00137463121194691 0.0124952186684458 0.0217359812857611 0.00585422929076187 0.000528382943779417 0.00021602613063584 0.863467539585198 0.000110557585534516 0.00373030749452573 0.00767380633378827 0.0608379915619629 0.123579977349674 0.0255107787736683 0.00101743163930377 0.000385450737816957 0.000633653879735254 0.00020871470271632 0.0118007275664663 0.000549120349892232 0.0103408923499791 1.27435407616146 0.0165493364631705 1.20804950581535 0.70685769610195 0.00723968442236481 0 0.0161042401059193 0.136251326828144 0.0148230603627878 0.00639078124997364 0.042998509166539 0.00326900135297534 0.0106989273034942 0.000454453764288279 0.0293933989443718 0.617096015205803 0.000113873106169976 0.00253089142214583 0.000188857752352042 2.37540730312548 0.00863919574394265 0.00280414405319275 0.052859687785182 3.07752776819634 0.00232614271495831 0 0.0264680721720133 0.00134624554136088 0.0428552974708917 0.0418638682098036 0.0487372423496462 0.000517257828739712 0.0021811900217153 0.00139756117792352 0.00429883668277801 8.46377544963233e-05 0.000386817080724239 0.000416592950996268 0.00196465111276966 0.00173086880676348 0.0107075181541452 0.74976518226534 1.05485628888829 0.0672985879344012 0 0.00355904122544173 0.0259386715040741 0.0331286176505735 0.026600609437365 0 8.03878544319075e-05 0.00344909630575745 0.0011319215292057 0 0.000825761103598365 0.0113306356339576 0.0254596878467881 0 0 0 0.00200483705415452 0 0 0.00184039729048187 0.0099554328060233 0 0.000200846422474959 0.000219953376774436 0 6.33972420227623e-05 0 0.000942776429057796 0 0.000205472363185634 0.000676021393151568 0.000952651556483059 0.00170178988417133 0.00733834381417608 0.000620517670320498 0 0 0.000381941136252222 0 0 0 8.93268034405821e-05 0 0.000112635080219352 0.000142587905777673 0.00100339983819137 0 0 0.000458577992983097 0.00696075262214122 0.00345420464560088 0 0.000601948417117711 0.00208298827220989 0 0 0.000573465541286115 0.000692061665170058 0.00454515709744206 0.000295170515565574 0.00135886142728048 0 0 0 0 0 0.000199081217933987 0 0 0.000369175073819061 0.01316282911106 0.00336294501955314 0.00523647051816494 0.0172461374431346 0 0.000649782758789522 0.000228534916900929 0.000664647264037638 0
1.81452922137333 0 0 9.56171470746919e-05 0 0.352643487298552 0.0227717762661459 0.00419509641401544 0.000889260665977844 0.000357528306250968 0 0.00215919547655756 0.0480976260214286 0.0733705313586583 0.136054875004034 1.65081085355128 0.00165854837066281 0.019950558990778 8.10168571227839e-05 0 0 0 0.000462359174463377 0.0670406257579439 0.000125510928745357 4.93242462110252e-05 0.00024199011597323 7.68307647473852e-05 0.000746679951220595 0.000953132249153333 0.0888400610548418 0.00260580389994928 0 0.000697928908195265 0.000364135675495099 0 0.000294544648981297 0.000236188657866594 0.159574898125405 0.0276231514003073 0.000586208185774388 0 0.00117496512857362 0 0.000376752959316363 0.00109395334618727 0.0398917570872998 0.000493399509331423 0.134696361922175 0.000662428302493148 0 0.0947955010735894 1.22016657166379 0.0304831255222386 0 6.69430459629763e-05 0.000733794670396705 0 0.000367720147777167 0 0 0.161414569239268 0.0303418872843363 0.0583005880042525 0.000264386556715221 0.0268652473527711 0.000135643178609134 0.000959948906976676 0.000981190623058695 0.21474957378681 0.00285770728584105 0.000598711634629259 0.000274348600380819 0 0.0202935253716881 0 0 0 0.0103325263703617 0.0680977386681868 0.000823233794110191 0.000522307952785397 0 0 0 0.000407707182164227 0.0021147302452235 0.00336597865734859 0.00322995490144643 0.00267029048849771 0.000344766669798501 0 0 0 0 0 0 0.00477275308708774 0 0 0 0 0 0 0.00141963687251701 0.00299488020486823 0 0 0 0 0 0 0.00513932299731616 0 0 0 0 0 0 0 0.000206269759282013 0 0.00249095541396656 0 0 0.00216707536772158 0.0192128205664298 0.00114491257644356 0 0 0 0 0 0 0 0.00470495796560506 0.00378013570117371 0.00420965225753723 0 0.0133616741597551 0 0 0.000442097466869275 0.0159863152973527 0 0 0 0
0.832483791737103 0.000589910362109008 0.0103040528346657 0.00137463121194691 0.352643487298552 0 2.52748262159278 0.189683473443524 0.103313550443507 0.0427351426325142 0.000398185431940811 0.0256087336197314 0.0422254234372929 0.0983795802005328 0.182872812416583 2.28957690541592 0.00670975476019469 0.0560842976416474 0.000710060321014951 0.000199367800520748 0.000358734640071941 0.000294290252245273 0.00201295848774471 0.129158950120172 0.00114658968941266 0.00168275658527701 0.00485375797238689 0.00125596812604957 0.00388303722168292 0.0535223362863362 0.379043956387996 0.402085148470363 0.000728215054081828 0.000652430428295534 0.00183709143533831 0.00087364496852602 0.000312187459630433 0.00074743747587309 0.0974712447486147 0.0956461234655054 0.00577215021424873 0.000222641533245953 0.00471695140291815 0.0074502325330126 0.0045059775655238 0.0591859668100367 0.193667997072555 0.00589336140712917 0.296445846632381 0 0.000238456244042447 0.244831796565936 0.358685554219514 0.0697611028691749 0.000662355045704723 0.00337501802704456 0.0004406396919427 0.000997473020143164 0.000479057851490189 0.000671470571872218 0.000314968571938218 0.0627048818796698 1.57685071445626 0.246968914668353 0.0186569596810944 2.59870870032535 0.00518608362520007 0.01191169371027 0.00473316023899878 3.51454883914667 0.13080281787523 0.00139189942017893 0.00308402082033133 0.00102367459844509 0.191368107425397 0 0.000447045753145709 0.000563134651494983 0.138270365740421 1.4838135170106 0.0388549732476807 0.00641492192590724 0.000800694341672518 0.000721877796681092 0 0.00682970616135071 0.0158830554318872 0.0486176188524418 0.0588326401828614 0.0584640470013742 0.000295465620056862 0.00248756034315733 0 0 0 0 0 0.046747281192823 0.000122299065883731 8.97652211863222e-05 0.000149471808105641 0.000159485195145491 0.00175093642823918 0.000877101516896369 0.0164268863948225 0.0423943043935217 0 0.000304709456785216 0 0 0 0 0.069680116082468 0.00609291044747617 0.000834997600372506 0 0.000160093011202445 0.000273601603244297 0.000224254390122722 0.00122756862777383 0.00253534884958019 0 0.0390771808148067 0 0 0.0583496878561448 0.222994525748329 0.034279897034242 0.000259844655777159 0.000199617358407779 0 0.000144286677651005 9.61212268683941e-05 0 0 0.0310930505738297 0.0607777890338978 0.0340181585392946 0.000215470322908352 0.751977881640075 0.000618050093876952 0.00176294850538341 0.00144914637056896 0.118244524850574 0.000600696113657859 0 0.000179223155423011 9.83149886231108e-05
0.0386761714542645 0.000180294105648696 0.0432076921086193 0.0124952186684458 0.0227717762661459 2.52748262159278 0 3.30832094778792 0.205256065354342 0.0551199764137249 9.58503264461598e-05 0.122810229942487 0.00218578647334691 0.0474393388190482 0.106193943783097 1.40849866975539 0.018457160104997 0.07667101624155 0.000397980005525204 0.000135150413989333 0.000271772846995406 0 0.00623803451935713 0.00491321052204241 0.00204593660113323 0.00423203012000432 0.0107006720232393 0.00438802347280322 0.0376238848642095 0.0810993335956683 0.00491545113203065 0.0122216990632947 0 0.000522264278906327 0.000755965938321007 0.00252690210747642 0.000259143247793826 0.000630573108851849 0.0107176185157136 0.208921072543913 0.0131682293817835 0.000163661664378503 0.00072914913061562 0.00816443458237625 0.0235772743794123 0.29341290322793 0.0103837327448188 0.00815388376325697 0.289623880467518 0.00112261939211475 0 0.296017125762877 0.0726677152519901 0.166063091584479 0.00335972532038013 0.00575380240597429 0.000218179819594683 0.00151270065979522 0.000494044915439135 0.000980135135496738 0.00114256615633408 0.00931418126236842 0.0317983689524913 0.00947380534717546 0.0243838200669796 1.74224388309888 0.00869414917466802 0.167656153240392 0.0616060202195912 0.0495817389758077 0.227686050213265 0.00231447740175168 0.00263562505666762 0.00399471972220233 0.0033041700878272 0.00023859940924742 0.00232787429172751 0.00222558556086538 0.00983510542302678 0.191589850792701 0.403218287213371 0.0923245040239657 0.00313323296955537 0.00246063493849437 0 0.0402345078999508 0.00116736812429333 0.00608559699924219 0.0687106927916323 0.113097198543921 0.00333919571181725 0.00197448697400141 0 0 0.000191146637270052 0 0 0.00158916154854812 0.000446017580944646 0.000379902492171133 0.0011201466333495 0.000361770750951125 0.0104482614877372 0.00236313429775636 0 0.00310444031140548 0.000412162356588225 0 0 0 0.000122254322564097 6.83349834685997e-05 0.00649997252403766 0.0191232301370647 0.000853790303382302 9.43655225238461e-05 0 0.000954840101887903 0.00347311179584662 0.00989307611424259 0 0.00076610780294404 0.0425712271872037 0 0 0.0612752284108429 0.0927832589115829 0.0982312863480919 0.000945189207760322 0.00133915310650726 0 0 0.000136929540271958 0 0 0.00666984363704528 0.00120834420867134 0.00151805206738055 0.00100868076237566 0.492314534669201 0.00215317873336444 0.0315108035730012 0.0225254966455003 0.00431066758214858 0.00710906940325179 0.000170023977351984 0.00057659380086654 0
0.00490205686196987 0.000224832094016875 0.508289026371357 0.0217359812857611 0.00419509641401544 0.189683473443524 3.30832094778792 0 1.4886347650122 0.0931071068167779 0.000693663868825781 0.0227479007879225 0.00180464620586259 0.00318795876317557 0.0104783738405648 0.924200199563419 0.0160794849792307 0.00762481685872896 0.00140159745172804 0.00014565927924704 0.000430502938460198 0.000125651205694186 0.0067368063081368 0.000624770969887742 0.00325050468568621 0.005003492853184 0.0434012916404938 0.0126661099376992 0.114674489215453 0.353180225222649 0.00184440368423031 0.00555966847508241 0.000930412592441653 0.00112641746948177 0.000698813003586825 0.00386368997085057 0.000135579541743968 0.000914645179352054 0.000274039850547858 0.0154539467948978 0.0197184361620349 0 0.000368257875326286 0.0117272451236399 0.0879151551670335 3.16728915702776 0.00167686784833511 0.00723865963816888 0.0423487202657679 0 0 0.0253312536747907 0.00856807632209301 0.0273935664547741 0.00720759924344024 0.0131829845018309 0.00121833327319182 0.00149821823466022 0.00167835462309099 0.000280395087421968 0.00075873685472494 0.00100165349505121 0.0034055286168704 0.00133517159669807 0.0557060768135195 1.62848162496353 0.0326398204421507 0.053380552112494 0.0901471894954454 0.0112674464049974 0.852441637680033 0.00439727276145743 0.00346727116853488 0.00512350353965548 0.00108363612801155 0 0.028727852864245 0.00852853194980551 0.000368817621862814 0.0131328941740519 0.161149549737404 0.288117564828008 0.00245465001187552 0.00193864920608883 0.0003932089612457 0.0148607477850022 0 0.00189644691433578 0.0189555061664422 0.113072097828393 0.00528607423351008 0.0012785630620389 0.000259466277545579 0.000474218091445801 0 0 0.000295165757705381 0.000121615516443517 0.00194741900224645 0.0024951401988815 0.00381519077608966 0.00709923407958977 0.0870012465834829 0.0057125687919891 0.000658524830812607 0.000629164685860224 0 0.000297774261317379 0 0 5.2134253233832e-05 0.000168406721782824 0.00194947312206351 0.00101190605014215 0.00175030779970777 7.22996824544242e-05 0.000270425709806052 0.00128247996395495 0.02750035471267 0.0230761802148921 0.000715208827145306 0.0032044107887511 0.0194105571429611 0 0 0.0108305971758667 0.00882941686576253 0.0371227813565888 0.00133641017093675 0.00422045270553458 0 0.0003070803080681 0.00014507549339772 0 0 0.000646348841944505 0 0.000407091058937862 0.00153458989059802 0.341836327919918 0.00604759888765891 0.0426346785671364 0.121197483461576 0.0011400232255468 0.0073835264030366 0.00120551459013303 0.000539047994584659 0
0.00275158425271081 0.000378218356433591 0.0352741360648671 0.00585422929076187 0.000889260665977844 0.103313550443507 0.205256065354342 1.4886347650122 0 1.21869532505139 0.00198763519185239 0.00115115307498003 0.000781253773081136 0.000286475350784428 0.000963324273723683 0.0102135176827482 0.00613659012460075 0.00153331991808407 0.00226483839362919 0.00438318970219681 0.00177436587418826 0.000644732740754661 0.0153255714366207 0.000145157715313125 0.0122325760253517 0.0228669348776835 0.0522819873595167 0.00324717344158694 0.00514344097234382 0.983955542384984 0.000563282359236805 0.00424764424207049 0.00919643006340731 0.00179176401007536 0.000743520430029683 0.0237762185768666 0.00150494966028802 0.00210947010795675 0 0.00235621930811354 0.0715732720979468 0.000680766681952679 0.00131460562314174 0.0537685843322321 0.00934604950282713 1.26170521247006 0.00188153239180115 0.0234375944292242 0.00555979757156467 0.00277555627316148 0.000431877003468223 0.0038875943520374 0.00197754818206124 0.00332070239533164 0.0163014053258779 0.0298564080079391 0.00209191445432444 0.00627443096060359 0.00299226627868897 0.0019500765216256 0.00178831396125033 0.000737734236290449 0.0023676430583598 0.000244143523947566 0.256139571968202 2.81553103887061 0.0324739602920506 0.00631729830980289 0.00317175891151267 0.00493754768554453 4.19188605384037 0.0102316312092803 0.0136295052509236 0.0140688201178248 0.000508844601882611 0 0.00933725292804794 0.00143469082938768 0 0.00541528673001236 0.0103361382193906 0.0063517055991111 0.00287373737814861 0 0 0.0019599328316184 0 0.000110519285056081 0.00114674714573501 0.00456046292091645 0.000815157224924395 0 0.000377964397111357 0.000356176207362802 0 0.000132584740221474 0.000373007477036958 0 0.000969356565698451 0.00114628661267887 0.00412457056655715 0.00173274967920848 0.00774622063235484 0.00283104078341753 0 0 0.000684641778577383 0.000608392763067932 0.000629094321562681 0.00243596240037077 0 9.98860602291762e-05 0 0.0023427677070945 0.00399744989231134 0.00019323672264189 5.73045787276125e-05 0.00272123745253126 0.00583636011542003 0.0139319023194948 0 0.000776715899271684 0.00321312708512984 0.00070333652201094 0 0.000963671839952294 0.00233561472767624 0.00196019560335306 0.000430279601258965 0.00346214949082027 0.000429909217163196 0.00108258557108392 0 0.00109242413312879 0 0 0 0.000602708627778191 0.00153566281652262 0.0727530976506634 0.00644926242850229 0.000883719668742476 0.00478474582342724 0.000255899322962955 0.0052684792819584 0.000146672337471009 0.000521587773569211 0.000486631774032301
0.00284764641067539 0.00821236522939182 0.000647661567805036 0.000528382943779417 0.000357528306250968 0.0427351426325142 0.0551199764137249 0.0931071068167779 1.21869532505139 0 0.019093125765506 0.000221502133537835 0 0.000195303778753923 0.000345022461364322 0.00213872068626003 0.00218129132556417 0.00111963750404381 0.00596610179839072 0.0258814608014153 0.00666770795886936 0.217739769408309 0.280156008172447 0.000383150182419422 0.023767955082433 0.00386876024675697 0.0260285123988779 0.000646043811073669 0.000199348044907724 0.905525189683835 0 0.00343285741200608 0.00459544993847791 0.00134943842058718 0.000874883725252148 0.0114956491093502 0.00225999584596341 0.00330402717574977 0 0.00298046887179654 0.00628095413806623 0.0096446242930367 0.0013484830761987 1.54525155768599 0.00112140207195867 0.0108814261481749 0 0.0121635779070986 0.00348143352503962 0.00276520560740555 0.0102806206073221 0.00151010698203983 0.0008733898124333 0.000322145117421579 0.0281027133807098 0.0503766045049646 0.0207812972968305 0.046031575784877 0.0136053302073616 0.0143884786869143 0.0708989425689405 0.000812851252146696 0.0034347461827675 0.000208997835637178 1.77482054587787 3.235596167115 0.00326534160253467 0.0016774991643348 0.000284781713891756 0.00487625717866645 0.467564525031852 0.00983147018570197 0.0150506772238277 0.00855153056089105 0 0 0.0114980594900903 0.00275323865044327 0.000235841831176257 0.00311159199030275 0.0049999232337067 0.00237723596980266 0.0036067767027041 0.00171099921124719 0.000978629305696407 0.000961128472622438 0 0 0.000284033018964423 0.0024051692925016 0 0 0.000587506896044847 0.000317431650598533 9.79480091299039e-05 0.000199009048608978 0.00073343883173152 0 0.00113482409845141 0.000534293014999061 0.00427594589168993 0.00230419462329806 0.00296324820619971 0.00281742910121632 0 0.00129246483190575 0.000610697005800867 8.75746545723859e-05 0 0 0.000279433959752637 0.000232847298070785 0 0 0.00597322584935781 0.000557012564247263 0 0.00251374712368357 0.00486037861321529 0.0137748093279972 0 0.00307981569689084 0.00160176631293241 0.000223923457412005 0 0.000365140032664336 0.00125001643873703 0.00164747212074574 0.00419745417901765 0.00441813547818853 0.00249775419042352 0.00132683586295236 0.00129638251295867 0.0028995090755235 0 0 0 0.0002480602302865 0.00592907077956832 0.087006094920703 0.00804983285014715 0.000804148772680402 0.00233174108285878 0 0.00998934021954786 0.000179616642783329 0.00117382898166813 0
0 0.0425335221079954 0.000267589725393161 0.00021602613063584 0 0.000398185431940811 9.58503264461598e-05 0.000693663868825781 0.00198763519185239 0.019093125765506 0 0.000194078441169754 0 0 0 9.29253347165958e-05 0.00198122360338213 0.00149044971166132 0.0904173304313213 4.92909538592292 0.0135198324641396 0.488124953280055 0.0190217521725911 0.000373110778403647 0.00759686301908527 0.000431887990562195 0.018433389061034 0.000357134860935575 0.000569557812153141 0.162868532276011 0 0.0037306398582408 0.00203365827259213 0.00166442140607899 0.00210066493022071 0.00147445401783583 0.00457590585574959 0.00399859395870999 0 0.000182608550449515 0.00159235251945417 0.346224969477676 0.00293659111194486 10.9454734378269 0.000602849741052257 0.00103185192090252 0.0019063987406015 0.0153409671231082 0.000998731965701184 0.00763569437449246 0.0474036731126568 0.000316864331080958 0 5.7777036650903e-05 0.00135823264672734 0.0206094137528049 0.178136502083377 0.469542558866153 0.0417880254037549 0.0139765003291762 0.124534420616838 0 0.000247201601884912 0.000826028049775956 4.38431544079473 0.183468049109182 0.000967233739919415 0 0.000270051797472368 0 0.00374035769013458 0.0201639852253529 0.0218278559875386 0.00402778855339123 0 0.00691416919050182 0.000300311910657311 0.000411633390834609 0 0 0 0.000516229040403271 0.000503905519518304 0.00123273881508213 0.175313213685376 0 0 0 7.13998168393624e-05 0.000160848664751011 0.000639657294287711 0.000418850294043434 0.00836400905270358 0.028136692313048 0.00211666480736756 0.00663807658317028 0.00263624530164 0 0.005327333748815 0.000961624106256409 0.00428618105797706 0.000279302616791729 0.000650315448267291 0.00851450086689372 0 0.00141078544435589 0.00026718282545852 0.000492523445464051 8.32133734061913e-05 0.00196020479082771 0.000854362613581608 0.0012349687489884 0 0 0.00309601553285753 0.0172827153228561 0.000533983941945913 0.182420882848693 0.00119809797225279 0.00071593629381978 0 0.00371720592468781 0.000269300095314369 0.00158246790498987 0.00324900745231663 0.000124491608254209 0 0.000248248101028461 0.000174448532737483 0.0123936066512995 0.0206730714488685 0.020847496741325 0.00431483517661426 0.00474118516575017 0.00542588746597944 0 0 0 0.110314260204831 0.0854296422420017 0.00116837697926524 0 0.00034841388913362 0 0.00744596156516895 0.00365863153653235 0.00481042678640175 0.000395327084369622
0.00644609358676622 6.51914449433973e-05 0.00701773749297768 0.863467539585198 0.00215919547655756 0.0256087336197314 0.122810229942487 0.0227479007879225 0.00115115307498003 0.000221502133537835 0.000194078441169754 0 0.00166520757857646 0.722373984643888 0.0780781777121646 0.157025398891748 0.0228365653858707 0.0352339202831081 0.000555113629849996 0.000860806636739056 0.000425690918270191 0 0.00124261091028359 0.00258967311391453 0.00478982873029789 0.0749500698331405 0.00626992251186377 0.0185679830711746 0.197459484845291 0.00484621094981669 0 0.00611725198641499 0.0018757199043101 0.00193263282874499 6.98868313255812e-05 0.0259486035491594 0.00131723234536433 0.00584078283546471 0.00476271943051714 2.03121851660144 0.0945462073675347 6.03016098976745e-05 0.000973607769699417 0.000104370958409956 0.0619851028298101 0.00765951891019503 0.00457086413221891 0.0112895306092158 4.32026157898912 0.00128214139423369 0 1.96016967443829 0.0445372363627009 0.223394009812625 0.0172417377771426 0.0190563598868637 0.000532192808753996 0.000490572824787112 0.00120372076170995 0.00290406399895304 0 0.00732295374725954 0.00113185048810627 0.00284132696349412 0.000387110848598745 0.0235855376926357 0.0469357771047396 2.48030727907432 0.0547190104568462 0.00153492744323174 0.00210324076497625 0.0154937113752612 0.0187915674668586 0.00525876063099365 0.000225825442895879 0 0.000646666130907566 0.000235267103367763 0.00147211926853357 0.0247228401803531 0.0398031908979637 0.0104603037635527 0.000472884404944567 0.000306554292103387 0 0.00674423037649191 0.00031607152395721 0.00153054476534301 0.0123387353357632 0.0137822018338775 0 0.000333883434374065 0.000141508162752584 0 0 0 0.000281436461510201 0.000118973540276469 8.46856761105791e-05 0.000301491179054415 0.000402958691458486 0.00103017007630857 0.00251216037103832 0.000162005483877686 0 0.000284261773863247 0 0 0 0.000530770482791886 0.000127031619118079 0 0.000778216385337774 0.00170961206431785 0.00063665919373417 0 0 0.00034755828312459 0.00109808760377764 0.00210455916984289 0 0.000606718660523961 0.00771598801895628 0 0 0.0090488618696584 0.0121567256741649 0.019059249601629 0.000402195323332821 0.000472607224959007 0 0 0.000310251229735342 0 7.34947064866022e-05 0.000277487163864922 0 0 0 0.0221959938651063 0.00117850661871608 0.00580480328281155 0.00434702712886159 0.00019055405004091 0.000482276735196289 0 7.3050077130766e-05 0
0.345767927240442 0.000100383697116763 0 0.000110557585534516 0.0480976260214286 0.0422254234372929 0.00218578647334691 0.00180464620586259 0.000781253773081136 0 0 0.00166520757857646 0 0.731653106782062 0.0146605740636469 0.0114438358005412 0.00485084645924779 0.0335200007465866 6.53925115841926e-05 0 0.000218495618456074 0 0.000304688445761956 1.01958410404789 0.000288813625916614 0.000104951411029598 6.07746531050908e-05 0 0.000510639970324868 0.000116063491295932 0.00454279775047916 0.00312294219132424 0 0.000369540167197556 0.000988373262244151 0.00016284213864149 0.000246288008027591 6.07994789357065e-05 1.99328684713144 0.074104771196384 0.000704201126698388 0 0.00125537983994971 0.000130801479869465 0.000250272229662269 0 1.4815897494568 0.00284244112456671 0.123872728567221 0.000462277497341179 0 0.188570336000694 0.0460787498489371 0.00416598783447678 0 0 0 0.000433496666838264 0.000197509103283667 0.00062853704340036 9.49083069194554e-05 2.43220791141984 0.0269648995236634 1.05829625898729 0.000153045051405806 0.0135437100594945 0.000106221091021173 0.00284445792833746 0 0.015738343694131 0.000182626632503397 0.000447858528976855 0.000509869664518127 0.000786329332244179 0.00398687418187282 0 0 0 0.00172346630636587 0.00987605421813711 0.000764747076066078 0 0 0 0 0 0 0.000365269714259445 0.000196945133535572 0.000837877300111042 0 0 0 0 0 0 0 0.00119657877937331 0 0 0 0 0 0 0 0.00082804949942257 0 0 0 0.000211437525441923 0 0 0.00144019554226123 0.000764720695847793 0 0 0 0 0 0 0 0 0 0 0 0.000188902648862376 0.00137529676368792 0.000568353795824136 0 0 0 0 0 0 0 0 0.000892254615012356 0.000668293695767132 0 0.000620349991480834 0 0 0 0.00354015112207524 0 0 0 0
0.341872657810132 0.000260775978031673 0.000808520779792716 0.00373030749452573 0.0733705313586583 0.0983795802005328 0.0474393388190482 0.00318795876317557 0.000286475350784428 0.000195303778753923 0 0.722373984643888 0.731653106782062 0 0.0762627887430356 0.0893739925567528 0.0033363813396048 0.051781174945413 0.000255305227895181 0.000151438357587352 0.000101879865331472 0 0.000118820803301302 0.233555387272204 0.000350420462463476 0.00543762180055878 0.00035125064860951 0.00197530726743381 0.00717120149440941 0.000344463713470138 0.00220679325355662 0.00161920426018846 0 0.000403364680534183 0.000645052146305836 0.00260394456018453 0.000215353637031315 0.00121499383141623 3.17308875591506 5.25409628518498 0.00952458158683699 0 0.00152224982503522 0 0.00619958539890498 0.00138260909745837 0.0228784203931391 0.0044874826111395 1.19206870879303 0 0.000486526414421706 3.34381299358409 0.305659616741579 0.100031067249317 0.00257492256881422 0.00211566936482234 0 0.000401445869968271 0 0.000453819593937345 0 0.900146273614967 0.00232375162143227 0.0631264043796844 0.000456472057162371 0.0137947240022672 0.00381264678171331 0.0750406972841904 0.0104158932952876 0.0109786320322412 0.000435587000385181 0.00256244075834999 0.00258732815102244 0.000615494309781646 0.00303993690197871 0 0.000499221464919691 0 0.00304197572998639 0.037320997754607 0.00506814782126627 0.00123262614326787 0.00021063514572938 0 0 0.00112690105632058 0.00048972456996855 0.00212980547805473 0.00498843940164374 0.00432236288553122 0 0.000128794343099487 0 0 0 0 0 0.00079681215471774 9.4384947440491e-05 0 0 0 0.000368477189602044 0 0.000318836434518978 0.000612975004260316 0 0 0 0 0 0 0.00402933557159432 0.00101901283557107 0 0 0 0.000281735386011023 0.000217602521917298 0 0 0 0.00420067917449678 0 0 0.00605511969374833 0.0137004905997873 0.00613460044830916 0 0.000247802401236477 0 0 0 0 0 0.00172814444744566 0.00102770000221872 0.00210673748075547 0.000128624506553644 0.0124872473868265 0 0.000608384874131208 0.000306890168516788 0.00242205058710709 0.000148645581170653 0 0 0
0.562998667279695 0.000107364390579808 0.00399875238529574 0.00767380633378827 0.136054875004034 0.182872812416583 0.106193943783097 0.0104783738405648 0.000963324273723683 0.000345022461364322 0 0.0780781777121646 0.0146605740636469 0.0762627887430356 0 0.81998044726475 0.00524437528256252 0.0294036850135774 0.0001281861782476 0.000112904602401441 0 2.50238049399722e-05 0.000281120554275315 0.0673032421697475 0.00213014880637717 0.0041740511186905 0.00306955665029781 0.00633202189472133 0.124978733512443 0.00206527236463487 0.00100774575421571 0.00217577605802779 0.000235612688093921 0.000534119865528313 0 0.0015859083930201 0.000262930308407616 0.00090003416187189 0.0232675712954508 0.0838055141767324 0.00457587441258019 0.000153302282607046 0.000630339481500279 0.000104526972081244 0.0341988614636925 0.00457479092681611 0.00843734353040341 0.00356926224883668 0.178123803553036 0.000423445908242503 0 2.54948801802244 3.34614952994275 3.35242609320661 0.00247059868585387 0.00663110113941963 9.87992516925866e-05 0.000854313903811589 0.000582222488134379 0.000374417746186038 7.68172970446717e-05 0.089651402876329 0.00231813933210702 0.0166396106179532 0.0011531604056925 0.0310492140884906 0.010812571349906 0.959541331557739 0.400116616630838 0.00464467122678223 0.00212623710981989 0.0020778951712172 0.0029688886737628 0.000496177953660932 0.00899132558588981 0 0.00035616761687708 0.000484636701211315 0.012321142540701 0.131279646649258 0.0571912863061382 0.00630629398924665 0.000612426057225437 0.000275771350050435 0 0.00989999608036887 0.000970052715744566 0.00801083889397507 0.0304467678974595 0.0371187452044755 0.000253222125696978 0.00105396513567615 4.59012145134789e-05 0 0 0 0.000207142811016761 0.00192930751421061 5.97769027552218e-05 5.62973517532583e-05 0.00015659932152281 0.000211093251030966 0.00136547805277085 0.000448766969473839 0.000293807722300334 0.0018107072035498 0 0 7.87945614460946e-05 0.000114876775313461 0 0.000129169638997387 0.00568136836919053 0.00185599127246707 0.000245666445574722 0 7.42879224597572e-05 0 0.000634032044092751 0.00106926293642337 0.000843810630102159 0 0.0139060203490995 0 0 0.025855791673715 0.0461028957676771 0.0283999174003743 0 0.000565243406132883 0 0 0 0 0 0.00314649427191357 0.00154410565490718 0.00159341221919282 0 0.0441325063762653 0.000843384447349519 0.00512190643580033 0.00243691996672809 0.00432873698746193 0.00075452212770161 0 0.000180242269207737 0
0.939925752997734 0.000428381451895693 0.849730720334868 0.0608379915619629 1.65081085355128 2.28957690541592 1.40849866975539 0.924200199563419 0.0102135176827482 0.00213872068626003 9.29253347165958e-05 0.157025398891748 0.0114438358005412 0.0893739925567528 0.81998044726475 0 0.0316698810865997 0.0825209162883881 0.00146173110303062 0.000475929812701772 0.000126150699686492 0.000231117190814976 0.00609577369514801 0.0625540287481798 0.00493595681971857 0.0141206712100357 0.0585194817673226 0.023460210813135 0.546413742809861 0.0646161552415225 0.197705476574631 0.0146516228379603 0.00116047324646342 0.00138129507109814 0.000758077203090118 0.00452351216626969 0.00106066638722242 0.00212942804243839 0.0288103874281876 0.138489574728791 0.0157399353327867 0.000352391839861455 0.00301717725782283 0.000735197450353301 0.162380689439708 0.332190862531206 0.0313230439057051 0.0105336594762656 0.407382188153111 0.000424857203842068 0.000422527183833751 0.407182745075136 0.36879066989226 2.50095855288165 0.0038656053968725 0.0226380394119288 0.000747303437281411 0.000964292901782949 0.00070242314701145 0.000580878070260165 9.4846736381044e-05 0.0238067580101195 0.0403536853045189 0.0553600200898171 0.00474740680993102 0.182083629381675 0.0645116861878657 0.391320958333909 0.629903604001312 0.278277544687363 0.0220495945267829 0.00472064263434255 0.00890140379526535 0.00157026293059683 0.010003940538978 0 0.0105068071834641 0.00421016486141943 0.0113277509639074 0.199531633312171 0.168212376059236 0.177020127328602 0.0030729982216924 0.00177805483421367 0 0.0246613469582572 0.00121460927888581 0.0110645832018197 0.0592358844032526 0.166163358847907 0.00358531036599187 0.00375675301732223 0.000194759988736925 3.27234761255887e-05 0 0 0.00146211130640657 0.00438797210072967 0.00168061901549242 0.000969392959330634 0.0018273973702488 0.0021058519882984 0.0654617197751452 0.00293330348198447 0.000972959246969442 0.00306543705987069 0.000114038331596848 0.000289269842221674 3.7836753811072e-05 0.000414660407576664 0.000227584839813312 1.95239295339223e-05 0.00628484741582415 0.00421459923927026 0.00123391827041726 0.00011700230254416 0.000115647146734004 0.000547129752831773 0.0222302681446693 0.0176125054170552 0.00141769776962858 0.00085835758999083 0.0296399686203976 2.58841846781021e-05 3.64825301269595e-05 0.0363692746008337 0.0538635902817712 0.0827517321812205 0.000587825964092032 0.00268058122750164 2.95197675470793e-05 0.000432716041676841 0.000173980225000733 8.67697919881172e-05 0 0.00312134698423961 0.00310983840696153 0.00264582375964268 0.00139677469410968 0.199311092297422 0.00573719208994867 0.0371167539321161 0.0706467138619364 0.00719392292209562 0.00613548384625047 0.000513073263964047 0.000982741930200793 2.21775959036135e-05
