0 0.00103109263349548 0.00147305073940762 0.00106262207132167 2.32007722977712 0.506879899762962 0.0197217583927486 0.000609246096317153 0.000132870082531938 0.00416267801426976 0.000196352525686015 0.00369254462874918 0.125938100360449 0.0425917889968904 0.500174168753824 0.301388640080687 0.0114079800099494 0.0391504248300441 0.000465932096186002 0.000598977348373272 0.000467401845851569 0.00130477741686242 0.000265109955551367 1.37358722779046 0.000478416753835176 0.00100497146970054 0.00055016036680173 0.000180855182279904 0.0016816131557258 0.00116567830625475 0.754562900009994 0.0113098356270747 0.000443174469663102 0.00254492067708354 0.00028392334111625 0.000850787749054581 0.00190055408490144 0.0034518051331402 0.138764424983928 0.00938201692554301 0.00206011010176277 0.00107855313950458 0.00252658948359868 0.000339770019576166 0.00100992126378134 0.00104650297684501 0.160854458192039 0.0105479908140823 0.0740539156554064 0.0011637399994211 0.000663627281586469 0.100544092898921 1.75211754668917 0.0496761764069178 0.000873455063399182 0.00135698115055386 0.000362251657803663 0.00175609615794092 0.000873278778077639 0.000267709431253441 0.00148367636115832 1.45824734758153 0.199879116268078 2.30553902236765 0.000911286666273825 0.0581778289865378 0.00179699890961994 0.00374699223753543 0.00273755676926813 5.79402210956867 0.00235845283220745 0.00441157743476472 0.00406625520600675 0.000526204184555373 0.0131772275853864 0 0.000211243174653295 0 0.0120686900764483 0.0817336906708294 0.00101217019851053 0 0 0 0 0 0 0.000286163713708765 0.00200091246961567 0.00459610794104052 0 0 0 0 0 0 0 0.00165786346164079 0.000147857233576932 0 0.000257508144235925 0 0.000154343790619183 0.000483460219325501 0.00236657119916363 0.00347562529841477 0 0 0 0 0 0 0.00106397911265732 0.000668561403806549 0 0 0 0 0 0.000442766746058011 0.00056001327642553 0 0.00109643236976038 0 0 0.00133320455794349 0.00975921079657253 0.000813804874361207 0 0.000345399110670178 0 0 0 0.000406564181757071 0 0.00222948829291309 0.00191621534656705 0.00507864826019246 0.00064496544287685 0.0615091220934042 0 0 0 0.00717463544379353 0.000630074824052241 0.000340822093634558 0.000133672277469528 0
0.00103109263349548 0 0.000373958452353259 0 0.000282480627278051 0.000476730624384896 0.00048901381954326 0.000297795837347493 0 0.0086089931832541 0.0830248958946629 9.08876410264381e-05 0.00160138809555567 0.000650392591413779 0.000657056925004622 0.000339015024413269 0.00829713848870801 0.00834434114821261 0.649787982978261 0.390916113142139 1.8180622823015 1.06200565951201 0.00715559331870699 0.0028247613919623 0.00456095688706439 0.000871900548567874 0.004995975533087 0.000114558769951298 0.000328862558236479 0.00593685556078477 0.000317166062137678 0.00806297675758263 0.000576360524339755 0.00713978195308517 0.00412000390405932 0.00122594777654157 0.103917757647419 0.0200047017242621 0.00190370881354968 0.000288807086124311 0.00230224248430432 2.85786985224194 0.0145932309852621 0.302937465634535 0 0.000616113464037754 0.0126068880648242 0.0256902513413843 0.00455979939912494 0.0921415669876044 2.91253190689745 0.000638888695655021 0.000864361548699194 0.000217058060132818 0.00102458905251437 0.0109051308323899 2.48711242348623 0.498228251946375 1.89939784017635 1.09768606354411 1.14863014348636 0.000757137194521307 0.00386593862110181 0.00632180652880119 0.105281828140107 0.0419354473438725 0.000599232435344027 0.000928878870940118 0 0.000270727962619426 0.00108532069285848 0.121464948829832 0.0210923845223812 0.000206634533502364 0 0.00571936481236641 0.0010717044707417 0.000265563247731082 0 0 0 0.000607756370980312 0.000200163405325568 0.000718783094874678 0.0144594073077444 0 0 0 0.000157541050308263 6.32794244835311e-05 0.00057631219191177 0.00072334710476791 0.00332530675336518 0.0265756134816243 0.00267647751625894 0.00487743516827668 0.00261175195559617 0 0.0034556994844433 0.000299684746255717 0.00563741589111799 0 0.000355412988812203 0.00725401327706116 0 0.00027195611761649 0 0.000880840028065878 0.000232588757159116 0.000884479278311997 0.00394583381445458 0.000899841349001011 0 0 0.000591556851830267 0.0213854151848348 0.000172950185548906 0.0484232207972801 0.000477459981356279 0.000231328006135744 0.000215109545546583 0.00256352571209272 0.000649068749562264 0.00277536214478312 0.00107936899775214 0 0 7.99452451108358e-05 0.00114822463981037 0.010472857887831 0.00756305631329834 0.0136788859184611 0.00177794596152603 0.00590788137898132 0.00624280101832369 0 0 0.00010723503099816 0.0672128435911835 0.0312961990597135 0.00146809075239021 0 0.00062991670543965 0 0.00236136926582444 0.00467403092416697 0.00507756069817258 0.000188286119107794
0.00147305073940762 0.000373958452353259 0 0.0754434281454413 0 0.0176969585808927 0.114260956142155 1.0055133813065 0.0600312879994618 0.000506552248346467 0.000181620898340458 0.0116479288676652 0.000538463622123231 0.00150592443068441 0.00582220497871126 1.58062998125828 0.0138625886331134 0.00663905482354218 0.00170241545726041 0.00163830620592325 0.000173860488621079 0 0.000294017089957077 0.00118407412392618 0.00631563077849975 0.0329632847750844 0.349348579586576 0.36888431991971 0.483800901492086 0.166386127391716 0 0.011278788049595 0.00904338889976647 0.00111691819594811 0.000249688181113225 0.00458334244656276 0.00184043266935662 0.0018794335226544 0.00173639274739386 0.00559359750239279 0.0506233813162198 6.50734793361226e-05 0.00155246599726098 0.000786541739611389 2.4586500120498 3.46976781082367 0.000750319270907036 0.026739060218961 0.0414650391242793 0.000372433850928128 0 0.0121207878764082 0.00224224438072012 0.0168938073746861 0.00347899396455052 0.0946185220541144 0.00117699102127036 0.0143074256531846 0.00155175825207618 0.00213686418820081 0.000396211368378949 0.000701013199509147 0.000687736008266868 0.000705293055517738 0.014333871407285 0.379024401927817 0.385255569046973 0.040775218392634 0.220758468365459 0.000268977174801548 0.0596239303225845 0.0027327854697591 0.0065549950804269 0.00846889640658885 0 0 0.0772221020114685 0.00312402928236352 0 0.00158861666692186 0.0219425474098687 0.0913777416765322 0.00638028514138645 0.00409531306366206 0.000505770595633614 0.000993312382649432 0 0 0.00449798210923946 0.0376110572099252 0.000724986462578016 0.000366065605601151 0.000849065412341826 0.000398043425996826 0 0.000117905764925359 0.00171616971141551 0 0.000733340639398053 0.0041015741169596 0.00982996657386163 0.0103053354921425 0.0556604273621353 0.0184583772967456 0.000295987340309429 0.0020299870393234 0.00185879633221755 0.000911356311045773 0.000617812514204032 0.00212221104222999 0.000237795723446779 0.000172683544867274 0 0.000692447612482876 0.00904274563610299 0.000456704786404216 0 0.000521852127473338 0.0812283356028778 0.102793635431942 0.000462976190328276 0.00726348178947667 0.00222955791333463 0.000376982860160743 0 0.00238774545560979 0.00149944516962707 0.0120744407975863 0.00459535990775057 0.0146241024675087 0.00072978261176173 0.00278738989750241 0.000382512336900585 0 0.000189986593654018 0.000264163529082873 0.000180607423492119 0.000362364175548404 0.00933275954642061 0.142859552915056 0.0389100827706809 0.0105495979181797 0.0743978646460571 0 0.0427290897621641 0 0.00153755063503486 0.000421552840182379
0.00106262207132167 0 0.0754434281454413 0 0.000178685600026811 0.0011252553984431 0.00557721907597576 0.012677566231222 0.00147030954709274 0.0010636759468868 0 1.02092058093228 0.000527025236148407 0.00797894767434346 0.0105731097401607 0.0271138385965918 0.177050850346202 0.0404412497345123 0.00235268391115364 0.00203788629751571 0.000216071603788354 0 0.000689863051560456 0.00057202244977797 0.022498234643244 1.29137563240918 0.0170197772234093 1.1632067089446 0.76980796284092 0.00602569616074769 0 0.00496731050286757 0.0153488401453364 0.00675635569990084 0.000159337665754477 0.0211552645567374 0.00605595950317917 0.0059265958707217 0.00388573113834174 0.0300128766289245 0.391636500243348 0 0.00077056461376461 0.000657844209111116 1.47915477406597 0.0154552304775366 0.00444460500791127 0.0980113623622696 1.87522606513439 0.00350747178206929 0 0.0430975580445834 0.00220389515213415 0.0152826051278017 0.0267063169958139 0.0470131824371609 0.00308977734207981 0.00803977960236062 0.00636688257244426 0.00732202442936336 0.000476249463960709 0.00206497769349558 0.000925131946547744 0.00163780018306113 0.00415251853774648 0.0164692741489832 1.25643705230942 0.546750683483143 0.0672550009450832 0.000164778428933674 0.00307561233442692 0.0167875035081684 0.0308970114997549 0.00935890994204619 0 0.000146359430830845 0.00548363642989852 0.000205371004064672 0 0.000120864594959139 0.00202721411611695 0.00502237620946178 0.000220186475008035 0.000898918596973042 0 0 0 6.89619604863547e-05 0.00116715319629915 0.00312387033102582 0 0.000178880857828684 0 0 0 0 0.000250299131498242 0 0.000720517837152559 0.000374255190563652 0.00157778526540113 0.00149520869966251 0.00471275273574415 0.00148449909594733 0 0.000744965922961638 0 0 0 0.000520020955217213 0.000300595150359018 0.000119939674223914 0 0 0.000443960983814688 9.12751694913251e-05 0 0.000334146732572371 0.00588870160115704 0.00660002878114858 0 0.000950713088364079 0 0 0 0.000345791720475106 0.000115530192145471 0.00184847253535141 0 0.0026504738391058 0 0.000208922585459246 0 0.000202632038772193 0 0 0 0 0.000958144449923556 0.00917255679925156 0.00272715559036757 0.00263226536878725 0.00648093817697289 0 0.0036145523544923 0.000749408723558203 0.000187640567377326 0
2.32007722977712 0.000282480627278051 0 0.000178685600026811 0 0.23096669816818 0.00834908090628711 0.00016804703844777 0.000450706172534926 0 0 0 0.0345920308641122 0.00684962432122886 0.26645574914522 0.951459708747783 0.00154087916500868 0.00903710111787971 0 0.000215703403193344 0.000120944369644271 0.000115378744319293 0 0.0464360525916834 0.000144525749725144 7.57316907950677e-05 0.000177049303756034 9.78301489525032e-05 5.63360588156821e-05 0.000154716743877427 0.0170198753075233 0.0030757690402119 0 0.000221838081696309 0.000268165515919946 0.00023408603353251 0.000189964765707955 0.00079395074424382 0.0328376657610729 0.00210540249922196 0.000657070154102098 0 0.000376756734116776 0.000331094361612806 0.000267124065678402 0 0.0256605682848348 0.001501248715774 0.0157078819087356 0.000173427322117052 0 0.00982858986930271 0.421684857572343 0.0163998562524768 0 7.28770426423799e-05 0.000205316950813404 0.000335311638541885 0 0.000118093835495261 0.000127482655108813 0.0873624431784314 0.00867683096267179 0.194697014489465 0.000124978414436884 0.0167938841043784 0.000130579895177677 0.000826461203425305 0 1.27146506769229 0.000709005543043997 0.000362082282419882 0.000483462355551113 0 0.000860122044084788 0 0 0 0.00202861725151339 0.0146733701709139 0.000165803644323795 0 0 0 0 0 0 0.000197507767632301 0.000791766217483381 0.000987665274775792 0 0.000713992908079955 0 0 0 0 0 6.49183949762572e-05 0 0 0 0 0 0.000164562489758401 0 0.000634714784234273 0 0 0 0 0 0 0 0 0.000329679296879642 0 0 0 0 0 0.000365034636688188 0 0 0 0 0 0.00233900551850128 0.000243194377506802 0 0 0 0 0 0 0 0.000429880187786291 0.000299830711071855 0.000859743429336667 0 0.0221944947185967 0.000242633375438039 0 0 0.00114233073473019 0 0 6.18549561456094e-05 0
0.506879899762962 0.000476730624384896 0.0176969585808927 0.0011252553984431 0.23096669816818 0 1.83310734203663 0.088434978212667 0.060726781605635 0.0933746382768367 0.000821130823424601 0.00479854097178961 0.0348821477693251 0.0219424341283415 0.0900159689540499 1.43847351927147 0.00505277997505426 0.018501712775789 0.000138046572557408 0.000371110470541076 0 0.000281251968506195 0.00767164064456743 0.078538507804616 0.00125684664696322 0.00305612306680474 0.00721199291192832 0.00227636033387251 0.00183503799218048 0.0653942595734353 0.418397104443114 0.259748378574272 0.00117015540230219 0.000946536691781153 0.001024612924772 0.00096296968931305 0.00104406120963793 0.00158277986505493 0.0348920342405554 0.0105203299617478 0.00680494478048829 0.000211718057547257 0.000908933306869942 0.00900513448283883 0.00314603151913804 0.0999432316030794 0.041670879092891 0.00675124912074322 0.0480615882790508 0.000479437194923413 0.000301953183190302 0.0359682397536378 0.156599585813001 0.028614865065716 0.00112353370262745 0.00655494849344498 0.000555068796032369 0.0015530689343324 0.000316990531124367 0.000838335304502605 0.00298581024914482 0.0459845204714844 1.71235741167804 0.181882682669837 0.0267417776071731 2.64622208303404 0.0107567253655923 0.000588762922249589 0.00136804950585467 2.01824161577237 0.127394917619488 0.00131112897033084 0.00243676225829543 0.000594492514679267 0.072892169461665 0.00010699712120428 0.000328003791734846 0.000283735933025478 0.108455697838964 1.07199743885912 0.0308929851925504 0.00442761455037122 0.00151911767181697 0.000264061336158476 6.76626892899615e-05 0.00277172361028399 0.00410050679499466 0.0130239537005689 0.0340382389244427 0.081576426867333 0 0.00123313576526527 0 0 0.000142260406908616 0 0 0.0112884257998159 0.000127502854963968 0.000212083588348328 0.000458353934945022 0.000213287726879959 0.000587089083854175 0.000987813911400101 0.0106649862335563 0.0285510680671128 0 0.000252080989311411 0 0 6.53683852723042e-05 7.91242540759654e-05 0.0202935553490148 0.00473490247620828 5.90684778236754e-05 0 8.99290249432114e-05 0 0.000763272190519343 0.00125703365963568 0.00632314714320577 0.000385612122203349 0.0192372072796895 0 0.000150387792695311 0.0202489024618719 0.172650674030256 0.0226029331259057 9.91494645197974e-05 0.000429347247679541 0 0.000333520830793431 0 0 0 0.0215537407381577 0.0395525120806191 0.0327678876528843 0.000448837261970706 1.3444434608451 0.000989429436389438 0.00141985709916568 0.00205874301721534 0.082416261962386 0.000867556559757607 9.33921567069741e-05 0.000228938925875568 0
0.0197217583927486 0.00048901381954326 0.114260956142155 0.00557721907597576 0.00834908090628711 1.83310734203663 0 3.0564419733531 0.199106873882557 0.133976043178702 0.00136786699110804 0.0862452099542767 0.00241557225518399 0.0305689517115495 0.0897182154503542 1.6069061806148 0.00487616741800543 0.0174276582595979 0.000778317891847581 0.00043651959852857 0.000150486408148867 9.61031899205551e-05 0.00671771841378963 0.00293182922206091 0.00233270786964113 0.0101977741042726 0.0195760948102701 0.0115516642215 0.0208819617318174 0.155726881102755 0.00329569014059164 0.00674883818053282 0.00239547701489171 0.00130581856962852 0.000269670028513064 0.000668808111711954 0.00120007353827005 0.000868628167392891 0.00793880909498021 0.0622412439763794 0.0162928405634805 0 0.000443287996618622 0.0116106555284968 0.0215894477101915 0.656798048954791 0.00689062674392209 0.00859035048868318 0.101080824109621 0.000115302168482382 0.000677276044949188 0.102442546491839 0.0660383349381882 0.162537189863548 0.00134537184274621 0.0147282238796816 0.000477648136579079 0.00448127287559035 0.00191518051623816 0.00147319233294732 0.00155939948500517 0.00916201133396694 0.01222487448505 0.00568066294274819 0.0636793352605074 1.3971280562087 0.0255640766518282 0.0552948482055673 0.0239502614409381 0.0141523261276236 0.417329626115271 0.00180517696849813 0.0043074432060632 0.00357262999114497 0.00399168698541606 0.000301033256025606 0.00463292777649136 0.00179752183868133 0.0087733387389901 0.141114894959013 0.44581894700641 0.0677583359948754 0.00311100497137427 0.0025501037297969 0.000150161693212101 0.0195468545772445 0.00111879592413376 0.0102047390495726 0.0904832073454511 0.192220150080596 0.00167090793062377 0.00355366949967739 0.000188593243308938 8.04425476798321e-05 0.00013847691817509 0.000205516156019596 0.00059800492087043 0.00102843032072296 0.000673291157618039 0.00153098310557425 0.00391326550186559 0.00130291176827287 0.016024127648327 0.00408106534989709 0.000231102667675363 0.0034490975121547 0.000417793158110302 0.000464019407111426 0 0.00019975051125282 0.000199477259894898 0.000318602401040752 0.00807366588748306 0.0212370659433414 0.00149904174743292 0.000293104201292049 0.000184177449380728 0.000620706026590102 0.0118497080251466 0.0115057389321746 0.00266356660050131 0.000702525701257062 0.030150376560475 0 0 0.0833950856554748 0.0896450774909531 0.168075141406276 0.00146534903192747 0.00251103282947307 0 0 0 0.000798876093010208 8.84542768312367e-05 0.00899305256888448 0.00063234586870747 0.00128153085468093 0.0020607543660717 0.596855791589777 0.00431144793039848 0.0395598076046531 0.0817392242624319 0.000279474088065813 0.0083473260556223 0.00124307024755814 0.00222601517554352 0.000276214103360067
0.000609246096317153 0.000297795837347493 1.0055133813065 0.012677566231222 0.00016804703844777 0.088434978212667 3.0564419733531 0 1.02240961243599 0.10792860160688 0.00126880483746373 0.0175145391958033 0.000153085801454173 0.00214451973299085 0.00760870909771334 1.28613983725684 0.00712046590942372 0.00948331664841398 0.0019385299054117 0.00279368528367293 7.64773389430057e-05 0.000125482673356672 0.00566349642635818 0.0001569911349201 0.00448339838937837 0.0140737062553614 0.06992748060105 0.0253600887630509 0.0790809775396468 0.264245205525497 0 0.00299952536547251 0.0019501634049298 0.00141553726254623 0.000990430768515661 0.00184844789805545 0.00131991217670917 0.000585800358305051 0.00179360814964975 0.00367171307861986 0.0247512211751852 0 0.000703140638902618 0.00710042589984931 0.0914101184351247 3.11027467268605 0.000481831982529032 0.0133685237030569 0.0362399250380792 0.00105804829230972 0 0.00801551558572596 0.00446816180237453 0.0276008536133676 0.00285326226377716 0.0484273199025762 0.00116543598063947 0.0102267990633008 0.00175218542835588 0.00213492335677089 0.00127341004516304 0.00115136790486042 0.000396935183606768 0.000702753779972101 0.0671125502913943 1.63883193424242 0.0437060176543213 0.0324933995363713 0.0660154566823914 0.000530056476249381 0.657699695164337 0.00265013018818621 0.00474403549133501 0.00236308214178127 0.000890215560747256 0 0.0350920775675462 0.000813541335310285 0 0.0030033481203232 0.0824259401665868 0.156095912691744 0.00242744735585777 0.00106323812341368 0 0.00297833393145092 0 0.0003396637199749 0.0354440195951461 0.108490443054749 0.00162282647684287 0.00126949713385944 0.000503429017416129 0 0 0 0.000983405486073717 0 0.00055222564666035 0.00115371450000115 0.00693634484955713 0.00327126075133082 0.0627742370637841 0.00691923316786024 0 0 0 0.000361339236384292 0.000110875612805338 0.00107835348807246 0.000275449302968423 0.000349636440628219 0 0.00154419335147649 0.00306834980740988 0.00020941983613346 0 0.00034466924975891 0.0499712091106275 0.0405537857240651 0 0.00238845713037085 0.00284511504301293 0.000165844330216554 0 0.0091000243891214 0.00260525697381327 0.0576925290492441 0.00085951640097719 0.0081890144768915 0 0.000711335985363756 0 0.000315831336938069 0 0.000460384904193475 0 0 0.00483799723391674 0.263810553423964 0.0113843070636529 0.030787021059842 0.16668489751827 0 0.0115776017378168 0.000157099106013883 0.000940358552167257 0
0.000132870082531938 0 0.0600312879994618 0.00147030954709274 0.000450706172534926 0.060726781605635 0.199106873882557 1.02240961243599 0 1.23469923070434 0.00461316141263973 0.000708799597934451 0.000157003564498007 0.000840939333736094 0.000852463912701535 0.00718394910522941 0 0.00124907014527546 8.79081285621707e-05 0.0025951235664093 0.0007818892536923 0.000957835287014555 0.0154583259258415 5.40398903179614e-05 0.00384672497506095 0.0113501735533454 0.0204540497288702 0.0113264862450606 0.00311355300418913 0.997239830415079 0.000193966227737558 0.00180175992888539 0.0045159191337412 0.00345454959148928 0.000994121372895982 0.00505280639348302 0.0010295193160525 0.000379626975990258 0 0 0.0216250080047732 0 0.000573209880208865 0.0365202173501239 0.0131513236805479 1.91740883665701 0.000715666951274854 0.0112094864113902 0.00281781426363334 0.000651540049743972 0 0.00188628023731128 0.00140662381524599 0.00058016095489115 0.00616572491160756 0.0233941079474518 0.000833274846965736 0.00219314597379597 0.000505690069753676 0.00175554033334984 0.0031301752026624 0.000825715501902996 0.00165613457687463 0 0.197264236375228 2.99121320118224 0.0267556457936615 0.000424531009730118 0.000684008449193623 0.00118929601418913 4.65251898597479 0.00355139243272091 0.00299483574689042 0.00555851924617857 0 0 0.0018605856969922 0.000267801648164456 0.000178893497729014 0.00155717236293445 0.00194498860306042 0.00128655091111148 0.00126481192540527 0 0.000275255251145773 0.000308897087456022 0 0 0.000142822696283317 0.000718024887771396 0 0 0.000187282008649479 0 0 0 0 0 0.00021258660509459 0.00127892126659123 0.0027057475063838 0 0.00163254764728816 0.00371048332393985 0 0.000936542596263815 0 0.000350104593568676 0 0.000201302909972239 8.66281740274531e-05 0 0 0 0 7.19134238674878e-05 0 0 0.00309614225666993 0.00523069349529198 0 0.00340288332235104 0.000501915189265695 0 0 0.000400166846522564 0.000122101764269805 0.00145182839351205 0.000878026712191287 0.00337891525950175 0.000219245978032847 0.000886543466192427 0 0.000155068291197854 0 0 0 0 0.00351240160511765 0.010084082411873 0.00359745970669883 0.00033725336017176 0.00086062365075424 0 0.00382651455988509 0 0.000166989462719151 0
0.00416267801426976 0.0086089931832541 0.000506552248346467 0.0010636759468868 0 0.0933746382768367 0.133976043178702 0.10792860160688 1.23469923070434 0 0.034088883076403 0.000361300793001122 0.000836452198261062 0.000321582282184065 0.00160416962285643 0.003024845400232 0.000301929960012971 0 0.00496326949342633 0.0458388978133506 0.0044110724042914 0.0269878469016178 0.62195083350955 0.000956464318637635 0.0104197546496316 0.00589665623675624 0.0279874225704086 0.000384197377960027 0.000491349059368679 1.26539153088469 0.000312601400163318 0.00410046051468912 0.00623409151865176 0.00419148788703133 0.00168729357711873 0.00834043950077866 0.00504811586808943 0.00235781801304573 0.000496594047281178 0 0.0180459442671621 0.0109281553290857 0.00239911503083511 2.03112998264998 0.00231799172246447 0.0157909547470846 0.000651388219664324 0.0110835445939791 0.00260518094674463 0.00796006677376277 0.0115908941392504 0.00187874240600891 0.00426298976469189 0.00231218213271599 0.013704783519717 0.0533636472419754 0.0344588586411105 0.0649958373280983 0.0253412220225918 0.0244251847802306 0.118259583294648 0.000681118975345341 0.00337956238309756 0.0012232917999393 0.995189981582085 3.46615373416657 0.00625381679992931 0.00102849452938121 0.00144815403496235 0.00118276210671286 0.526414050648461 0.0113227974237633 0.00930829251328861 0.0104232288289225 0 0.000715501403052154 0.00267719804974129 0.000166471759183546 0.000227218056793044 0.0013580988122866 0.00392374180303839 0.00262355323634333 0.0093971055780862 0 0.000954690775119504 0.000311694680695709 0 0 0.000598255567893816 0.000562840800829874 0.000390909234000657 0.000414624459668363 9.34436614978482e-05 0.00200792704790988 0.000202691402766207 0.000463059470702985 0.00169609211727285 9.66403017658296e-05 0.00232445328211144 0.000719399854004654 0.00669289533002895 0.000221054092964253 0.000556826950007775 0.0114725600636279 0 0 0.000523992607886142 0.000403746058691087 0 0.00127160193601598 0.000667994661438182 0.000308973435608475 0 0 0.00272939259402131 0.00121030493796369 0 0.00537468579769341 0.00298217086794592 0.00754406038262493 0 0.00303283076348377 0 0.000614993879005321 0.00231005564615354 0.000872797111279196 0.000353436499397147 0.000624553892890605 0.00784007771207781 0.0144077271604086 0.001380601168021 0.00294243383543287 0.000470881180845921 0.00247010614120381 0.00149709126060827 0.000300310853531549 0 0 0.0191567885916535 0.0741133662686558 0.00516701978516977 0.000900790346629906 0.000866676998879393 0 0.020992909102674 0.00284930219870422 0.00214678689751817 0.000710436256191084
0.000196352525686015 0.0830248958946629 0.000181620898340458 0 0 0.000821130823424601 0.00136786699110804 0.00126880483746373 0.00461316141263973 0.034088883076403 0 0.000307765095395028 0.000546110090000611 8.77523901942441e-05 0.000437102408738809 0.00027999602558064 0.00338313502505475 0.0016040897565169 0.0713006329603472 7.41485902815776 0.0253104049987755 4.87597681757703 0.0291636012004246 0.000451249900538311 0.00342628384800058 0.000898337194531489 0.00916041447947761 0 0.000166120857698493 0.090576344687055 0.000190079886198749 0.00292214256160316 0.00110640561753057 0.00447813766238152 0.00107123902588971 0.00334442118548743 0.011735125422417 0.00483919611714301 0.00115049374380832 0 0.00332927583476085 0.708011422623305 0.00303403634510269 11.6793257527462 0.000674708171470631 0.00131834058527779 0.00271782281067135 0.0154244013968563 0.00167305346003084 0.0116492961798259 0.0304274949741409 0.000524703404759189 0 0.000360082888474278 0.000576245145364964 0.0150816774571345 0.103714823142543 0.347429730684239 0.0367850343917975 0.0280838392466697 0.295298703487598 0.000140364444758201 0.000458672527638331 0.00165397782005223 3.74392994406481 0.114480354029643 0.000786483573965643 0.000489309629029986 0.000400522191537924 0 0.0341767526275107 0.0238632373446847 0.0146325527618278 0.00243380681510925 0 0.00502979491980493 0.000453904438683754 0.000390594803027891 0 5.71357877179966e-05 0 0.000239941345026691 0.000304324414278174 0.00151477986486633 0.087084364930396 0 0 0 0 3.12246523227972e-05 0.000823706652189279 0.00108089108908567 0.00199354857553126 0.0317015985756085 0.00265068102195987 0.0380487754875239 0.00362582295673146 0 0.00326691720370332 0.000193543844710542 0.00508312503759942 0 0 0.00485342974590457 0 0.00064089634918971 0.000181814941846624 0.000812787253833729 0.000297435570570936 0.00110449713357945 0.0026546863746081 0.00105779283006863 0 0 0.00146078436024621 0.027303626467977 0.000305274304843333 0.117907141378802 9.13229797007142e-05 0.000507255382877681 0.000389550060584613 0.00219977996952998 0.000861511648488392 0.00309080699172609 0.00245056315962552 0.000334090568428688 9.31402176266964e-05 0.000252528563978784 0.000180539328651553 0.00890894868304602 0.00993635563872617 0.0170893160280436 0.00133502283414267 0.00923036466701461 0.00659414989484319 0 0 0.000459925982791848 0.0994353231175054 0.0451127939751849 0.000388780788495502 0 0 0 0.00238230479552445 0.00381841731297346 0.00566028991728311 0
0.00369254462874918 9.08876410264381e-05 0.0116479288676652 1.02092058093228 0 0.00479854097178961 0.0862452099542767 0.0175145391958033 0.000708799597934451 0.000361300793001122 0.000307765095395028 0 0.00457384591225694 0.766816724098722 0.105354497778295 0.173474892904483 0.0685036899900957 0.09098749057437 0.000624556714133536 0.000664315988461691 0.000111413747410379 0.000103538877120022 9.7928759352009e-05 0.00388721037250762 0.0207112619005139 0.101544215937864 0.00781352015273835 0.031825712359596 0.30310022715008 0.0027653034545455 0 0.0024801437741212 0.00652126492053113 0.00661867899514952 0.000615805133183453 0.0230166524605725 0.00657905808637797 0.010410035833372 0.0344063591994562 1.82191103073152 0.0986216939280939 0.000341096445711854 0.00117301011817641 0.000138043430752031 0.0912970801659606 0.00569527432440251 0.020786613881647 0.033261500299238 2.69206263692548 0.00364488935609361 0.000236974458778278 2.07340694289053 0.0213082574867233 0.221220787272967 0.0305479859918873 0.0249248939306705 0.00159564529769876 0.00447607783292334 0.00324375590622281 0.00707689577667153 0.000141466242379338 0.0140146320298954 0.000493486746472004 0.00524133461399697 0.00278022006270079 0.0131246611294665 0.138179823655822 2.56043068680538 0.115529879320136 0.000593385825664153 0.00244429811021917 0.019037841994089 0.0386655801213376 0.00837385947820192 0 0 0.00116982241104308 0 0.000308860618676708 0.00535768094790152 0.0304755541975012 0.00711809715749433 0.000379693842149211 0.000247674110576419 0 0.0019433780461679 0.000337849332977296 0.000468364950062319 0.00753156324088372 0.0143058148264505 0 0.000450932668616937 0 0 0 0 0 0.000171585718205889 0.000227250287967366 0 0.000899439671520706 0 0.000789558000091944 0.00086022927421268 0.000226152363024864 0 0 0 0 0.000224247825378956 0.00011796820780236 8.83431589102385e-05 0 0.00274111372252939 0.000434743550141009 0 0 0.00012825597863852 0.00111964416479598 0.0016074583018417 0 0.00155213689571389 0.000462285330244793 0 0 0.00451001726922705 0.00421627136953983 0.0138815600713914 0.000342019004632481 0.00120929013060017 0 0.000182143130240245 0 0.000441696500804764 0 0.000195974305356214 0 0 0.000755484906259686 0.0207755548774964 0.000908279809578921 0.00395666589924916 0.00707914404170441 0 0.00231469821951197 0 0.000196700621828618 0
0.125938100360449 0.00160138809555567 0.000538463622123231 0.000527025236148407 0.0345920308641122 0.0348821477693251 0.00241557225518399 0.000153085801454173 0.000157003564498007 0.000836452198261062 0.000546110090000611 0.00457384591225694 0 0.324606373365451 0.0308860850304319 0.0174006321155289 0.026269266951576 0.133394361250211 0.000261872834122752 0.00269977826341614 0.000242730991982451 0.00169154828009292 0.00024212929545497 0.73360154066027 0.000600540585316348 0.00107100603151703 0.000472859826096509 0.000107642965582588 0.00183950518234718 0.000613355248796988 0.00373170651763004 0.00532670900507404 0.000838304263573085 0.00280272795165477 0.00360636674300847 0.000633478410699655 0.00174070935855506 0.00407804975434721 6.16530246177203 0.0216748115114148 0.0045317520780825 0.00139715939369583 0.00282673629769879 0.00325272003695148 0.00134299629281617 0.000441831102998582 1.74938449188911 0.0215613039551902 0.53929691790395 0.000992024411056377 0.00110268970321605 0.144666177773098 0.0985157209568314 0.00962727152217456 0.000560086152352583 0.00160926858241395 0.00305286516209298 0.00178473909680036 0.00242685965027265 0.00198733708713065 0.00237646769305841 1.64806821380412 0.0151518206814676 1.20854448381628 0.00134354113417462 0.00780877851351487 0.00172328110207752 0.00530933466547611 0.000824514772492516 0.0174533813446222 0.000161159381922968 0.00780575322033832 0.00635135928218176 0.000624658965740793 0.000973824418090335 0 0 0 0.00152261003084124 0.012654776269322 0.000382789216600358 0 0 0 0 0 0 0.00014792289074224 0.000300587008381136 0.000606922214959452 0 0 0 0 0 0 0 0.000164067609345297 8.91251215499539e-05 0.000107111455169059 0 0 5.83638735193251e-05 0.000516506197387252 0 0 0 0 0 0 0 0 0.000323612896548753 0 0.000178129279936903 0 0 0 0 0 0 0 0.000393262687129539 0 0 0 0.00188405705285516 0.000189367356743375 0 0.000315925959609467 0 0 0 0 0 0 0 0.000985298085481007 0.000838749521931227 0.0129669009501117 0 0 0 0.00360708952337624 0.000422822818370215 0 3.83511703355858e-05 0
0.0425917889968904 0.000650392591413779 0.00150592443068441 0.00797894767434346 0.00684962432122886 0.0219424341283415 0.0305689517115495 0.00214451973299085 0.000840939333736094 0.000321582282184065 8.77523901942441e-05 0.766816724098722 0.324606373365451 0 0.114620206942861 0.0696230887181141 0.0169351768489575 0.0789608875062962 0.00054812210575684 0.000735907343026219 7.9049558903652e-05 0.000707717875795311 0.000520888805828231 0.0730543913374575 0.00400038392576712 0.00881732052322717 0.00128871709920986 0.00253113630438374 0.0167027903406449 0.00111626051756379 0.000202620146609529 0.00325238142043125 0.00124274401523509 0.00197959185004244 0.00108101474698894 0.00383500130865838 0.00150997896654485 0.00362669370159528 1.4987683002351 3.31379393722 0.0164978511070413 0.000661276070235124 0.00130194839720325 0.000493685076611572 0.0105233353636212 0.00127875068494931 0.0483039991510856 0.0133313680516332 0.767960557069012 0.00150489693170549 0.000289451833296053 3.90753062724593 0.141043307465162 0.0840910419743235 0.00532774172522267 0.00280969099124584 0.00010800616289009 0.00175980712861291 0.00127620441497185 0.00188949780320805 0.000874692112029876 1.04878063516493 0.000785972445395725 0.0532508728587897 0.00180937066139628 0.00816757065116618 0.00872605247941494 0.0638782402790593 0.00852531777407619 0.00263771308964742 0.000532836948445042 0.00698472459591705 0.00838333170109277 0.00145796609381313 0.000609408861291223 0 0 0 0.00185905010319454 0.0203876759802661 0.0053446951103188 0.000364856535770876 0.000121854556074013 0 0 0.000764839961205591 0.000771442143858323 0.000801894793491416 0.00264572628384625 0.00500715635449204 0 0.000143190572239165 0 0 0 0 0 0.000171475936346879 6.46976204101337e-05 0 0 0.000337239569433434 0.000153025589044328 8.24362527489459e-05 0 0.000845967350713073 0 0 0 0.000298944419199493 0 0 0.00190949032693593 0.000547213790927856 0 0 0 0 0.000221750806238307 0.000293056109431783 0.000288463935846908 0 0.00188309107291761 0 0 0.00310131956427595 0.0114545191001554 0.00330536452934318 0 0.000848306334918212 0 0 0 0 0 0.00158928911226625 0 0.000277572770369813 0.000588371262149638 0.0194322360721755 9.83751568884254e-05 0.000328915410391445 0.000861758521069744 0.00101514573973786 0.000244794231525798 0 0 0
0.500174168753824 0.000657056925004622 0.00582220497871126 0.0105731097401607 0.26645574914522 0.0900159689540499 0.0897182154503542 0.00760870909771334 0.000852463912701535 0.00160416962285643 0.000437102408738809 0.105354497778295 0.0308860850304319 0.114620206942861 0 0.979077238207866 0.0121155814342829 0.0365649824079006 0.00203876052459448 0.000772883220308356 0.000430020752669765 0.00036983038618069 0.000652576457806887 0.120228148245125 0.0177082620087471 0.0169968819691665 0.00658581517208532 0.0240515856063534 0.211677498454843 0.00328488182276849 0.00112469881813835 0.00327556937235264 0.000961876911706765 0.00325144252121059 0.000338434604287089 0.00394647811410374 0.00511051798031299 0.00832838927223832 0.0639670033151186 0.0467362660429646 0.00837897206724967 0.000261956722865636 0.00135526713744731 0.000331908137186485 0.1019209446974 0.00426465179764324 0.0225702713229491 0.0118645462863557 0.139557435813579 0.00204255590995123 0 2.33597369687108 3.52870206277728 2.22403799626184 0.00720564198661005 0.0208225683282691 0.00130671072761471 0.00479249472802929 0.00412649924726919 0.00382364137775983 0.00104557564979161 0.420895900362117 0.00180350870860256 0.0518151970997627 0.00291988548596022 0.0292870333700736 0.0501474161457864 0.806277464938495 0.661481276003837 0.0184556023103696 0.00354276339322664 0.0113340877237834 0.0302436158299916 0.00165809201248126 0.00318804806935647 0 0.000657011703426256 0.000376652927094737 0.00800473234082037 0.0904303790660491 0.0711408203049434 0.00500492212832958 0.000439763970461783 5.48713697126253e-05 0 0.00289352163421509 0.000340334210984197 0.00332417710150573 0.0189357937639064 0.0478672081738822 0.000430598793966412 0.00113513680900338 0.000139007561155702 0 5.31375733179842e-05 5.79103529190373e-05 0.000239345045506999 0.000945501861323643 0.000330685525832928 0.000339992384561248 0.000451870827369394 7.97673994775566e-05 0.00133940502668946 0.000585084882949774 0.000504453705581783 0.00104131785224011 0 0 0.000110429445381266 9.95693179445855e-05 0.000265158111532771 3.71287736522907e-05 0.00309770102223839 0.00284095657985708 0.000184681893395515 0.000173128994112787 0 0 0.00130365600224879 0.00136469624323447 0.00123148539781617 0.000179818594585714 0.00715223418959973 0 0 0.014181874450723 0.0356536092070967 0.0292710837942221 0.000288530321111524 0.000971368694980376 3.51703060486571e-05 0.000219327479130617 0 0 3.2905755371388e-05 0.00286215979252969 0.000902538187065718 0.00127911031818582 0.000525300705781224 0.0616364628000269 0.000353438937093652 0.0045328553843133 0.00318264277807551 0.00114299402606123 0.00110230776476319 0.00018170720521955 0.000464728439816742 0.000133517365228959
0.301388640080687 0.000339015024413269 1.58062998125828 0.0271138385965918 0.951459708747783 1.43847351927147 1.6069061806148 1.28613983725684 0.00718394910522941 0.003024845400232 0.00027999602558064 0.173474892904483 0.0174006321155289 0.0696230887181141 0.979077238207866 0 0.0221806102532767 0.0480670026694254 0.00236604904808474 0.00100555407697597 0.000186515109019597 0.000334435539058694 0.00131363223522723 0.0230125610321163 0.0121931395038777 0.0180151290905289 0.0503520397925265 0.023775472894069 0.272972561658117 0.040958843103213 0.00468032773038266 0.00644764742493146 0.0019406805183965 0.00213477802977805 0.00067874738519779 0.00348297106813417 0.00317957807221848 0.00543805917642132 0.0310283368200935 0.0727903839629225 0.0154181959229366 0.000385723107197994 0.00155296261158684 0.000687624305192077 0.146896388910621 0.228263215620709 0.0200062073722083 0.0227405247548458 0.242875062970966 0.00101745622624042 0.000118134328864828 0.21894164549387 0.763989605811234 2.66114691931482 0.00225951910576705 0.0470216108660079 0.00202899997882312 0.010140642132147 0.00179024865486334 0.00180225375202509 0.000856027519677994 0.0305029299138105 0.00609581404708026 0.0374593430481527 0.0133462595225799 0.195934551587981 0.0673686214470814 0.16985112477682 0.993555819891395 0.170079214355498 0.0209655140305396 0.00531801710396265 0.0162693247269016 0.00263670043333276 0.00423227205422011 9.82957791002643e-05 0.00928313814901663 0.00131876746916851 0.00840133822169873 0.117799834286583 0.179702769714041 0.097139013616628 0.00183054377959742 0.000342150279411954 0.00011485283123104 0.00661360560470418 0.000550659873266887 0.00477988050513225 0.0578569351601978 0.185647882289165 0.000404894179301238 0.0016917232182917 0.000315492244652099 0.000254661698739778 0.00016299004246987 2.57304189925543e-05 0.000689883563734226 0.00112703844459542 0.00117308887468379 0.000571355251966421 0.0040769715480115 0.0012558177361479 0.0317554036576707 0.00442585340364916 0.000313791099012009 0.00207018393059656 0.000247996635889497 0.000374540052655286 0 0.000371675229694817 0.000102468738107759 0.000206662127866054 0.00315462372084663 0.00266786181925962 0.00079820019933641 0.000169422758284131 6.04931969646057e-05 0.000570438649389077 0.0172964986604081 0.0212693393079609 0.00158841770749459 0.000754720350396858 0.00870851290885287 7.94787408677407e-05 0 0.0258268342177306 0.0450599164331651 0.0860619591602344 0.000899546449526871 0.00485066555545357 4.93124590139516e-05 0.000522915115216145 0.000170212670230231 0.00028324837005788 0.000142096755262592 0.00435209907843488 0.00135804781328643 0.00103310407277761 0.00216584102401522 0.165962001362935 0.0058231578588786 0.0238832127917888 0.0725567160906264 0.00104714233294062 0.00635017053666677 0.000234774482643198 0.00209630806430637 0.000162858256058293
