0 0 0 0 2.88380166653627 3.23524951281059 0.0433477260050708 0.00133818753640538 0 0 0 0.0111730007826976 0.172541318380939 0.174303925082369 0.729135403209209 0.555418912278736 0.0103410735673838 0.0593822767450113 0 0 0 0 0 2.61179705121133 0 0 8.0425192147082e-05 0 0 0 2.32127731324952 0.0397593175317759 0 0.000373778537807999 0.0016955351405274 0 0.000180760380000394 0.000164169068992519 1.16394020403802 0.10658090028433 0 0 0 0 0.00171686982646518 0.000149712702717315 0.388283674142661 0.00146699792828657 0.287678203604905 0.000332660232101917 0 1.81945298597338 3.73806577089714 0.100216786081343 0 0.000135622661529534 0 0 0 0.000156640583095963 0 1.018410215393 0.902227579286089 3.48047498932959 0.000140244858910009 0.119409433079544 0.00016673464130625 0.00635394562464843 0.000934548564311553 10.2913905612919 0.000117691163999458 0.00184714453506064 0.000194561667299919 0.000245806322407883 0.000223414589723067 0 0 0 0.000160656595576742 0.00164476906618238 0.000777612042278646 0.000117916176694609 0 0 0 0 0 0 0.000121379595283038 0.000146707272066775 0 0 0 0 0 0 0 0 0 0 0 0 0 0 0 0.00316671374669471 0 0 0 0 0 0 0.000640133545896537 0 0 0 0 0 0 0 0.00132118213937404 0 0.000366203934887337 0 0 0.000607857634472624 0.00056177174380799 0.0017705429830638 0 0 0 0 0 0 0 0 0 0.000791547749247383 7.58496885036545e-05 0.0237861086021768 0 0 0 0 0 0 0 0
0 0 0 0 0 0 0 0 0 0.000186300461241157 0.0201390041322613 0 0 0 0 0 0 9.98321110905892e-05 2.21136909083406 0.00667113170723386 2.52281134647085 0.145882689702865 0 0 0.00190394830706473 0 0.000113104752067661 0 0 0.000167876633206876 0 0 0 0 0.000288200111934228 0.0010075227267634 0.00042421367636659 0.000941135792037942 0 0 0.000843307427045997 2.5164952517023 0.000741380362155554 0.248516084531984 0 0 0.000153117841636925 0.00264021342353382 0.000276655646869203 0.00590976911115954 2.95587457894367 0 0 0 0 0.00115895879319047 3.88592061508948 0.0533094762715647 0.867030245525553 0.10004855051377 0.362230245625251 0 0 0 0.0133095568283223 0.00192347154905608 0.00085665383455707 0 0 0 0.000558259243390415 0.312242635931847 0.0190218273171405 0.000196780345490477 0 0 0 0 0 0 0 0 0.000172615852256416 0 0 0 0 0 0 0 0 0 0 0 0 0 0 0 4.0667992492428e-05 0 0.000166914226585983 0 0 0 0 0 0 0 0 0 0 0 0 0 0 0 0 0.000341433965131659 0 0.000282580371982609 0 0 0 0 0 0 0 0.000161379019762941 0 0 0 0.000231385535072001 0 0 0 0 0 0 0 0.000375031985416861 0 0 0 0 0.000113562068050103 0 0 0
0 0 0 0.00595468844128943 0 0.00311690123215013 0.0149285396583118 0.98377269807229 0.0217876996859934 0.000530802924528787 0 0.00255833916610283 0 0 0.00406939818148462 1.01739445968899 0.0123937002857709 0.00313404961813004 0.000396970123983088 0 0 0 0.000350851593252453 0 0.00481237363742855 0.00240923972871475 0.141942966578018 0.603338080398121 0.741120581576711 0.123574416162336 0 0.00177722200902456 0.000460276171437308 0 0 0.00180463367752027 0 4.22342894046525e-05 0 0.00102032664424101 0.0248369299251771 0 8.21335075576238e-05 0.000950940530791844 3.37836161199553 2.80770671128232 0.000731731677197173 0.0106712836601132 0.062013756765632 0.000682009973646549 0 0.00631686858047166 0.000189878958024705 0.0313414258544281 0.00373335300411645 0.0560865232303264 0.000333984101360358 0.00261372114793909 0 0.00019013588824893 9.68851009900398e-05 0 0.000177214419053624 0 0.00532340751838635 0.131315726213001 0.870058815540427 0.0265864164222296 0.346428412816491 0 0.0300840961677363 0.000315535945226748 0.00571885875890723 0 0 0 0.0903704703590874 0 0 0 0.000324752177486674 0.00469680755876285 0.000564573423590993 0.000595787190682803 0.000178884301980566 0 0 0 0.000171144836195736 4.78730629769977e-05 0 0 0 0.00014199350807138 0 0 0 0 5.09431013557167e-05 0 0.000407540778592518 0.00237327368732753 0.000279918358439104 0.000419528613143476 0 0 0 0 0 0.000112213773140087 0 0 0 0 0.0012396562991938 0 0 0.00062211203971409 0.00176165404502199 0.0110920995380483 0 0 0.000117715365087982 0 0 0.000218638973606671 0 0.000676854110481854 0.000143855324987298 0.0013317720067275 0 0.000118824060115564 0 0 0 0 0 0 0.000392276146841822 0.015602662043503 0.00767166481552073 0.000711114822202739 0.00172931356268008 0 0.00135584986703379 0.00035510039976038 0.000213680105415469 9.48293758682838e-05
0 0 0.00595468844128943 0 0 0.0133240642785458 0.0191159789390616 0.0314979424222895 0.00538879355553462 0.000337106924956254 0 2.12271581960415 0 0.00305849052941787 0.00979060841547273 0.00764881454795088 0.0258912689031124 0.0128437880407684 0.000305823432722308 0.000331016614390091 0.000228490310367393 0 0.000166360281651207 0.000234512916681612 0.0147751899547714 0.679229278187911 0.00864121709198331 1.49725566325111 1.11280870564913 0.00242915158931897 0 0.00140168882433889 0.000642009884585227 0.000391323694898337 0 0.0145701347801937 9.92142792641242e-05 0.000203795597475658 0.000709539023264465 0.0090048447817642 0.46991945285993 0 0.000459591545666123 0.00250282926187414 3.90088814809488 0.0551162163118769 0.00145982598335363 0.0322685331169146 2.16203756210138 0.000856644468410511 0 0.0196470125328923 0.00471934981859233 0.0223337728535179 0.0267236236848181 0.0914620773686426 0.000816349729749503 0.00371128897882242 0.000429790134127623 0.000656375223665902 0.000483895397399667 0 0 0.000846025079733568 0.0102874759261558 0.050608481612772 2.08467788269057 0.666605230404675 0.0692278964086256 0.000690810076058451 0.021984491573352 0.00102496570435774 0.0245500664055817 0.000192093494301439 0 0 0.000220635286299247 0 0 0 0.000292871794151423 0.000615462358757069 0 0 0 0 0 0 5.12237754267762e-05 0 0 0 0 0 0 0 0.000289552438620003 0 8.56753833989223e-05 0 0 0 0.00024934408888605 0 0 0 0 0 0 0 0 0 0 0 0.000733694434701841 0 0 0 0 0.000677062893817134 0 0.000120814405160977 0.000378136283147056 0 0 0.000266018932617903 0.000447467259113578 0.000289676700763982 0 0.000303268013940102 0 0.000481821893078844 0 0 0 0 0 0 0.000193957117760178 0.0090542755286091 0 0.000302274011532488 0.000132886470700116 0 0.000420891925705661 0 0.000103115194546213 0
2.88380166653627 0 0 0 0 0.887866159443653 0.00514509087927958 0 0 0 0 0.00930966513232152 0.00852780509672042 0.0201816896196973 0.0106652596753157 2.26512006533311 0.000776872824654218 0.00133951940530815 0 0 0 0 0 0.0226383470894725 0 0 0 0 0 0 0.659949315465708 0.000250556442076855 0 0 0 0 0 0 0.0685562759184291 0.0199130107679834 0 0 0 0 0.000707250984215358 0 0.0135542928998029 0.000790149513013805 0.0305387797481661 0 0 0.123306008430021 1.58254006270855 0.0292512314350922 0 0 0 0.000420814793551563 0 0 0 0.00936630803005471 0.0136211154595968 0.0322529121181934 0 0.0144403600046457 0.000409337358708906 0.00210272235696979 0.000599153620764179 1.58727942815059 0 0 3.40893687693833e-05 0 0 0 0 0 0 0 0 0 0 0 0 0 0 0 0 4.32464424456771e-05 0 0 0 0 0 0 0 0 0 0 0 0 0 0 0 0 0 0 0 0 0 0 0 0 0 0 0 0 0 0 0 0 0 0 0 0 0 0 0 0 0 0 0 0 0 0 0 0 0 0.00291861604844552 0 0 0 0 0 0 0 0
3.23524951281059 0 0.00311690123215013 0.0133240642785458 0.887866159443653 0 1.6354149597241 0.112911658656211 0.00174022364938897 0 0 0.16388063206113 0.0994270684018892 0.111568716266408 0.480782681481595 1.22167416121544 0.0175290829652426 0.0984491184413483 0 0.000101370640601934 8.08177989055454e-05 0 0.000413399911674134 0.434846685285511 0.000253519588502782 0.00132709844568379 0.000465340100895076 0.00121941938015566 0.00749478709100118 0.000184330325474444 0.170594217140386 0.244653745527871 0 0 0.000331014233792219 0.000102676504579575 0.000670441359955495 4.91569728161435e-05 0.298076588423689 0.225570830812637 0.00390873292451244 0 0.000116705226194518 0.000473835262779665 0.0181756457881276 0.00656392083998138 0.476533585515919 0.00538477106954559 1.05943041477132 0.000485081213689128 0 1.35450300450916 7.16495688862928 3.28153638810507 0.000630084736951284 0.0022996707282224 0 0.000542153315082166 0 0.000661372361779801 8.7618114713345e-05 0.151374925281205 0.937294851173331 2.09799734308247 0 2.70010939667425 0.00701261512874875 0.125770921254959 0.0247008264310821 1.98895588885171 0.00379958972297116 0.00222643421394479 0.000849511347786758 0 0.00946586082861242 0 0 0.000885363769141737 0.00826327158927413 0.193739456258716 0.029192880861396 0.0049417892926535 0 0 0 0.000735081850467209 0 0.00107728281249475 0.00292494799847476 0.00414871289463579 0.000152934036024122 0.00482437276634715 0 0 0 0 0 0.00976918848811161 0.000215917505664199 0 0 0 0.00102259261416091 0 0.0107720943116719 0.359753338526459 0 0 0 0 0 0 0.00503561784171018 0.00038367176445929 0.000107534984202587 0 0 0 0.00122195294392803 0.000499272696489042 0.0191947459297617 0 0.0105791579180572 0 0 0.02041521257946 0.033465745773408 0.0112963524672658 0 0 0 0 0 0 0 0.00278215777976783 0.0605691929625624 0.0092583944731764 0 1.22144249885401 0.000348477872308628 0.00154608714604014 0.00458898673626093 0.0102475266225304 0.000144774283766594 0 0 0
0.0433477260050708 0 0.0149285396583118 0.0191159789390616 0.00514509087927958 1.6354149597241 0 1.66759991484761 0.0183049327969652 0.000220694132128399 0 0.0412499518588709 0.00663834076652414 0.027766915471678 0.472576240474931 1.3732572769191 0.00744220775679172 0.0353325943662988 0 0.000285418562281491 0 0 8.04084534033822e-05 0.0172225728162825 0.00138414062933708 0.00812517493703042 0.00202400045447585 0.0020972460953007 0.0281743671291133 0.0019245201126183 0.00598814151809626 0.0233082009141013 0 0 0 0.00106859639452089 0.00017009742546213 6.19666637246574e-05 0.0455953663857216 0.0430503313767618 0.013072856481903 0 0 0 0.081728958944576 0.0352996661650983 0.0524215642881131 0.00484138682926998 0.461212061544993 0.000136452744793895 0 0.713721095735866 0.249688595338591 4.47823128686158 0.00237424160992109 0.00743844770311725 0 0.00246338660380293 0 0 0.000772383364851796 0.0330741705203525 0.0615959712588205 0.17050378481947 0.00428035804113822 3.61983962710761 0.0262589686661602 0.247508535727797 0.142261376794173 0.0632076476831291 0.0253613930169412 0.000330306147642068 0.00243708632569135 0 0.00261337610406809 0 0.000330968489504164 0.00264021930419273 0.00213151266425336 0.0226619604816454 0.0983074116401623 0.056968079472117 0.000668456378477632 0.000987728552846456 8.54746000331116e-05 0.00202366509662447 0 0.000220367585686061 0.006722430271794 0.010209147589669 0.000128031615839414 0.00149842825234906 0 0.000304639074397702 0 0 0.000892698105058709 0.00177336279612149 0.00026100444739886 0.000935525013973185 8.94621806181465e-05 0.000106092148430306 0.00152960381933676 9.03634731219951e-05 0.00121566386762132 0.0278035272137499 0.000195429791502166 0 0.000941781869443528 0 0 0 0.00254339245311664 0.00068783049579052 0.00340485299360995 0 0 0.00053496739258002 0.0129401031320985 0.00262321912557611 0.00622647067467454 0.00102239464796687 0.0312082345438483 0 0 0.0234363481364768 0.0545957603928339 0.0526164985626283 0 0.000920903231330371 0 0 0 0 0 0.00357603416131752 0.0032837175767324 0.00389229267467003 0.000640439125913258 0.651128042791969 0.00245032841263764 0.00781130840884877 0.0278892621347661 0.00180225908156761 0.00229261707268808 0 0.000453620899986119 0
0.00133818753640538 0 0.98377269807229 0.0314979424222895 0 0.112911658656211 1.66759991484761 0 0.868837808923561 0.00770304280549289 0.000814452935961441 0.0424956527243806 0.000927592004189406 0.00507952150783654 0.133605977780289 1.97231492152657 0.0457131935228947 0.0510965654467277 0.00129812989977409 0.000924280274194453 0.000110188312546338 0 0.000217887968521836 0.000706299708209983 0.0217166128382709 0.0160079544852594 0.0382638998014603 0.0119034483482108 0.403635375163513 0.0230638584480985 8.77103265982913e-05 0.0175167030922059 0.000651762526045326 0 0.000219286076207218 0.00817448105596878 0.000548645393663172 0.000385383654339932 0.0022896931010907 0.0242903438570969 0.0745634538741216 0 9.1841591124779e-05 0.00510913779388089 0.975341643872852 1.53685420386561 0.0104501025026607 0.0258747550335914 0.454463675457632 0.00107661386664919 0 0.164744095993267 0.0139841944703911 1.35525348510871 0.0176883814951386 0.10354556393223 0.0019475125729675 0.0269178925693664 0 0.000521365309508895 0.000379668152465071 0.000180540073771572 0.00322328321976 0.00676545851578446 0.0469903562968193 6.70999631973152 0.174933332117953 0.427512193822973 2.01136918467252 0.00096188264268246 0.307340838670391 0.00146053742242672 0.0304658741291319 0.000999446709256127 0 0.000695578660201302 0.00329997662370026 0.00149195304707786 0.000145935864194202 0.00245766257556568 0.0353569687895532 0.151260780038041 0.00562478656198268 0.000426784797717267 0 0.00138199431138342 0 0 0.00689050957949824 0.0115910002956468 0.00205363567497647 0 0 0.000175040190361795 5.3784098276357e-05 0.000435860605550048 0.00103827263410564 8.06434968451814e-05 0.000754455037093294 0.000656947957324404 0.00172747804075501 0.000226201631273808 0.00778705002270939 0.00246771055892183 0 0.000794516564972203 0.00026992309373329 0.000167050512773472 0.000672968495971094 0 0.00012065274733496 3.70298884067915e-05 0.000184479120454606 0 0.0149969208034636 0.000420657685901611 0 0.00345996875262078 0.0261262441383083 0.0295622476262109 0.000197465724284675 0.00306835820087926 0.0171884530265089 9.88501210272136e-05 0 0.0107586787315583 0.0104867324576309 0.0280443761834111 0.000208534374681303 0.00939384135035568 0 0.00257777806707888 0.000157974286605356 0.000109658011448095 0.000358788492976167 0 0 0 0.00687542906554242 0.626207899739244 0.0107748867737615 0.00954777444178559 0.0477265455596121 0 0.0141316881337233 0.00107926914869009 0.0021092973837378 0.0001823931903603
0 0 0.0217876996859934 0.00538879355553462 0 0.00174022364938897 0.0183049327969652 0.868837808923561 0 0.386440886159244 0.000771688693539769 0.000378512555247514 0 0.000433427908013909 0.00021297793937981 0.00559121640671417 0.0126547324429495 0.00234769070520898 0.00535912411829929 0.00429034852233445 0.00132316690253701 0.00140630689767695 0.00462010438247084 0 0.0125318725125347 0.00686641174805146 0.0428076218783428 0.0105802610292832 0.0110982908494899 0.310096629808631 0 0 0.00507305764780872 0.000917095251057966 0 0.00802879426237725 0.000561240626107776 0.0010196780519963 0 0.00208113410007138 0.137950165828075 0.000936467475754755 0 0.0915470703449781 0.137721823307128 2.44911348296009 0 0.0368163424912027 0.0510847489103563 0.0043553486666469 0.000367192212089387 0.00135765752712299 0.000162351420757761 0.00421697317993358 0.0112470949887549 0.126847570006756 0.00473825795293764 0.06442057750057 0.0034852081776816 0.0036847602816695 0.00471544292347472 0 0 0.0001712012420855 0.395825856683758 4.92533860118097 0.156447505396881 0.0144526823169087 0.025950278376401 0 3.55114098487027 0.00776658436655025 0.0396366398340784 0.00559882841127699 0 0.00015419890820139 0.000819180602049596 0.000213837830389477 0 0 0.000129311158524716 0.00515017177005338 0.00655986379663068 0.0115125568636574 0.00147387027722742 0 0 0 0.000178252296330457 0.000356658167293788 0.00263940147407936 0 0.00176120638297738 0.0010382908423898 6.58919784497624e-05 0.000246291105942664 0.000570800369638576 0 0.003121762632643 0.000271159266485327 0.00209470031384756 0.000123012237741471 0.000353033285670788 0.00419834595441826 0 0 0.00159656360166001 0.000135172052252556 0 0.000186629756965923 8.41310682050192e-05 7.25588131136531e-05 0 0 0.00724786805958544 0.000431012136124473 0 0.0246039297488759 0.00446812693665478 0.0172658415129689 0 0.00249513233755218 0.000846500151653232 0 0.00105034439510634 0.000803714339525041 0.00042925242554406 0.00133121621563224 0 0.0140864896922294 0.00258200562131961 0.0070884945656018 0.00147581538079306 0.00248586169826381 0.00179136652948106 0 0 0 0.0211823162111628 0.261001745861102 0.00250256417882557 0.00269311226704124 0.000964383573984197 0 0.050401117388018 0.0011600864406881 0.00530758724735544 0.000245239999073846
0 0.000186300461241157 0.000530802924528787 0.000337106924956254 0 0 0.000220694132128399 0.00770304280549289 0.386440886159244 0 0.0103117116902129 0 0 0 6.14249220623427e-05 0.000141518392362431 0.00273560846112575 0 0.00532259361871925 0.00720022593957137 0.00120853054804907 0.0644129465172051 0.169107015693488 0 0.00681214248639001 0.00168339618640485 0.0221747277959073 0.000527264397215557 0.000480163479445555 0.506250812697782 0 0.000279532290246159 0.00398543454586685 0.000170384281272799 0 0.00236408894085134 0.000184074286263559 0.000485418667520065 0 0 0.0401106795882937 0.000933561523144508 8.5362697090554e-05 1.28299842816169 0.00397178009610451 0.0301229963462889 0 0.0127777035563438 0.009797098423243 0.00325855268933729 0.00258650329097432 0 0 0.000501194732622563 0.0123750822477738 0.122757635591128 0.0184298449990884 0.104342422790496 0.013382447845985 0.00752306383790664 0.0975748685831674 0 0 0 1.66057603860049 2.00303446938368 0.0202037472623497 0 0.000602634349770478 0 0.479825558540668 0.00970079786928283 0.0242118266355475 0.0059609505559545 0 0.000324088787613669 0 0 0 0 0 0 0.000216750945180828 0 0.000178697275793741 0 0 0 0 0 0 0 0 0.000153662611381094 0 0 0 0 0.000204191946942003 0 9.70791492464207e-05 0 0 0 0 0 0 0 0 0 0 6.60337118212184e-05 0 0 0 0 0 0.0037608295913441 0 0.00057656476138087 0 0 0 0 0 0 0 0.000182078873237341 0 0.00169550425303254 0 0.00158110846049339 0 0.000216469278623354 0 0 0 0 0.00126278656958427 0.0266876889496188 0 0 0 0 0.00197152835674805 0 0.000519768253143017 0
0 0.0201390041322613 0 0 0 0 0 0.000814452935961441 0.000771688693539769 0.0103117116902129 0 0.000387688478608265 0 0 0 0 0.000966358229777281 0 0.110708813459115 6.82782567576481 0.00603742357088639 1.36562125441005 0 0 0.00299724350259863 5.42786648647237e-05 0.00155051828208124 0 0 0.141563954535369 0 0 0.000812019769372762 0 0 0.000146709687761986 0.000337293843162621 0.000635879483452638 0 0 0.00502215860582791 0.879579245487609 0.000130541986689131 7.80324798134878 0.000151453916757627 0.000614034342391828 0 0.00508346622364661 0 0.00321459922381125 0.0439851925852019 0 0 0.000177235331238181 0.000489256150843567 0.0109963156095753 0.770464458483871 1.02668772372266 0.013778839374438 0.010264024575064 0.0550565260894708 0 0 0 3.39551148706814 0.0223414207383158 0.00146330620637019 0 0 0 0.00672760719676957 0.0100837367419981 0.0213762730765314 0 0 0.00128056412217004 0 0 0 0 0 0 0.000500813276806157 0.000814239691154716 0.16362461097313 0 0 0 0 3.85151028330761e-05 0 0 0.000771350076576555 0.00119105203678235 0 0.0288040460252124 0 0 9.60401710473867e-05 0 0 0 0 0.000112492538012553 0 0 0 0 0 8.09110342245376e-05 0 0.000107331334593813 0 0 0.000604595018887245 0.017931555392822 0 0.03958320748102 6.12278173043432e-05 0.000101264527521485 0 0.000292120369610315 0 0 0.000342300251777533 0 0 0 0 0.000528701633161555 0.00313704278930186 0.00100685974575072 0.000124376224433391 0.000331383709128066 0.000667310757130446 0 0 0 0.00451381286948541 0.00879843274938206 0 0 0 0 0.00109203953124327 0.000157246508682575 0.000277713864579683 0
0.0111730007826976 0 0.00255833916610283 2.12271581960415 0.00930966513232152 0.16388063206113 0.0412499518588709 0.0424956527243806 0.000378512555247514 0 0.000387688478608265 0 0.000996488586796681 1.88029914725056 0.0456802111199708 0.0287067486440032 0.00764606994575985 0.0371239943066645 0 0 0 0 0.000636024731125971 0.00350203271837939 0.000841288143198229 0.00843682965902645 0.000685599974275719 0.00328831656596379 1.10524492885328 0.000328284140245412 0.000711180185306026 0.0068360607533952 0 0 0.00132502774654954 0.00278240946907692 0 0 0.0435214135101429 6.9184718948412 0.011711357397681 0 7.45305556117334e-05 9.13069994174717e-05 0.193026140667 0.00769452045429789 0.016982684878701 0.00522516753639791 2.25142533068478 0.000312281530284194 0 2.12616077449565 0.0827102903332849 0.0913644587709009 0.00212967246725667 0.00627521790482444 0 0.000594012309054523 0 0 0 0.00871224386015205 0.00556643339692085 0.0127268158275565 0.00167328326597528 0.034236363828403 0.0304716348905466 4.71085860094773 0.0767247278990287 0.00407926528966724 0.0048922136968 0 0.00148310308242514 0 0 0 0 0 0 0.000285814099915079 0.00190336012597071 0.00322857805309903 0.000380107300902096 0 0 0 0 0 0.000118193929820342 0.000265371816189381 0 0 0 0 0 0 0 0 0 0 0 0 0.000328924189325119 0 0 0.000491314028581241 0 0 0 0 0 0 0 0 0 0 0 0 7.60382416434549e-05 0.00012098077953738 0 0 0.00060677766233571 0 0 6.53605633336588e-05 0.000662578231837227 9.65812173674141e-05 0 0 0 0 0 0 0 0 0 0.000912371949829717 0 0.00684511012247165 0 0.000208089095347086 0.00116760793164595 0 0 0 0 0
0.172541318380939 0 0 0 0.00852780509672042 0.0994270684018892 0.00663834076652414 0.000927592004189406 0 0 0 0.000996488586796681 0 0.257331014907728 0.0105955074472913 0.00387766313458959 0.000678293996541492 0.00549707753795245 0 0 0 0 0 3.98949469588092 0 0 0 0 0 0 0.0304987108802943 0.0060071484414352 0 0 0 0 0 0 2.18011231429583 0.00563803606745011 0 0 0 0 0.000239398867925289 0 1.496219768755 0.000351574521178684 0.0465601346657927 0 0 0.255540983248128 0.010406993908417 0.00301561671704005 0.000343934897084897 0 0 0.000250901697088635 0 0 0 2.15913757257545 0.165063273957596 3.34324829310886 0 0.012463806557962 0 0.00146415294096328 0 0.175784137016989 0 0 0 0 0 0 0 0 0 0.000313939477392465 0 0 0 0 0 0 0 0 0 0 0 0 0 0 0 0 0 0 0 0 0 0 0 0 0 0 0 0 0 0 0 0 0 0 0 0 0 0 0 0 0 0 0 0 0 0 0 0 0 0 0 0 0 0 0 0 0 0 0 0.00172591496344312 0 0 0 0 0 0 0 0
0.174303925082369 0 0 0.00305849052941787 0.0201816896196973 0.111568716266408 0.027766915471678 0.00507952150783654 0.000433427908013909 0 0 1.88029914725056 0.257331014907728 0 0.0611767016968117 0.0169751023507826 0.00152367894428165 0.0150998327261586 5.36045921187788e-05 0 0 0 0 0.192992040162172 0 0.000147869450943154 0.000144390633912441 0 0.00189974081309729 0 0.00430367429695427 0.00572317071340715 0 0 0 0 0.000191917158839761 0 3.87014770561235 11.392356420526 0.00177720614187415 0 0 0 0.00722110336547457 0 0.0312525404302785 0.000406545335151592 0.778936176048293 0.000122192574730031 0 4.32772422102019 0.0584898821325262 0.0456583230177188 0 0.0011303732950029 0 0 0 0.000156409884128708 0 1.4505500000934 0.0256474055686065 0.26435071402508 0.000449965969920273 0.0285532442135275 0.000424686861537026 0.136655086439749 0.00598263366539051 0.0428399866197726 0.000200605166758782 8.05297868318976e-05 0 0 0 0 0 0 0 0 0.000535984707678461 0.000462684391513705 0 0 0 0 0 0 4.81990082445427e-05 3.27187017407924e-05 0 0.000364488395077349 0 0 0 0 0 0 0 0 0 0 0 0 0 0.00262381420375002 0 0 0 0 0 0 0 0 0 0 0 0 0 0 0 0 0 0 0 0.000718755619616807 0.00112837143853276 0.00172042213146159 0 0 0 0 0 0 0 0 0 0.000448465702530612 0 0.0080582278537089 0 0 0.000469606024680159 0 0.000389247210416544 0 0 0
0.729135403209209 0 0.00406939818148462 0.00979060841547273 0.0106652596753157 0.480782681481595 0.472576240474931 0.133605977780289 0.00021297793937981 6.14249220623427e-05 0 0.0456802111199708 0.0105955074472913 0.0611767016968117 0 0.145101479457574 0.00830717556827449 0.0356663511971994 0.000121881177141394 0 0 4.90831016190007e-05 4.01905571595939e-05 0.227950517355296 0.00063651774924119 0.00279735523842352 0.00116776351718467 0.00158932459222975 0.0653961183910138 4.5504724953167e-05 0.012145806300096 0.0137096786505498 0 0.000149612671930142 0.000352775888133997 0.00102824436509089 3.18745153894068e-05 0.000118561208401743 0.08572199509783 0.0422784587356132 0.00385683659250406 0 2.84976590637172e-05 4.74011238145366e-05 0.0674989316693004 0.00682105662468781 0.0502704971711277 0.00274648329341996 0.517328570271199 0.000181106585276246 0 5.57133168872946 3.13164440339371 5.4439351552695 0.000461484856527195 0.00301422303114244 6.00617616924662e-05 0.000150042672363066 0 0.000116405854151233 3.6700386663464e-05 0.145209535017507 0.0528305718806753 0.355734508717997 0.000828877204244743 0.269796225227789 0.0143394749572109 1.08421810604617 0.563786815625433 0.0880309780554654 0.00180815762661923 0.000245811805247818 0.00152610413947325 0 0.000110319192216689 0 9.32676545251348e-05 0.000356316124390983 0.000924971283737582 0.00585782197019297 0.00877507752492651 0.00724196882348381 0.000101392809959266 0 0 0.000318996635268837 0 6.87340108050365e-05 0.00218858635866503 0.00293824881719632 0.000301951566827347 0.000471030746795951 0 0 0 5.48136269678901e-05 0 2.98000038883375e-05 0.000165830320095677 0.000306839312201246 0 0 0.000416781608884641 0 0.000437868455186811 0.00457515027591146 0 0 0.000133558630811112 0 0 0 0.000123151148280737 0 0.000900310618822391 0 0 0.000159102317868257 0.00148952487487752 0.00117080200736399 0.000546228404404323 0 0.00289877158784265 0 0 0.0048614363361672 0.00800810591697329 0.00582224043523524 0 4.45559701002952e-05 0 3.02378477720397e-05 0 0 0 9.82873376781596e-05 0.00104568491244473 0.000934449621717379 0.000283766017175698 0.0730044932757446 0.000157491045313081 0.00108621556891615 0.00478284185196314 0.000565597486968297 0.000172659727031018 0 2.22098111642634e-05 0
0.555418912278736 0 1.01739445968899 0.00764881454795088 2.26512006533311 1.22167416121544 1.3732572769191 1.97231492152657 0.00559121640671417 0.000141518392362431 0 0.0287067486440032 0.00387766313458959 0.0169751023507826 0.145101479457574 0 0.00520525222344981 0.0128897088068571 0.00020390930787313 0 0 0 0 0.0227764677627607 0.00345216289404825 0.00490531689084938 0.0188527340194285 0.00363814571618377 0.419539288087926 0.00255828188491922 0.0157520297208156 0.00375152296054875 0 0.000242407485525754 0 0.00107653275456922 0.000177106382933457 0 0.0297306816491784 0.0217270178807635 0.00925452146724936 0 0.000105461699242155 0.000334159402869477 0.41894175883188 0.144809306800905 0.0113965306704591 0.00319357388956232 0.15141486717348 0.000122726409630908 0 0.222056801933314 2.13062023771844 5.22413019063237 0.00254525777466121 0.0264218059963822 7.17267265879819e-05 0.00092539854689472 6.17869440961991e-05 2.85286149701264e-05 8.74649230621174e-05 0.00585760437360736 0.0124120479328805 0.0410924878312898 0.00345426799991424 0.178044338727389 0.0694780443798045 0.121151508529761 1.17701690360945 0.14176489958954 0.0100984919109925 7.13652976707269e-05 0.00468769362898003 3.87439142144272e-05 0 0 0.000241079393661569 0.000133122212214207 0.000337138273291962 0.00056917027554449 0.0038466440115841 0.0107847059643141 0.000102029132089737 0 0 3.3518134502435e-05 0 0 0.0011531825597548 0.00182488898658904 0.000256871375298743 0 0 2.15899577333905e-05 0 0 3.45020192566857e-05 0 4.75307034318541e-05 0.000122511134395193 9.38742854456436e-05 0 0.00116878236956761 0.000210780370771287 5.19961831560514e-05 0.000272253934923312 0 0 0.000257358901949526 0 0 0 0.000109335171017636 0 0.000799910112473537 0 0 7.88952330712321e-05 0.00206597691141158 0.000985426775284267 0.000192232810520291 8.23302971558991e-05 0.00129104933210832 0 0 0.00150580389213868 0.00336505756008387 0.00416151383367032 0.000215993516968459 0.000401652801580369 0 6.50876262701782e-05 0 3.13765264701984e-05 4.20842955597359e-05 0 0 5.72219614307038e-05 0.000294983169545422 0.0395029620851196 0.000781039761490759 0.000784566360683105 0.00358099861298471 0 0.000807299477729186 4.81896534639766e-05 0.000388755259528788 0
0.0103410735673838 0 0.0123937002857709 0.0258912689031124 0.000776872824654218 0.0175290829652426 0.00744220775679172 0.0457131935228947 0.0126547324429495 0.00273560846112575 0.000966358229777281 0.00764606994575985 0.000678293996541492 0.00152367894428165 0.00830717556827449 0.00520525222344981 0 2.30117078555148 0.00184842102139968 0.000805472593290925 0.00522656285431572 0.000578735776681966 0.388246267526971 0.0194455183343639 0.00479280597465437 0.00839189907608063 0.00747859563629197 0.00463715340430665 0.0233537469551657 0.0034256242489789 0.0020201791242011 0.257686184191658 0.0180775333886434 0.0333723391692053 1.08584190867828 0.00614972442070453 0.0325778836593908 0.0372411797228356 0.00669801680375123 0.00200388294149378 0.16687468405611 0.000207464897526966 0.291659369056375 0.0128865197149509 0.225220405855181 0.0938657733069138 0.170166256705692 3.12909369654475 1.2603314318754 0.147072872592412 0.00318085072097078 0.0200893435506497 0.00955073182849536 0.00951499794047257 0.00548009411472654 0.0374570007885349 0.00649110321332791 0.0161749397115637 0.00482336768639014 0.0391950999526858 0.0199083818925377 0.00167959097294206 0.045215744063222 0.0285798036658989 0.0169301994285588 0.0559435401662068 0.0633512086485146 0.0482040504453862 0.0442746724984561 0.0187356545044685 0.0288609557455583 0.159348446947762 0.05681561905299 0.0109279792536136 0 0 0 0 0 0.000399423573113379 0 0.00160073174589697 0.000332890553131109 0 0 0 0 0 0.000300850191114539 0 0 0 0 0 0 0 0.000699112104422217 0 0 0 6.29820081100296e-05 0 0 0 0 0.000324371577032627 0 0 0 0 0 0 0 0 0.000332823435602481 0 0 0.000229515102536511 0 0.000260119698464055 0 0.000178468224387069 0.000622783083204403 0 0 0 9.90782534186843e-05 0.000192243850898896 0 0.00057206872937393 0 0.000171720345254377 0 0.000658824026534596 0 0 0 0.00126709022631478 0.000599697368208683 0.00593490521266081 0.00031967586606836 0.000367437103014396 0.000398593782015275 0 0.000430326251891655 0 0.000208908824718026 0
0.0593822767450113 9.98321110905892e-05 0.00313404961813004 0.0128437880407684 0.00133951940530815 0.0984491184413483 0.0353325943662988 0.0510965654467277 0.00234769070520898 0 0 0.0371239943066645 0.00549707753795245 0.0150998327261586 0.0356663511971994 0.0128897088068571 2.30117078555148 0 0.00060373948385758 0 0.00212099602189642 8.00440769362538e-05 0.0237462763678763 0.292838649094901 0.000393175573868245 0.00297278713761092 0.000744465149603983 0.00131586541390133 0.0268803196307512 0.000343299534276247 0.0184287820064336 0.907609857524901 0.0015043335647069 0.00295282267811977 0.513983141290462 0.00199274268689825 0.0118846395894771 0.0103133092572276 0.0117437446472189 0.0452715829569099 0.0167643772120549 0 0.0185735018432073 0.00367974260319429 0.0674145679551335 0.0145059040260712 2.36307458879365 0.33317437607712 4.27413985770096 0.0300589698784249 0.000254887076640639 0.201213320916082 0.0321753747291471 0.0575389725531908 0.00254690231665343 0.00570039965062237 0.00228660836150765 0.00428588391934957 0.000849336985570496 0.0134141070077369 0.00396200936656076 0.0195961075423107 0.589781549851322 0.154759735203939 0.0021592986092074 0.0632034158450543 0.0183268592186817 0.201758212897037 0.0788202813465077 0.0820178445880338 0.0047111823565249 0.0503249652400837 0.0177321187525105 0.000748786924787637 0 0 0.00051176096528615 0 0 0.000326779634539729 0.00143641951337416 0.00395694255479981 0 0 0 0 0 0 0.000317989471026511 6.95632703943336e-05 0.000527038190603069 0 0 0 0 0 0 0 0 7.48561461705209e-05 0 0 0 0 0 0.00094171084616234 0 0 0 0 0 0 0 0 0.00104931742557843 0 0 0 0.000992909339165089 0.000687977333522794 0 0.00024105166382668 0.000224347818287191 0 0 0.000174664092019316 0.000664657971432626 0.00274754818712328 0 6.64352243273077e-05 0 0 0 0 0 0 0 0 0 0.018024646061547 0 0 0.000838261645627605 0 0.00010834114540071 0 3.22532282522317e-05 0
0 2.21136909083406 0.000396970123983088 0.000305823432722308 0 0 0 0.00129812989977409 0.00535912411829929 0.00532259361871925 0.110708813459115 0 0 5.36045921187788e-05 0.000121881177141394 0.00020390930787313 0.00184842102139968 0.00060373948385758 0 0.619086555387817 0.0570055500522116 0.0636757981439473 0.000257952593222221 0 0.151480935710714 0.00152505229108197 0.00214462693322587 0.000280324184742881 0.000137995040660277 0.00538191958912527 0 0.000122650578153897 0.00267832840808117 0.000729039647456462 0.000689373723046743 0.00189211473749094 0.00291919205422771 0.00605195550509882 0 0 0.0142540630691733 1.08219260991261 0.000559951550915358 0.418406175057405 0.000931049476415782 0.00502882477373476 0 0.0293128126399325 0.00296476509145247 0.0102431880008642 0.198288316031844 0 0 9.30734135934147e-05 0.0028841379410863 0.0513504999191072 4.10844553213278 2.53962237160599 1.04724387216327 0.0652642845298159 0.17666827251064 0 0.000210653588443889 0 0.15582081919251 0.0247727473194304 0.00298487067131436 0.000822731116754421 0.000150254397729727 0 0.0159915158404041 0.165323491073823 0.905774582144751 0.00211740873039443 0 0 0.000179668550997361 9.4441549280005e-05 0 0 0 0.000279701191914214 0.000236715069802915 8.23399737485643e-05 0.000138249259491498 0 0 0 0 0 0 6.62562549494823e-05 0 6.05024087246362e-05 5.22116243270579e-05 0 6.68288146103866e-05 0 0.00010873715073044 5.24475303519535e-05 9.79557226150245e-05 0 0 7.91683851568241e-05 0 0 8.48529446779173e-05 6.50376251305476e-05 0 0 0 2.80874918296612e-05 0 0 0.000519634694965072 0.000158766493227047 0 0.00142175526712156 0.00016191773508753 0.000783587639992416 0 0 0 0 0 0 0 0 0 0.000761620668039085 0.000114713778868165 0.000412148722838251 0 0.000287678513976075 4.16875033759443e-05 0 0 0 0.00121403517181095 0.0078556044964201 0.00010088871181186 0 0 0 0.00189058871390588 4.31247123796469e-05 0.000508193472310542 0
0 0.00667113170723386 0 0.000331016614390091 0 0.000101370640601934 0.000285418562281491 0.000924280274194453 0.00429034852233445 0.00720022593957137 6.82782567576481 0 0 0 0 0 0.000805472593290925 0 0.619086555387817 0 0.00494212439118357 0.1864463204164 0.000303577673667947 0 0.00505587021512488 0.00110765159188528 0.107483968270955 0 0 0.00373102838356469 0 0 0.000307804675000724 0.000184791851713176 0 0.000354112658561469 0.00105711600746572 0.0016424404545739 0 0 0.0113924436801842 2.27196428061512 0 2.67679559334792 0.000710718352531968 0.00568159966147342 0 0.00818498507249024 0.00242365059108455 0.00248754951279395 0.0799823424245372 0 0 0 0.00213478786004318 0.186314008420657 1.39582247697884 2.80062594016465 0.0119663644910875 0.0169131165421268 0.0560149911967779 0 0 0 2.53760129014003 0.0226226362169583 0.00438698749158595 0.000293584086497323 0.000460387472167765 0 0.0238819894945137 0.0102989556360576 0.0289216204663776 0.000761340991899645 0 9.6257202943555e-05 0 0 0 0 0 0 0 0 0.000234030951204056 0 0 0 0 0 0 0 0.000214362787673435 9.7771911899509e-05 0 0 0 0 0.000116786536561811 0.0001608140592108 0.000158173142598179 0 0 6.85165828821265e-05 0 0 0 0 0 0 4.16115583111928e-05 0 0 0 0 0.00179108647834305 0 0.0035226911513935 0 0.000486686612830642 0 0.000209507512658649 0 0 0 0 0 0 0 0.000694579419795291 0.000497156784913879 0.000245207127082453 0 0.00014481903173247 0 0 0 0 0.00165159244876599 0.0106461231555964 0.000317122228351332 0 0 0 0.00199165679939709 0.000197660237896812 0.000188632385873618 0
0 2.52281134647085 0 0.000228490310367393 0 8.08177989055454e-05 0 0.000110188312546338 0.00132316690253701 0.00120853054804907 0.00603742357088639 0 0 0 0 0 0.00522656285431572 0.00212099602189642 0.0570055500522116 0.00494212439118357 0 0.0433982354608071 0.00239838604539226 0 0.00988561841545938 0.00259682239157005 0.00097777076146776 0 0 0.0013098096248709 0 0.000990762023462759 0.00196310753463742 0.00354261662240793 0.00447321734707506 0.0153141107998499 0.0244390077293413 0.0262480381123122 0 0 0.0209201946751168 0.0317688513277189 0.0042828480602094 0.158542271690689 0.000353161252521503 0.000691535538138568 0.000236636016949584 0.017288646887471 0.00149408627253407 0.541621623159646 0.500997973938196 0 0.000117050351487128 0 0.00303410025337491 0.0281153186639343 0.419877350475988 0.0724624826235675 0.459141629247651 5.03488370653762 6.83416816433245 0 0 0.000104527034598266 0.030034110494136 0.00578486797585616 0.00321520601167949 0.000183637509284587 0.000104434297819207 0.000648289263380231 0.00229645866344594 1.78843009362412 0.242210099620137 0.00214253339171152 0 0 0 0 0 0 0 0 0 0 0 0 0 0 0 0 0 0 0 0.000210180399874655 4.1076074399328e-05 0 0 0 0.000192191445532021 0 0 0 0 0 0 0 0 0 0 0 0 0 0 0 0 0.000296155727212295 0 0.000488985709529235 0 0 0 0 0 0 0 0 0 9.78985022063185e-05 0 0.000281493573133205 0 8.85408049211894e-05 0 0 4.48807351884377e-05 0 0 0 0.000331244318423453 0.00249516494549546 7.66168102537962e-05 0 0 0 0.000273135783552942 0 3.34312877956794e-05 0
0 0.145882689702865 0 0 0 0 0 0 0.00140630689767695 0.0644129465172051 1.36562125441005 0 0 0 4.90831016190007e-05 0 0.000578735776681966 8.00440769362538e-05 0.0636757981439473 0.1864463204164 0.0433982354608071 0 0.211429168424679 0 0.00522390055251188 0.000247998983439243 0.000608654730811474 0 0 0.00457872289485067 0 0.00153737662161392 0.00025812431991085 7.85480753097822e-05 0.000298574033508352 0.0013557735571526 0.00152418642078122 0.00198011267407032 0 0 0.00268746014393769 3.35728623215655 0.000392641191627108 11.1299312389726 0 9.62180196532152e-05 0.000103353433332665 0.00868560937902049 0.00135867319938265 0.00802898965593213 4.18626454336262 0 0 0 0.000300608290819723 0.00610606425592073 0.740783438234763 0.18743825829668 0.0731911971669741 0.0533996350266786 4.71292946039633 0 0 0 0.0656621351806734 0.00528451398073034 0.00108040654948482 0 0 0 0.00157672590820146 0.0486143928301944 0.0421032131360964 0.000278609401173455 0 0 0 0.000378513801687535 0 0 0 0 0 0 0 0 0 0 0 0 0 0 0.000186975843510488 8.35007435804084e-05 0 0 0 0 7.05990086866271e-05 0 0 0 0 8.46002893717564e-05 0 0 0 0 0 0 0 0 0 0 0 9.05517473600746e-05 0 0.000124773843209192 0 0 0 0 7.27051169947882e-05 0 0 0 0 0 0 0.000256678828537536 0 0.00020105836896293 0 0 0 0 0 0 0.000366051145999913 0.0016325203496428 0 0 0 0 0.000371100108595661 0 2.71060434527133e-05 0
0 0 0.000350851593252453 0.000166360281651207 0 0.000413399911674134 8.04084534033822e-05 0.000217887968521836 0.00462010438247084 0.169107015693488 0 0.000636024731125971 0 0 4.01905571595939e-05 0 0.388246267526971 0.0237462763678763 0.000257952593222221 0.000303577673667947 0.00239838604539226 0.211429168424679 0 0.00271635007486697 0.000235099582091885 7.08185141627482e-05 0.000102687931036134 0.000103619739733572 0.000302577201137547 0.00100539246806487 0 0.0156497063297221 0.00900176109751029 0.0683519087858808 1.78894829787828 0.000673684978523908 0.0598190884790672 0.0530849308603243 0 0 0.0121890332589577 0.000420962939007717 2.25474770946854 0.457155783720508 0.00340674809404368 0.00115856737817319 0.0104552834161722 0.496226533920343 0.0128727448206127 0.353294484166996 0.000508502409434255 9.08072635147708e-05 0 6.60425251870281e-05 0.000344678595166452 0.00249878935163161 0.00163369874359377 0.00244094447947571 0.00083553529949737 0.0139709192669105 0.970501679782778 0 0.0101542118040138 0.000724938805725134 0.00882759089190922 0.0149413334316074 0.00188070324414958 0.00260484250199533 0.00115834408581484 0 0.00626552937408274 0.0614383977150403 0.0738359697683497 0.0050793983185736 0 0 9.74965956564442e-05 0.000153067413485487 0 0 0 0.000163877880521145 0 0 0 0 0 0 0 0 0 0 0 0 0 0 0.000158421639728002 0 5.93235594892102e-05 0 0 0 0 0 0 0 0 0 0 0 0 0 0 0 0.00029515301435741 0 0 0 0 0 0 0 0.000394043166070897 0 0 0 0 0 0 0 0 0 0 0 0 0 0 0 0 0 0 0 0 0 0 0 0 0
