0 0.000350476336963262 0.00160396883974906 0.0006618693154056 1.62134022372654 0.554525106997119 0.0253321523568728 0.000140290621047992 0 0.000391113352707811 0 0.0020352956712575 0.184859013468401 0.0475532776008012 0.896915032502285 0.215799727501911 0.00931717555963964 0.0498615898338481 0.000141615109977226 0.000327283650465424 0 0.000245958908987919 0 0.522216960098472 0 0.000663119529934549 0 0.000705190843504976 0.000579657608194379 0.000290645762962505 1.62787779264447 0.00600662163263324 0.000540019298747411 0.000777235697180108 0.00530064271653769 0.000127403192049513 0.000443202285054073 0.000993322159710309 0.838657915217848 0.00207740032142051 0.000345528915654234 8.74987323048397e-05 0.00250186624322904 0 0.00101853387125773 0.00173693362978699 0.488156624783374 0.00816852519737003 0.135512663685677 0.003794300062147 0 0.694535628852122 1.83873968282696 0.0738230154354804 0 0.000404117914536268 0 0.000894214443200338 0 0.000490942690924805 0.000217824299786062 1.36832482841969 0.472466395637167 1.12259077270664 0.000434745389708281 0.0592322793304304 0.000614101536250436 0.0051011761686652 0.00120272224446715 4.93556868156184 0.000939776348060299 0.0020759245295923 0.00109029623412156 0.00127044338803567 0.0297477607877547 0 0 0 0.0190381599821689 0.064848717173292 0 0.00124259540675548 0 0 0 0 0 0.00128074333365527 0.00181794675236227 0.00387591622171253 0 0 0 0 0 0 0 0.00114890433745327 0 0 0 0.00023076791102649 0 0 0.00146226208242783 0 0 0 0 0 0 0 0.000590591384987786 0 0 0 9.84952734643706e-05 0 0 0 0.00136232936191923 0 0 0 0 0.00168398476451444 0.0286320001966162 0 0 0 0 0 0 0 0 0.00378576035171982 0 0.00936330218033299 0 0.10692013607756 0 0 0 0.00139293689137149 0.000178159134882616 0 6.75951034962092e-05 0
0.000350476336963262 0 0.00119104354298022 0.000507080192836165 0 6.82674910240126e-05 0.000429298177238475 0.00033335351797998 0.00109467857971477 0.0028685561471752 0.0442749983590904 0.000333960330769871 0.000258442512059868 0 0.00049379889238842 0.000395690723691769 0.0103007460187241 0.00554135206558816 2.82079775376129 0.219652013851724 1.69826242932057 0.742193702448291 0.00176957939128506 0.000292936250699961 0.00682308234913902 0.00089877157580415 0.0102049663111754 0.000734508307245881 0.00102206775150009 0.00782452482575542 0 0.00148175192419134 0.00120531049330685 0.00329020226003003 0.00797444938618329 0.0012416818991478 0.0295559012055363 0.0254655400636726 0 0 0.00240468608799245 3.3786177822696 0.00841837754097878 0.774222597644718 0.00134833217336021 0.00177178340944453 0.0061467274351681 0.0268349403673772 0.00183402192357812 0.129524439383432 5.80769071201104 0.000758204547750659 0.000655187664453992 0.000524127869355089 0.00265914579687573 0.0283695278781333 3.12132960039179 0.363511226258618 2.42889453535256 1.10647201461494 0.350051256847986 0 0.00061600486943407 0.000606786998534198 0.0862992084149958 0.0371423530113503 0.00285975271447578 0.00121767914661325 0.000740820651465411 9.58144357499678e-05 0.00163980804940556 1.20246174328538 0.104099800690479 0.00231194632700993 0 0.00447995986944132 0 0 0 0 0 0 0.000154739110872044 0.000227305546744425 0.00632209110595825 0 0 0 0 4.44256878189245e-05 0.000330075077078759 0.000357512720312352 0.00381002180010252 0.0090102203032255 0.00368787888437418 0.00264022560220777 0.000598002321595539 0 0.00257531445285645 0 0.00350333140070469 0.000108039741652452 0 0.00377086962419618 0 0 0.000213705255799918 9.66187209985158e-05 0.000222940852653442 0.000348667476917223 0.00104560379004144 0.000161262286960537 0 0 0.000257240001395737 0.00837805575379434 0.000419983106657494 0.0148192539515306 0.00037073398942197 0.000151265806313992 0.000647678048479955 0.00144425701345417 0 0.00250767370810745 0.00122468600053797 0 0.000115201474558228 0 0.000277405329159429 0.00664589945970316 0.00618941081877583 0.00829630188203066 0.00469693031775074 0.00362026993172948 0.00423373484937987 0 0 0 0.022071776522612 0.00598880345129951 0.000693501774455832 0.000150808264119282 0.000230474717960179 0 0.00144942022171394 0.00143124304593571 0.0034130879386846 0.000207547717367085
0.00160396883974906 0.00119104354298022 0 0.0255413415505825 0.000729873936892368 0.00880333091512186 0.022831237249747 0.824001339214189 0.0250910762086382 0.00050440282921539 0.000475402385101277 0.00209773213583607 0 0 0.00568300178173481 1.03797024690186 0.0562962460855466 0.00813900993860979 0.00572501208372835 0.00207127559125824 0.000482381822845167 0.000665720306665058 0.00533568428026114 0.000418006660493891 0.0162443510558384 0.0346525724729194 0.728670163685224 0.42388911227688 0.60398583952717 0.184470900955025 0 0.0217744165736229 0.00642262645800454 0.000835040505971709 0.00128534905693926 0.00844987221925413 0.00022377250091859 0.00152240911078649 0 0.000874766501546448 0.0629193490541726 0.000756732932760951 0.00163654148823308 0.000867140894041872 3.02188581852896 3.51781556111026 0.0018686695771771 0.0296334264915821 0.108779652711243 0.000677962836725674 0 0.00985413293110089 0.000881558771980463 0.0203367577163853 0.00717185877106888 0.0697051576833641 0.00224638661858664 0.0101774099529383 0.00206779172874658 0.00101565857562548 0.00023780551185737 0 0.00087681596881415 0 0.0244144407052524 0.125692829376862 0.801890646024436 0.0263060532394108 0.0701072237614928 0.000481241774952668 0.0393837279333402 0.00381757244346142 0.0141658218720979 0.00344720080003997 0 0.000545538374773068 0.146755808234397 0.0012310660973527 0.000503987879691328 0.00216708782331739 0.0138407130033872 0.221252770039285 0.0591933481143446 0.00367898323589846 0 0.000328089781249563 0 0 0.00108554278976375 0.0649972173921765 0.00190221217051541 0.000799245881033344 0.000200221996383564 0.000354834447551856 0.000206276880183199 0 0.00149380495766156 0 0.00214778430247646 0.00234161591099377 0.00818056060364197 0.011843815740979 0.0594505371175837 0.0176854105238415 0 0 0.00120468811839087 0 0.000584903784386543 0.0003494544667746 0.000301269901406748 0.000282638148365662 0 0 0.0108673447687134 0 0 0.000339192648360059 0.0448361949779884 0.21040438990788 0 0.00288336080935148 0.00287295362846718 0.000178536523348285 0.000611160875132043 0.00157070890642866 0.000153090741654316 0.00490623533050564 0.00159038774118074 0.00812751386244828 0 0.00100999036328688 0.000901341565156061 0.000264073898860774 0.000229954587600071 0 0 0 0.00437793519545036 0.240905375112754 0.0260560732670572 0.00253247335099626 0.0384955572768305 0 0.0269867728989785 0.000218381609398442 0.0020154918940063 0.00144580727703576
0.0006618693154056 0.000507080192836165 0.0255413415505825 0 0.000534783220747376 0.000325876013520578 0.00451913899389777 0.00834846786616081 0.000599577789478636 0 0.00019066950463297 0.137359930443216 0.000167666150628283 0.000357164109945769 0.0138998211072695 0.0330723332514176 0.119319405437166 0.0590670135638924 0.00137278617310509 0.000693633302977482 7.21193624113499e-05 6.6120398240649e-05 0.000791345773603069 0.000690268584536059 0.00641021214418004 1.17580606454556 0.0101967859110176 1.61875182619203 0.845309381754722 0.00470786818690399 0.000291086285777068 0.00510673106072819 1.32527650327357 0.227714455758053 0.127434167279903 0.122644736273072 0.00297456825550569 0.0107217835718818 0.00078181040109377 0.00823845812773247 0.28748955253479 0.00067581223008754 0.00125190446303918 0.000453595139778204 2.78842791852871 0.0134572039548035 0.00365212874171651 0.159077336841285 2.46381608192974 0.00357125425703302 0.000114760131361474 0.0261987503995894 0.00167417902276213 0.0345833249922659 0.031424743486507 0.0125807046799233 0.000604478820414972 0.000995176394575938 0.000309320820216225 0.00321882518012906 0.000118294962586155 0.000392615970436903 0 0.000101566226051074 0.00135342192049543 0.00562602824289968 0.601147594984777 0.784975726882313 0.0554899216199751 0.00026329289153063 0.00274910156481392 0.0158616435136167 0.0546302999422317 0.219472568398232 0 0 0.00256563654077477 0.000164233974014745 0 0.000429377979598971 0.00169944000253865 0.00481499804310061 0.000443291598469847 0.000315479289504171 0 0 0 0 0.000324143720498628 0.00129755654992095 0.000127832234558655 0.000112920717614815 0 0 0.000142732107862114 0 0 0 0.000274904594744807 8.53137051259308e-05 0.000613754515416278 0.00014501841435826 0.00112248683389491 0.001504960284976 0 0 0.000272621037718239 4.89049803515662e-05 0 0 0 0.000108157628589219 0 0 0.000322524919618048 0 0 0 0.00185902063040807 0.00566466660170267 0 0 0.000229928484149232 0 0 0 0.000191036662424663 0.000366844319848569 0.00014409978485232 0.00123313409998637 0.000139095473983524 0 0 0 0 0 0 0 0.000394959753376242 0.00685791738100302 0.000702774022509345 0.00047966649053259 0.00136741768655196 0 0.00183370977170599 6.71426691680813e-05 0.000344591290109108 0.000190748418955597
1.62134022372654 0 0.000729873936892368 0.000534783220747376 0 0.825350860014493 0.0335943082049676 0.00134111241842131 0 0.000637530603061643 0 0.000471240232482545 0.0130249744554135 0.0053308410542999 0.0949244195102277 1.70739563765962 0.000811990445101968 0.0184341900203077 0 0 0 0 0.000309617239882105 0.00888469323204212 0 0 0 0.000289243247190448 0.00106430253536342 0.0003794861860497 0.0404977939541951 0.00386528350087348 0 0.000574618268308047 0.00145792787153626 0 0 0.000360362991017774 0.0672982117345323 0.0016930408341724 0 0 0.000600282869396878 0 0.000548677579912874 0.00130195756145493 0.0613725847104881 0.00114321449607171 0.0596979288072623 0 0 0.0986735533657034 0.998923915624038 0.0575455164870862 0.000348706746782401 0.000148067902899407 0.000282179728476389 0 0 0.000529932874196448 0 0.0860519427791881 0.0130874537950375 0.0471473438054062 0 0.0420179667213249 0.000345187650106299 0.000661275998689273 0.000293502575205284 1.37454057698389 0.000453925146167378 0.000863784226356568 0.000393601635155613 0 0.0344965861748056 0 0 0 0.0230500443768923 0.0674786178962496 0.00166094764359578 0.000220456775772648 0 0 0 0 0 0.000518595379362293 0.0034885796679174 0.00453212397263819 0.0006370695716202 0.000236889958738835 0 0 0 0 0 0.000283167133966592 0 0 7.33886853764194e-05 0 0 0 0.00171625838109581 0 0 0 0 0 0 0 0.00245901754095443 0 0 0 0 0 0 0 0.00525882037972421 0 0.000672435662955752 0 0 0.00230353165252934 0.0334753315293975 0.000358521711417981 0 0.000221116615707355 0 0 0 0 0 0.0066186857564473 0.000808800167914084 0.00526513310149342 0 0.13366497608683 0 0 0 0.00429232956529607 0.00022937036230132 0 0 0
0.554525106997119 6.82674910240126e-05 0.00880333091512186 0.000325876013520578 0.825350860014493 0 3.55950402854173 0.0955390886747343 0.0390527253669451 0.0165856871087107 0 0.00458704756886162 0.00960679949115481 0.0147118238750026 0.104745655689844 1.83024864746622 0.00349808956650328 0.0236318584597741 0.000173868536128687 0.00021494689347196 0 0 0.00022559512599854 0.0443307241540331 0.000519381587109981 0.00148125057559346 0.00418656615428368 0.00106065112859626 0.00269915925129624 0.0225612379710921 1.67189582621076 0.871978851336679 0.00108191412872575 0.000587468106283219 0.00166637064625531 0.000835920537201953 0.000266400028806702 0.000720364774955616 0.0543393994031508 0.00404647083157682 0.00176180038235857 0.000391974736336665 0.00105693847213996 0.00459827267449862 0.00261292855145855 0.0934293886471524 0.0843529790405407 0.00315330337396343 0.1034258968924 0.00181776222109103 0 0.198865972880056 0.435670099680925 0.0893366571948523 0.000962829125782036 0.00223417812025545 0.000255921796074758 0.000763326029259445 0 0.000125381611247486 0.00105612805756467 0.080650113779475 0.823776522294527 0.154505540032966 0.0120021873554546 2.48032725952574 0.00189908033614924 0.00420204966207243 0.00235239199215126 5.81018074035636 0.0587729459728843 0.00151426510864612 0.0018912553614729 0.000260734893643534 0.111293598978958 0 0.000386346668715565 0 0.116669400068509 1.06383067445379 0.045515825530405 0.00488859674810318 9.05422363916969e-05 0.000699539429782967 0 0.00182242838845638 0.00166702182100118 0.00364459011673079 0.0517284626397668 0.0682374730182711 0.00163089187549468 0.00263665329694528 0 0 0 0 0 0.00616727635594048 4.09576285803409e-05 0.000119365597997304 6.07238706465756e-05 0 0.00021480174369766 0.000868478586965089 0.0921389761981762 0.0637470057984282 0 0 0.000648816916616259 0.000153005949996118 7.32408826248521e-05 0 0.0125908105439929 0.00147483053032413 0 0.000282609382432878 0.00016525583484344 0 7.24446469664748e-05 0.00147464067016342 0.0120770969660272 0.000316511915978555 0.0122314514504721 0.000142796976759691 0 0.0308381317474112 0.320737471764977 0.0204435900653413 0 0.0004669581530125 0 0 0 0 0.000133350980584535 0.0206468859714289 0.00770687020836288 0.0267424914723712 0.000114803894126766 1.83606422557312 0.000147353725676327 0.000314556226329233 0.000875482771770684 0.109321820730354 0.000631160753700958 0 0.000130075678214171 0
0.0253321523568728 0.000429298177238475 0.022831237249747 0.00451913899389777 0.0335943082049676 3.55950402854173 0 3.8745129181634 0.18476669601348 0.0468354317564471 0 0.022056002801282 0.000813746765047984 0.00358811588563681 0.115742061239494 1.57272540497853 0.00329602415115624 0.0203394866246758 0.000126309572883085 0.00066788845745373 0 0 0.000489060637469452 0.000430610023345511 0.00159666594810823 0.00321242272252569 0.0123667971812718 0.00448948939718641 0.0339740916709079 0.0615377983909147 0.00653518701479433 0.0165584019434331 0.000331677536001607 0.000329649138183912 0.000532285062041253 0.00160119579578189 0.000170532561120063 0.000844795753123743 0.00170081283078674 0.00793880878003679 0.0048130265387093 0.000255818517434281 0.000130467566710046 0.00410059708759465 0.015555836294931 0.448133354603174 0.0014275007115917 0.00269220972671778 0.13942095452412 0.00046193840485606 0 0.136209625706631 0.0870789046409988 0.160178526418555 0.00178641687633075 0.00689065642941316 0 0.000873290170116829 0.000199887170446543 0.00107395997949761 0.000113416638855723 0.000840202016627073 0.00545001685189275 0.00382560570752095 0.0365892234700232 2.26949893667231 0.00854920999307993 0.105685158981865 0.0244837479085151 0.0389252074098115 0.211726909175666 0.00152066132693229 0.00364903901173647 0.000764326677304437 0.00897730319311673 0 0.0043322962269398 0.000162035523566202 0.0209674502912544 0.225044996683064 0.831789691331912 0.158199951220075 0.00763451695778907 0.00871628569905376 0 0.0133000556540964 0 0.00288319160512684 0.0523594984419555 0.109142767061386 0.000976650011087557 0.00233891389565651 9.78846802745853e-05 0.000157198082709636 0 0 0.000427128134858602 0.000137983992260469 0.000229689038163698 8.45009304077798e-05 0.00141000027389158 0 0.00725109292010009 0.00325265941129054 0.00124940768433156 0.00144198503102708 0 0.00014924777404268 0.000284628914865661 0 0 7.11701923591978e-05 0.00146511828412146 0.0194162015956009 0.00118751391932231 0 0.000128659139956355 0.00180356695920513 0.00309968948497818 0.00930899523552751 0.00257496034752752 0.0012480001121405 0.0390435220835041 0 0 0.0630205495952399 0.0651526698282906 0.122199538549781 0.000304324132753706 0.0012419037132354 0 0 0 0.00013167071732907 0 0.00339299691009492 0.000763556636632592 0.000813435253169972 0.00190983283481659 2.55375153954628 0.00170383241673078 0.0263406283754913 0.0147568094240456 0.000476411332038268 0.00615529776106994 0 0.000527962186341824 0
0.000140290621047992 0.00033335351797998 0.824001339214189 0.00834846786616081 0.00134111241842131 0.0955390886747343 3.8745129181634 0 1.34596353447197 0.040453902262932 0.000114858933388518 0.00271793241102181 0 0 0.0100433203900693 1.63835518065658 0.0124475972949937 0.00883885369305358 0.000941825959946537 0.000261076625575667 5.58438525511363e-05 0 9.41105616019244e-05 0.000412704895325685 0.00287513787056732 0.00556066430763694 0.0309170253084651 0.0154954573312601 0.0525089369470774 0.221884686454997 0 0.0031463136541764 0.00167601139331467 0.000507051960821034 0.000418298202766925 0.00284870717324855 0.000263202286794783 0.00065227558944357 0.000514521349893035 0.000254061113946186 0.00730410197987998 0.000159260787073918 0.000580540901274358 0.0051778667826333 0.056989915906064 4.43884335512157 0 0.00465799437201147 0.0367451964076621 0.000100265829368674 0 0.00914598658060012 0.00332864866872836 0.0247055710825432 0.00346745121380501 0.0140826133072543 0 0.00299440889836022 0.000388361604334267 0.0016938743643473 0 0 0.000538438975970654 0 0.083648729834858 1.10253178964592 0.0238713953214167 0.0205464600263462 0.0403861061102536 0.00361209481271339 0.689915412483064 0.000963945644154196 0.00332786215520453 0.000509581451864818 0 0.000110558947404171 0.106073898102819 0.00104168764547076 0.00104051814769167 0.0292535968295319 0.268152624628737 0.855497068879317 0.0407060685764597 0.00796544998375727 0 0.00567675953300299 0 0.000831548938091856 0.0232297727623343 0.246723150626254 0.00176996766217759 0.00184493694276025 0.000333281513829827 0.000103751528910193 0 0 0.000473142691236968 0 0.00100805925453233 0.000648823263947825 0.00604380265486853 0.00488032296023689 0.110166208583456 0.0097224203778224 0 0.00210818111286981 0.000642622990440029 8.99695078370732e-05 0.000726714932783208 0.000473574261928813 9.45807250553208e-05 0.000198075095146266 0.00058722580403802 0.00435786603207616 0.00473639481387919 0 0.000275459472548678 0.000223975985983088 0.0339525203747712 0.133077291297515 0 0.00185404414187305 0.011401687192922 0.000366338737198303 0 0.0124350121262069 0.0103445095400058 0.0696133981668663 0.00126931092615089 0.00571789563537385 0 0.000541148082198288 0.000194422136986918 0 0 0.000559919717117718 0 0 0.00235961755161582 0.994948038242914 0.0104569338593139 0.0271229841483182 0.166985801550031 0 0.00895340642799209 0.000412576353138704 0.00077584070413325 0.000300857375435559
0 0.00109467857971477 0.0250910762086382 0.000599577789478636 0 0.0390527253669451 0.18476669601348 1.34596353447197 0 0.772679315111185 0.000623654430205419 0 0 0 0.00163808232190622 0.0109099052181903 0.00331924977061211 0.000435851143689173 0.0014774807668746 0.00204568199908571 0 0 0.00105791124052496 0 0.0106800308171932 0.00621782457497034 0.0506930254231856 0.0024157720905045 0.00406862330299051 0.95123111743673 0.000393185606266042 0.0015576918352002 0.003028770917853 0.000308879173338723 0.000162752431240393 0.00661874428341719 0.000848474476075809 0.00131950097751901 0 0 0.0124254297299683 0.000474476640362848 0.000901653361880212 0.0441337997478119 0.00779795727781774 3.0294857126457 0.000931813153407226 0.0059987461361592 0.00170888410065277 0.00123563778294266 0 0.00108627480153251 0.000543563900467203 0.00156668723535592 0.0157668258312398 0.0500538618648303 0.000613050238594537 0.00379697333679284 0 0.00504157965350699 0.000438085716060908 0 0 0 0.494419238139079 3.07035321044227 0.0103579248075126 0.00169044455871432 0.00204640937703087 0.00246436142550014 7.98859498438163 0.0019222226477292 0.0114218693604907 0.0026100580560644 0 0.000459744771620367 0.0145682465614376 0.000350974303344576 0 0.000773537451898851 0.00359402147867256 0.0113928656898883 0.181281363711086 0.0136744913251349 0.000540097999692585 0.000466036815407191 0 0 0.00154655413988249 0.00247945254632447 0.00113282115222137 0.000329474001215469 0.000811751764275885 0.00035839367957171 0.000815377912135994 9.84788365944976e-05 0.000532279356495733 0 0.0101377968383987 0.00267603172118699 0.0212061023909929 0.00283504213082372 0.00245884906790509 0.0667151029107935 0 0 0.00259985066346134 0.000364919239537067 0.00199853610671865 0.0046963020387218 0.0007692517872495 0.000735868978430068 0 0.000594638919602319 0.0189451593167697 0.000790218146188049 6.3563168915775e-05 0.00183766528367405 0.00837163283858684 0.0917790949907663 0.000241099358507671 0.0145265380747531 0.00162265176471559 0.00131940923396503 0.000367413140379483 0.00067349145105298 0.00029487485169151 0.000860337125693141 0.00455435342004144 0.0341355499845808 0.000199709025315428 0.00229725279905991 0.00300994565145885 0.000990841336509714 0.00020139452808191 0.00046901500738783 0 0 0.0173923785687347 0.200608720128353 0.018762092962058 0.000972692268514194 0.00211055716119234 0 0.148805898340354 0.00243370352077994 0.00989271788368207 0.00364689256292712
0.000391113352707811 0.0028685561471752 0.00050440282921539 0 0.000637530603061643 0.0165856871087107 0.0468354317564471 0.040453902262932 0.772679315111185 0 0.0402432458286898 0.000203039247895862 0 0 0.000312135600546675 0.00175055189336419 0.00121548256312435 0.000246745783796631 0.00916126083012504 0.0111419284444752 0.000699224639149284 0.8345700480114 0.285085423871585 0 0.00806746453600399 0.0011400087617695 0.0264390604134744 0 0 0.644493204131825 0 0.00144700959939491 0 7.37450763990542e-05 0 0.00206945515334038 0.000172156717235215 0.00050466087796879 0 0 0.00216116420438664 0.0079828921844538 0.000310318292321558 1.66412371065113 0.000448561516529502 0.0203548811021067 0 0.00237902835424352 0.000220483944650442 0.0019885922293064 0.00325964266216018 0.000767353812916732 0.000236399687474971 0.000523441317661728 0.0048864783270197 0.0408713982731173 0.0160691571009994 0.0262207460959918 0.00387525899830238 0.0113721257984111 0.285784436395571 0 0 0.000975451300806701 2.01421984686275 1.78602869691087 0.00137007828848006 0.000245820176785859 0 0.00133749749161072 0.46493595598664 0.0019420910483058 0.004902381411755 0.00321691823420661 0 0.000165555324722164 0.00340825148247155 0.00026967268601168 0 0.000410299124832702 0.00123638327047024 0.00529088406374992 0.0311935812416802 0.0105090814121132 0.000960093814133985 0 0 0 0 0.000429621985912361 0.000355776263817876 0 0 0.000629748997714133 8.10099737816768e-05 0.0144226537435213 0 0 0.00410736456708596 0.000317761353140322 0.00420067726591515 0.000930339503908247 0.000484786870149502 0.0107701577679256 0 0 0.00240736273619167 0 0.000404346349579098 0.00233282130482508 0.000229645595408701 0.000728783443861815 0 0 0.00219495404230743 0.000656080490122663 0.000252671749331294 0.00857603256059943 0.00142770570623454 0.0115800695248363 0 0.00325086838770218 0 0.000268738444261916 0 0 0.000868761596758687 0.000404400457539447 0.00264509327601393 0.0118446155829489 0.00044426708640849 0 0.00073830583968669 0.00226498913261437 0.00154858398872477 0 0 0 0.00789486344840597 0.0146389765815653 0.00379039184004905 0.000369796729182331 0 0 0.0240640890001982 0.0016078884317922 0.00252095931208315 0.00165656194962958
0 0.0442749983590904 0.000475402385101277 0.00019066950463297 0 0 0 0.000114858933388518 0.000623654430205419 0.0402432458286898 0 0 0 0 0.000125178760198128 0.000251547856353502 0.00231064924209667 0.000551746704720055 0.0990078833733322 7.54446038481776 0.0153436434362442 1.4373111194739 0.00331096293220246 0.000102900446037483 0.00251351120508004 0.000345451090759352 0.00711086931598544 0 0.000283970508330629 0.218069172751274 0.000166889834395915 0 0.00044244532906397 0.00051090085695222 0.00296481852463632 0.000675906243845288 0.00408009730488871 0.00382894304587971 0 0 0.00135534229943349 0.184400083770491 0.0012930450600552 14.5827933515956 0.000588231157338297 0.00151032332471389 0.000624727609313024 0.00938690881426432 0.000362689036184994 0.0137606939607457 0.081374178655959 0 0 7.21634685062773e-05 0.00063328615006273 0.0213796744763365 0.174584036370171 0.243900898526212 0.0281357568505236 0.0305740559633957 0.119133503669622 0 0.000514256671955624 8.25264164525607e-05 7.29050925949474 0.290111709477413 0.00130608653384416 0.000180197892472147 0.000759378675439185 0 0.00156659752091577 0.0240339502790597 0.0185078515476648 0.000801005821936763 0 0.013952866563943 0 0 0 0 0.000283074203792827 0 0.000799280102166833 0.0218895909531511 3.65588276491775 0 0 0 0 0 0.000352251952416803 0 0.00598849138250747 0.0786471960828868 0.00887419772225112 1.14186634569995 0.00235594477806353 9.48754304238414e-05 0.00420845519170632 0 0.00688044791811095 0 0.00022883913011304 0.0126121006265785 0 0 0.000217020991807527 0.000101278536402034 0.00141847792892464 0.000729500656983264 0.00306676507795725 0.00111609899427871 0 0 0.000805720105794584 0.191402413549533 0.000793655205318087 0.942130658107345 0.000239374141023464 0.000738337711641726 0.000152186521228934 0.00608544639914442 0 0.0082656277462197 0.0250492775282996 0.000303412243678027 0 0.000137559119685734 0.000478568748980029 0.00884033910208331 0.0109268846667277 0.0195278445500413 0.00857441442378305 0.00517534016300747 0.0678592054377502 0 0 8.53371605018852e-05 0.0949127413485723 0.0166200509849511 0.000671396144681331 0 0 0 0.00205327902826848 0.00688969254868429 0.00552866397944621 0.000528941741316617
0.0020352956712575 0.000333960330769871 0.00209773213583607 0.137359930443216 0.000471240232482545 0.00458704756886162 0.022056002801282 0.00271793241102181 0 0.000203039247895862 0 0 0 0.376630518406849 0.490773031805186 0.0394592504721808 0.0021128684686221 0.0224167831131783 0.000326929928139144 0 0 0 0 0.000126980261439717 0.000538553076391331 0.00300831378591727 0.000948163326999806 0.0022467865223476 0.182662793374978 0.000323065815373772 0 0.00102378045431902 0.0237189809818489 0.0407789587227898 0.0649495840347795 0.00355957800221773 8.10049428317042e-05 0.00163204578665219 0.00124800616476031 1.5715815874175 0.0150450941813082 0 0.000226198619612705 0 0.0181689070624518 0.00258743996372723 0.00384135964876565 0.0223518168661445 2.49215205710453 0.00153239757222595 0 3.67224428678398 0.0372040020805593 0.0580037152300178 0.00172221047647112 0.00176475662917454 0.000135721826596557 9.36076696553493e-05 0 0.00138560761244163 0 0.00127035009246972 0 0 0 0.00625700742800195 0.00819640873009232 3.07356519417558 0.00958340844637815 0 0.000176070341233837 0.00370203726845743 0.00957359704645703 0.00429228473094855 0 0 0 0 0 0.00102739571355301 0.00206593046175901 0.000216535534643181 0 0 0 0 0 0 0.00012054129436186 0.000377825669321347 0 0 0 0 0 0 0.000104645710707889 0 0 0.000218956152008239 0 0 0.000260465481880714 0 0 0 0.00035232789543738 0 0 0 0 0 0 0 0 0 0 0 0.000366174785288255 0.000587824722887501 0 0.000107332482945898 0.000127401158827566 0 0 0.000165381580979588 0.00056531752110546 0.000193429372637673 0 0 0 0 0 0 0 0 0 0 0 0.00501481457041674 0 0 0 0 0.000233730346841761 0.000338807675787853 0 0
0.184859013468401 0.000258442512059868 0 0.000167666150628283 0.0130249744554135 0.00960679949115481 0.000813746765047984 0 0 0 0 0 0 0.407364158295092 0.0277951932796845 0.00203453715203967 0.000292669751666516 0.0177783816647769 0 0 0 0 0 0.687524671555961 0 5.58390314868505e-05 0.000235807829929734 0.000428724483417128 0.000486208618400544 0 0.00283741384504069 0 0 0.000224357900282879 0.00217786179129312 0.000359869953810002 0 0 8.07487059781254 0 0 0 0.000694037938306705 0 0.000265151956342583 0 2.27691155822125 0.00448643839452617 0.471315844867415 0.000315453623089898 0 0.0686536049419929 0.018280120408356 0.00031613070109854 0 0 0 0 0 0 0 0.668420113635803 0.0123201968248787 1.6386672813078 0 0.0019358047181473 0.000307060071037526 0 0.000357179567889145 0.0155334406533657 0 0 0.000454662038718621 0 0.0014184701674375 0 0 0 0.00415492830327067 0.00295124614982276 0 0 0 0 0 0 0 0 0 0.000498413853633473 0 0 0 0 0 0 0 0 0 0 0 0 0 0 0 0 0 0 0 0 0 0 0 0 0 0 0 0 0 0 0.00409175084790148 0 0 0 0 0 0.00350954948076707 0 0 0 0 0 0 0 0 0 0 0.000383081723225945 0 0.0042325954712959 0 0 0 0.000829294160669236 0 0 0 0
0.0475532776008012 0 0 0.000357164109945769 0.0053308410542999 0.0147118238750026 0.00358811588563681 0 0 0 0 0.376630518406849 0.407364158295092 0 0.41969204370797 0.012295563252537 0.00112274961383847 0.0109031574237695 9.04959440241552e-05 0 0 0 0 0.0238953590395792 7.32136146690664e-05 0.000412978527950087 7.7235585616198e-05 0.000290871181416111 0.002545243719341 0 0 0.000884224198913463 0.000257422288917078 0.000879396435343216 0.0012375589951917 0.00037802041088067 0 0.000347327443862712 1.19441271210747 1.58246091367367 0.000229181304819073 0 0.0002178620476082 0 0.00113719936528695 0.000785300120649909 0.0339113990986652 0.00337331734160503 0.266807991460927 0 0 5.23837287386136 0.0334415005894318 0.00738802679163702 0 0.000401450847486929 0 0 0 0.000199652781296652 0 1.54236786209931 0 0.0281640064231672 0 0.00188720984296886 0.000470966673482356 0.0679613713745793 0.000962106124045247 0.00538573450650273 0 0.000388447896817477 0.000410298384898701 0.000227282665919129 0.000690221262476164 0 0.000378088420357555 0 0.00139702044604894 0.00474897341739985 0.000443584029245949 0 0 0 0 0 0 0 0.000202071639453216 0.000388043125552841 0 0 0 0 0 0 0 0 0 0 0 0 0 0 0 0 0 0 0 0 0 0 0 0 0 0 0 0 0 0 0 0 0 0 0 0 0.00205993591960192 0.000661997250011835 0 0 0 0 0 0 0 0 0 0 0 0.0107111707701997 0 0 0 0.000528577070114493 0 0 0 0
0.896915032502285 0.00049379889238842 0.00568300178173481 0.0138998211072695 0.0949244195102277 0.104745655689844 0.115742061239494 0.0100433203900693 0.00163808232190622 0.000312135600546675 0.000125178760198128 0.490773031805186 0.0277951932796845 0.41969204370797 0 0.571038137981118 0.00789672690191928 0.0524261064695023 0.00186803439363352 0.00058197566328433 0.000208264296204324 3.70198136095188e-05 0.0011651030853778 0.108651196814338 0.00972822450634284 0.0106809155320804 0.0057522168536753 0.0225249661061403 0.729302083133356 0.00366676280900886 0.00173639498864288 0.00368476956777733 0.00133436911306964 0.000993378438050263 0.00107878969927758 0.00412192482270559 0.000869737634956058 0.00480803060245918 0.109262367873305 0.0213666082239258 0.00829084890770979 0.000572952827932827 0.00100634932504227 0.000251779400600618 0.129217421997226 0.00697102063171519 0.0362752219069742 0.00691646852253943 0.278602857571307 0.00191567825334074 0.000217916945166235 3.04771979715695 4.22354667858828 4.62912049751335 0.00764018229667031 0.017963112040752 0.000416900630858191 0.00179178621604148 0.00111428237473505 0.00248012536435168 0.000304019775912744 0.17769197984967 0.000796469437762135 0.024215747196759 0.00139402443923759 0.0504102015556589 0.0344644869860848 1.17263822109693 1.17359403777957 0.0169794258499977 0.00276585134606023 0.00474931845982553 0.0227393142548163 0.00185233763164724 0.00305076211449605 0 0.000880414798566554 0.000140927610337879 0.00619262776967497 0.0395581515067305 0.0304321181044487 0.00915714172757635 0.000461616438446625 0.00035188755561151 0 0.00137280851922869 6.96688204188875e-05 0.000449492461383165 0.00638727032626348 0.0133549086471988 0 0.000291219132148055 0 0.000129337293351391 0 0.00010542032540264 0.000325769199155796 0 9.96501150085149e-05 3.765104424298e-05 0.000290065969214802 0.000579277396602807 0.000751060096387953 0.000416998909797891 8.59083579011822e-05 0.00024301668969932 8.23648419598223e-05 0 0 0 0 0 0.000527501556947579 0.000284402540800378 0.000252982251839349 0 0 0 0.000573442104576369 0.00164880528389639 0.000342494994426688 4.77379636357467e-05 0.00258136860492019 3.07479021238212e-05 0 0.00630584469214491 0.0228492395880999 0.00827601048335803 0.000143768431193264 0.000136122581801624 0 0 4.6845368465373e-05 6.71865787475077e-05 0 0.000585286834019132 0.000361457768770743 0.000757240399293449 0.000115842613767545 0.108860605553416 0.000705290007529833 0.00151964336160636 0.00116234264652823 0 0.00069339747952874 0 0.000390382148406129 0
0.215799727501911 0.000395690723691769 1.03797024690186 0.0330723332514176 1.70739563765962 1.83024864746622 1.57272540497853 1.63835518065658 0.0109099052181903 0.00175055189336419 0.000251547856353502 0.0394592504721808 0.00203453715203967 0.012295563252537 0.571038137981118 0 0.0253289577156549 0.0572259383950168 0.0035520455628913 0.00139210608309366 0.000230376508608289 0.000440205486317517 0.00278299358577337 0.00800756309100593 0.00962328320718834 0.0116790583914379 0.0299982478014127 0.0274995812336173 0.649764859267464 0.0462791169671113 0.0573487115930515 0.0120814454635472 0.00121390810227076 0.000812866979183607 0.00184985546925517 0.00421843702796501 0.000687649272440286 0.0029851456009771 0.00902022306860426 0.00815235446332555 0.0106870150315527 0.000681530337629126 0.00176953842141355 0.00109376348508629 0.200759473539205 0.34330765734432 0.0147519192381843 0.00700830268645268 0.299890176980635 0.00124595498703616 0 0.276176994285712 1.20241329458472 3.17066505965149 0.00463880558097606 0.0226826598952011 0.00051744549227782 0.00372814231442669 0.00081190729351146 0.00122350905521699 0.000226246626800086 0.0133598976870684 0.00379130952988657 0.0156564359015586 0.00901928753042478 0.196423593247869 0.0532204596136799 0.240096883986861 0.607219199466885 0.609014342310067 0.0238382757996001 0.00330622158849432 0.0163852528498584 0.00160456151949926 0.00701475704150932 2.55290466824128e-05 0.0228273881441745 0.000865364563617499 0.0108507898965697 0.0979716607287764 0.16852041679419 0.217252977943372 0.00702412748640248 0.00171682720568659 0 0.00442807166780989 0.000240428700886702 0.00119339001470731 0.0323126991906946 0.154112847667248 0.000902549820210327 0.00145702291996285 0.000110101608726959 9.11660088514896e-05 6.80284714428012e-05 3.00107800539767e-05 0.000286419275311398 0.000404219836926447 0.00154770507306015 0.000805521085826095 0.00191871967888786 0.00277145685365376 0.0321517168388625 0.00544564407910627 0.000116184191152777 0.000576805284359598 6.27192913761968e-05 0.000140908946008305 0.000192825009070099 0.000346771349837983 0.000257665431536063 0.000119146466082531 0.000473673652480078 0.00211807445461753 0.00179690622231767 0.000112986919230706 3.21432957392578e-05 0.000324591270114125 0.00961313340908471 0.0342362093256395 0.000751057604966189 0.0014718673452462 0.00962803779650402 6.31041722978613e-05 7.01060506826346e-05 0.0177013951709743 0.0467262164266325 0.0472456676785108 0.000391115590582388 0.00361948125501857 0 3.21490538834344e-05 0.00033264606819576 6.33648436287591e-05 2.26908738066725e-05 0.00119013546180962 0.000232151133095545 0.000711204637683462 0.00161823654503045 0.392208861594591 0.00512067556901099 0.0165153500158485 0.0414022656416543 0.00065545711626074 0.00624988220709915 0.000554924427607472 0.00180010276123299 0.000130564255102911
0.00931717555963964 0.0103007460187241 0.0562962460855466 0.119319405437166 0.000811990445101968 0.00349808956650328 0.00329602415115624 0.0124475972949937 0.00331924977061211 0.00121548256312435 0.00231064924209667 0.0021128684686221 0.000292669751666516 0.00112274961383847 0.00789672690191928 0.0253289577156549 0 2.39560607439321 0.0141098123441763 0.0064832145017378 0.00506978526909881 0.00599700359305002 0.212529902050948 0.0388200014574832 0.00881725113108101 0.0609682311099668 0.0144310454898671 0.0970608724675363 0.0981112692082294 0.00823765062460213 0.000843498308862316 0.012936312154574 0.629524093968021 0.186343447485506 3.29477651939517 0.0435947557850759 0.019113172226667 0.0565889661010679 0.0120803847559714 0.00184547661221319 0.649743686016601 0.00551145077338448 0.639419406903803 0.0102632636443801 0.266664957801547 0.0314529066385849 0.19580006606569 2.22601541770018 3.13041514811408 0.190156701006336 0.0141550891113266 0.0264106323787953 0.00630216791587607 0.0172117042109596 0.0163633716533516 0.02980891420736 0.01472434180453 0.0120465395392548 0.0106691253689066 0.0147146683537458 0.00925780948783892 0.00293056520498735 0.0163598771835165 0.00929190404507293 0.0126805963745076 0.00705940290161529 0.109501223124316 0.0285734083022913 0.0536763723693809 0.00210249318980205 0.006860665109243 0.118127274677225 0.0912714449709459 0.112315073893297 0 0.000475399384587226 0.0028828454535057 0 0 0.000375316406799608 0.000824803238183546 0.00247020921401883 0.00329410758163006 0 0 0 0 0 0.000143206181724034 0.000780928403559254 0 0.000226061933668793 0.000546129471959523 0.000363781661869428 0 8.07244336194397e-05 0 0 0.00104798650123123 8.65327393701938e-05 0.000824504120279001 0 0.00142930027362831 0.0016832726634627 0 0 0 0.000180155422956021 0 0.00107201026501971 8.36767458883766e-05 5.46689011572676e-05 0 0 0.00084646786068801 0 0 0.000313211512325846 0.000810808803675608 0.00158504015933853 0 0.00170106893900925 0.000360605429873678 0 0 0.000557738743337109 0.000240898099718313 0.000491084492217433 0 0.00195280416629429 0 0.000853999719467452 0 0 0.000151277762563011 0 0 0 0.00209164067256096 0.00684733778770463 0.00105161008700471 0 0.000290832027451397 0 0.00428387673406311 0 0.000445223068206314 0
0.0498615898338481 0.00554135206558816 0.00813900993860979 0.0590670135638924 0.0184341900203077 0.0236318584597741 0.0203394866246758 0.00883885369305358 0.000435851143689173 0.000246745783796631 0.000551746704720055 0.0224167831131783 0.0177783816647769 0.0109031574237695 0.0524261064695023 0.0572259383950168 2.39560607439321 0 0.00412443909379639 0.00253559787244199 0.000720757140225839 0.00305083494434203 0.0153934235644511 0.0633709064870992 0.00346470470580905 0.00721940800595618 0.00305701590103077 0.0120139642270835 0.0504858745917578 0.00148319115940718 0.00338698502943091 0.00535290322262965 0.0150322425713476 0.0574919108938987 0.658404330394986 0.0115650986851402 0.0106681449800173 0.0370672735349723 0.0969500513409883 0.00560986851913088 0.0383886090487427 0.00292135654541183 0.194568343115161 0.00623526228735686 0.0570842949182835 0.00329076032693554 3.03040081616738 0.646821063412548 7.15732592818995 0.059336988278095 0.00584592014567003 0.198720120300453 0.0665854197244326 0.0560652703302581 0.00333579074874266 0.00504370032889342 0.00221325749482768 0.0031982032913762 0.00441106014284007 0.0047511424921944 0.00495772892164235 0.0342010023006926 0.073769917472496 0.062920192109212 0.0024660054502853 0.00638114521713502 0.0144155866544077 0.0515061739516847 0.0456984608774086 0.0201069064318589 0.00164401381360123 0.0727059419588973 0.0474301207055141 0.0123086350924638 0.000483432886847357 0 0.000663304000612763 0 0.001127520050492 0.00224113460916333 0.00260162915536371 0.00276206930085636 0.000561266398388036 0 0 0 0 0 0.000655790510425306 0.00151411713903329 0 0 0 0 0 0 0 0 0.000329046186144932 0 0.000330222946501252 0.000280796189422727 0.000800081155239371 0.000325468629424461 0 0 0.000293246049238562 0 0 0 0 0 0 0 0 0 0 0 0.000517499871433375 0.000593871057949089 0 0 0 0 0 0.00134588028503938 0.00184584729824449 0.000121826876163279 0 0.000861390913066733 0 0.000207448721568859 0 0.000312542375357824 9.50555008097896e-05 0 0 0 0.000700265576330135 0.00939537810514154 0 0 0.000618662433586131 0 0.000310093882397715 0 0.000177471600574005 0.000240421334771791
