0 0 0.000637638796746552 0.000440991930637305 1.71411100219513 0.357331956103158 0.0577709452352054 0.0134540602133921 0.00809240627500148 0.0055732276023944 0 0.0118540424636699 0.155220335646903 0.210098346662866 0.805809585357599 0.322889945113878 0.00609095629813895 0.064126325366763 0.00015783430364916 0.000150138732857581 0 0.000133420000100587 0.000361318804010592 1.32440751513037 0.00106918494463605 0.00115255892360667 0.00194942118533512 0.00201508911663962 0.003562807808998 0.00294485409680954 1.40094273665098 0.0105964471724957 0.000429082599147906 0.0009080038957512 0.00361882085800277 0.00124524219346635 5.4641042508843e-05 0.00147878321808081 0.248955147150977 0.0379733151356603 0.003012862355414 0 0.00143256868972904 0.00055287060348349 0.00312154624510102 0.0118972832407676 0.282133492207442 0.00741931977649955 0.146946119507824 0.000664949663655174 0 0.426158025209292 2.58053800604782 0.0773317782142513 0 0.00180002815528604 0.000196386426025118 0.000112460410907773 0.0001394559013404 0 0 1.7716941010914 0.107898270377356 1.62438716530411 0.000519180817921848 0.0646284202468028 0.00294643240612852 0.0158355289791162 0.00465009971901406 1.0175488845683 0.00786311740545751 0.00252020479057166 0.00228665829338757 0.000578601292252345 0.0603483889351337 0 0 0 0.0665569729922277 0.187230955522221 0.0060203490101875 0.0017462091521287 0.000281081070545655 0 0 0.000179582613111998 0.00719157724431716 0.00223907174471047 0.00889830968918323 0.0214671320591368 0 0.000250306578481281 0 0 0 0 0 0.0175476878872438 0 0.000161834621787193 0 0 6.93795007718993e-05 0.00031730913938275 0.00198835933481228 0.0207623825295227 0 0 0 0 0 0 0.0081413098303469 0.000585656947958493 0 0 0 0 9.20423581188354e-05 0.00038239818581174 0.00443291190716646 0 0.00527493827390904 0 0 0.00659959652038293 0.0363747477029776 0.00607216877649367 0.000171664187671991 0.000439642144471467 0 0 0 0 0 0.0215366032255221 0.00967507327732488 0.031836362194861 0 0.147982460178827 0 0.000110267094809963 0 0.0280013581471114 0.000227657627633945 0 0 0
0 0 0.00050434851473752 0.00033970267055065 0 0.000357863418519986 0 0.000178706038760894 0.00117075186460348 0.001875343296249 0.046743072156282 0 0.000293559347554893 0 0.000118072154376476 0.000171695950170067 0.011056928981451 0.00177859349467927 1.10040988187222 0.299823419552479 2.14814459637553 0.273162955570694 0.00132129699406996 0.000322359507190322 0.0131198559937286 0.00172859567939313 0.00945249894443908 0.00051851400337084 0.000876741200315001 0.00587705374170328 0 0.00370230830465133 0.00258181249039702 0.0023381466047912 0.00114187994940292 0.00181339923468521 0.0138698028156482 0.0179695456529344 0 0 0.0023972651783024 0.698425113650869 0.00342408171812955 0.408740599049514 0.0023063787402302 0 0.00188265858384921 0.0189047954580053 0.00202058806642341 0.14912665852123 1.07294624958468 0.000631233054841909 0 0.00014791315291109 0 0.0267621420722942 3.43888561047077 0.634173102414569 2.0233463690309 0.200516665363073 1.2054649798818 0.000397007301837083 0.000347881801542726 0.00139364244949743 0.0727545197534544 0.0136023584100311 0.00324094558202306 0.00106605520585758 0.000160227909428083 0.00056869814385907 0.00456144688028814 0.15523873152521 0.0731697708741221 0.00706617771850882 0 0.00123106212685889 0.000251788764940256 0 0 0 0.000295107699837295 0 0.000354209478243585 0 0.00111985632010388 0 0 0 0 4.0122559989766e-05 0 0 0.000621362481064416 0.00286064957051401 0 0 0.000472634054401115 0 0.00106754694633515 0.000334126150087474 0.00120613783629633 0.000135958321642593 0 0.00261075215116388 0 0 0 0.000353118585799388 0.000238068378347629 0.000328368623563384 0.000467654163904832 9.29032872102565e-05 0 0 0.000306690130056205 0 0 0.00363667750025471 0.000320475322556194 0.0019942805278886 0 0.00041323517123286 0 0.000183744032453638 0 0 0 0 0 0.00634507597314524 0.000397015429077163 0.000406698127102634 0.000314704258872422 0.00154946551507108 0 0 0 0 0.00693811200789798 0.00445759001408146 0.000281333096070202 0 0 0 0.00594470400990162 0.000868176507639144 0.000289929280840734 0
0.000637638796746552 0.00050434851473752 0 0.0494533172254224 0.000611062601689917 0.00766281586687279 0.0942982374440498 0.954891033255049 0.0118608650083626 0.000624857061884233 0.000533104446532795 0.0109130387051929 0.000640393479712852 0.00277129827232903 0.00934242019130118 1.57495557634935 0.0346582523307684 0.0102075110378137 0.00312473675995335 0.00219613817515044 0.000695330458996219 0.000450971039797401 0.017421041636369 0.00120235528452961 0.0312373323970489 0.0417374589577395 0.416940138096453 2.37749529498395 2.13222462832405 0.663906814319249 7.8532174445083e-05 0.0129829051667092 0.00654935813745955 0.00118089426085054 0.000636543901737532 0.0119473156390587 0.000916980705204379 0.0029111157080504 0.00227363553517143 0.00452248754236973 0.0670214855638862 0.000303079365138702 0.0010371343301783 0.0016552972721961 4.04800441060041 2.56460239354 0.00358776256127304 0.0320712320577663 0.162370045801509 0.00254714773977744 0 0.0209361999867204 0.00222439340411614 0.024878538637642 0.00680260922145379 0.0591932183759441 0.00129323941178731 0.00499538092326306 0.00208550256342579 0.00175120908198099 0.0011440436039457 0.00207796726335446 0.0008209975814258 0.00155352199708445 0.00265594758613281 0.0924320017274767 0.584787979029134 0.0380999548210326 0.219064945043558 0.000600183619232086 0.00774623316858868 0.00408419760411 0.0165028641699156 0.00772395476920892 0 0 0.0766076719246282 0.00103795926673134 0.000127648767402383 0.00359437832612105 0.0237686148636954 0.528528674441827 0.00676431660310538 0.000442526065885646 0 0.00128780454370832 0 9.66012676179677e-05 0.00327558594823138 0.0609506679664762 0.000225102623187073 0 0 0.000144727891645133 0 0 0.000842674765053793 0 0.000999880762820189 0.00225462024580509 0.00696010660098347 0.00367584731362906 0.0364176178477793 0.00727076775483534 0.000151315455024343 0.00110761200285118 0.001065443854395 0 0 0.000319217657936127 0 7.8219013858731e-05 0 0.000175760139436751 0.00371228657619087 0 0 0.000434109998879625 0.01655173559359 0.140574360619771 0 0.000455077420675998 0.00253290375847058 0 0 0.00146151316902143 0.000870111362324629 0.0070952445853184 0.00249056620127116 0.00600049651793555 0 0.000360994174920888 0 0 0 0 0.00143615095051046 0.000123005289482281 0.000683958003958548 0.295823548596465 0.00581935458733522 0.00654786683794572 0.0293676566713493 0 0.0113894989596654 0.000386703283482087 0.000114817251456435 0
0.000440991930637305 0.00033970267055065 0.0494533172254224 0 0 0.000270246000219687 0.00869040049374886 0.0127450228750273 0.00139070914903823 0 0.000258312600119085 0.259038730395336 0.000446739601856525 0.00595964216376399 0.00949069986809208 0.0556992641835506 0.0476149072837901 0.00951850219936296 0.00115343836861972 0.000962429195972685 0.000128258980925345 0.000439674960794655 0.000751825778895659 0.00127775429230322 0.0233383493259767 1.48024145415425 0.0198464994262939 1.82195560938472 0.937678432272811 0.00531859581328075 0 0.000725150340194602 2.44616675560751 0.486027709636769 0.0759039582994908 0.260019344030636 0.00156622531189364 0.00678330537564711 0 0.0116591644609774 0.282186944610382 0.00017998068971363 0.000560297843405432 0.000570740648694439 3.28132435827971 0.00801414952446756 0.00112150598135272 0.151203226387416 4.0236056692362 0.00431817852498326 0 0.0236634983808378 0.00089876481214533 0.0150709137960133 0.0137258966250046 0.0468336649333913 0.0012105689628155 0.00274017109811813 0.00180480365031972 0.00379330835112136 0.000350346344619198 0.00109501311054747 0.000155585302573627 0.00130134131060521 0.00144191299384693 0.00952358867807598 0.602105087078064 1.03100058844504 0.0842220366210467 0 0.00163217113407201 0.00828211677249641 0.0414173542016627 0.724358793342373 0 0 0.00087077216533013 0.000931173573711048 0 0.000485835099427645 0.00770679183297283 0.00891631152759678 0.000333606364935268 0 0 0.000183145703719217 0 0 0.000124076416666937 0.00437938678621298 0 0 0 0.000817207008048462 0 0 0 0 0.000185838198805067 0.000803722337606991 0.000441314287178165 0 0.00121434374682815 0.000616221192931594 0 0 0 0 0 0.000600266346216891 0 0 0 0.000169088750053281 0.000162566719008454 0 5.57763084961388e-05 0 0.000177354333813547 0.00108315953352145 0 0 0.000295227984837634 0 0 0.000412707897722605 0.000619387660653076 0.000644012628907538 0.000646890157944495 0.000951261482613705 0 0 0 0 0 0 0 0 0.000134094323553606 0.00753165143069119 0.000154878575587235 0.000557223940312167 0.00166059344935054 0 0.000670423415840917 0 9.71959254995186e-05 0
1.71411100219513 0 0.000611062601689917 0 0 0.304671076990445 0.0379461541961537 0.0083897635166656 0.00302655751947172 0.00145788128157026 0 0.00248125025348014 0.0995965069053794 0.0285607052389321 0.250216629375855 1.07528971574411 0.00159895365314999 0.0213967619249829 0.00021635229783467 0 0 0 0.000351208048582255 0.108366467848307 0 0.000331169789844685 0.000526846264780199 0.000447575091334378 0.00105613709603633 0.0024548278691244 0.234748865524547 0.00192053628083792 0.000524525245248889 0.000293843829459925 0.000620708996907582 0 0 0.000336803621879256 0.120779072149899 0.0071987166022362 0.000233691801045502 0 0.000512046584115329 0.000176435725345758 0.000769333746245549 0.0078810984164311 0.11168736148167 0.00341172780416982 0.0554025014012854 0 0 0.0647333163342892 1.47807023891404 0.046860882033872 0 0.000402184370673516 0.000222459357427068 0.00022798509290874 0 0 0 0.294711376892211 0.0289771676787763 0.253139413374793 0.000923993763330758 0.0235255692784514 0.000225549453465014 0.00191945925721534 0.000573281182641796 0.429049541914683 0.00541287632551161 0.000596042479894331 0.000560217674757045 0.000627094995128979 0.0264881476432176 0 0 0 0.025873259369867 0.0789708015412783 0.00571808207735777 0.00204061956417919 0 0 0 0.000352298794400914 0.00288374266737569 0.00215679672537927 0.00533801470238987 0.00879600551168863 0 0 0 0 0 0 0 0.00488936968063636 0 0 0.00016968369677914 0 0 0.000110371679869062 0.00124555655492088 0.0139298559785446 0 0 0 0 0 0 0.00503155641011548 0.000564906980159319 0.000165679585922597 0 0 0 0 0.000193988527595598 0.00225423271120238 0 0.00152253303294257 0 0 0.00382350892953666 0.0204279441746693 0.00210830745533827 0 9.43756029094852e-05 0 0 0 0 0 0.0130887465873056 0.0030783242236436 0.0188010686546911 0 0.0807193951207506 0 0.000186378055800885 0 0.0130611589331667 0 0 0 0
0.357331956103158 0.000357863418519986 0.00766281586687279 0.000270246000219687 0.304671076990445 0 3.62663181331482 0.40212520710864 0.118188352976175 0.0948826509723623 0.000253237316585407 0.010128468339702 0.0743291929052104 0.0686656777268681 0.131455332182791 1.84015061240052 0.00213855816637623 0.0331068238472872 0.000271100320096073 0.000616339916578645 0 0 0.00108381665807446 0.116921092919564 0.000946128940096386 0.00119942998555793 0.0147490830353548 0.00147639421261767 0.00278874161094229 0.0563383258109735 0.655413149376439 1.36180687915837 0.000535741367269468 0.00037217543156497 0.000743514549529395 0.000465735601192572 0.000231657522776541 0.000248688725950135 0.154320159568191 0.0304679377275892 0.002792290402458 0 9.58957539497598e-05 0.00129430740871476 0.00370736126956595 0.266989487690385 0.0677224674464003 0.00356131338472222 0.314634945477057 0 0 0.129536297650938 0.166828706194004 0.0392119309807627 0.000370364644247466 0.00389715754268029 0.000444183988732548 0.000801110534447996 0.000173981839913695 0.000287456522822933 0 0.214315529735692 1.27486848670212 0.161230913461244 0.0120187342182909 3.26748683569592 0.00296923420156528 0.00373707582946923 0.00316001357904187 3.38030503217202 0.182064016362986 0.000347786631838386 0.001472850291923 0 0.12920632602684 0 0.00106898838158672 0 0.171091053650245 0.709145727402949 0.0836176473826374 0.0136875637080802 0.00433503062665261 0.000761643070594377 0 0.00459735208129233 0.0169311194529081 0.0205926307366166 0.0698402268175358 0.10295933197975 0.00086584415386861 0.000852135056115814 0 0 0 0 0 0.0473046781174524 0.000964134420554827 0.000619686925475195 0.00176732896187305 0.000127360496989477 0.000897777440154969 0.00161657104909418 0.0104623260439706 0.190732933966895 0.00031073677944005 0 0 0 0 0 0.0165634728643456 0.00834557298446593 0.000445094089978421 0 0 0.000586282666161191 0.00101931827100915 0.00484140702391044 0.0150505292446166 0.000201554179319198 0.048233255432154 0.000143735551949967 0 0.0372028658468361 0.148075254034834 0.0381431852710157 0.000760091354488653 0.00357386600596046 0 0 0 0 0 0.0486523849252432 0.0406955825303399 0.102057922930819 0.000463532706923571 1.14652751055757 0.00019306719389173 0.00091627731397681 0.000689436485133296 0.0856103825508047 0.00482895832287628 8.936897237818e-05 0.000362387895776386 0
0.0577709452352054 0 0.0942982374440498 0.00869040049374886 0.0379461541961537 3.62663181331482 0 4.8538454559772 0.187071878720809 0.0866411204855312 0 0.0683898531562828 0.0131079455326464 0.0478306386510372 0.116979463809429 2.61206126030428 0.00477352247191806 0.013702374759002 0.000422504851106193 0.00103216351904599 0 0 0.000594444047364844 0.0101600848254999 0.00564034157881103 0.00398231867864746 0.0306790979696074 0.00717899693966105 0.0505994420846768 0.0743405194166757 0.0159338157106013 0.0214833855157757 0.000952263811249483 0.000775125335348193 0 0.00286710323983011 0.000153363274422585 0.000145610858843851 0.0555792305069296 0.0640175862500822 0.00605137036095096 0 8.45220203834164e-05 0.0035961506269961 0.0377896320657179 0.814325963274424 0.0107603760404782 0.00235368555256837 0.283216473697923 0.000460212111399284 0 0.142947411557968 0.0912498013024029 0.182923589138455 0.00192588906191275 0.010506769382565 0 0.00205060304742569 0.000372177117809819 0.00119705049774571 0.000283095998358362 0.0730866747238382 0.0254875899772795 0.0211751690216532 0.0172667488384121 1.25721330342375 0.0132479327682943 0.097736961587895 0.0970047750565163 0.114678325463278 0.207634081307207 0.00138825799105819 0.00269713154640452 0.00251930359086307 0.00722574048017022 0 0.00498863712092255 0.00229443283670725 0.0146321120543717 0.279464253350831 0.946753874826481 0.15810178278283 0.0205633554586883 0.000715901564201206 0 0.0368436777515483 0.00112270339556759 0.0317983054878558 0.0896520252551544 0.147725201834307 0.0016153606188946 0.00121276621486464 0.000100316285263718 0 0 0 0 0.00250435431195414 0.000746191714954294 0.00139068254427096 0.00246645320760742 0.000305146545035362 0.00952973888602224 0.00304257359241648 0.000200015281292709 0.0238445068314083 0 0 0 0.000680368384000762 0 6.84556575457828e-05 0.00209392695088597 0.0297549465933622 0.000423917682253853 0 0 0.00378527395948853 0.00401291175387841 0.0159724024768481 0.00209478066724151 0.000376017047951149 0.0946320665780359 0 0 0.0762492603902556 0.101023671463179 0.121156541912165 0.00121378097656707 0.0035033899749003 0 0 0 0 0 0.011010787553327 0.017397765344468 0.00532832901115414 0.000349010682113406 2.29238048693815 0.0015720721781857 0.023306549906402 0.0107297282796503 0.0173080725326478 0.0129698148563528 0.000307295816520246 0.00107063506414903 0
0.0134540602133921 0.000178706038760894 0.954891033255049 0.0127450228750273 0.0083897635166656 0.40212520710864 4.8538454559772 0 2.14216292051574 0.202645810988281 0.000421642639945681 0.00955867657093067 0.00149159050114732 0.00667158501369152 0.0123788535312154 1.52673149024409 0.0110573320367447 0.0050062425625021 0.00132428959212073 0.000368317283945227 0 0 0.00256339092251795 0.00276249111551956 0.0147741989891563 0.008656241945632 0.196869861742392 0.0465555951122522 0.0769632122621522 0.284847208540463 0.0036773257146169 0.00801071757596612 0.00203865201781041 0.00131168134920501 0.000399013931564806 0.00839894338053575 0.00103478423931285 0.000703723741562657 0.00891072274167455 0.00470489310361361 0.0185578580089437 0 8.29735486663485e-05 0.00311942037059949 0.160429564200285 6.18717230135 0.00423749613310528 0.0056082468810095 0.0712654277764222 0.00186041178832849 0 0.0160476653525942 0.00828982413475095 0.0209614061974019 0.00307748570006275 0.0485570389218506 0.00213999866945792 0.00451856211547029 0.000491690689124472 0.000536112877773767 0 0.0121528437587267 0.0139890795893868 0.0042185346750811 0.0306471466393611 0.941660138818993 0.0490145838052166 0.021214425126462 0.0393459324505681 0.0258799574544099 0.819706633740186 0.00154551441244281 0.00694035279108026 0.00855284169116186 0.00147381212245254 0 0.159289312702336 0.00375161031631185 0.00333224535510146 0.0552623998656936 0.419491067981057 1.47096350852366 0.027468816718574 0.00417563448475728 0.000662463925202979 0.0130955153123283 0 0.00666468279465626 0.0284108843823418 0.221138856588939 0.00171742477854821 0.00205143858384726 0.000324534369694788 0.000153358692326364 0 0 0.000220033581844507 0.00051666985893207 0.00246092979975179 0.00348307596091568 0.0167345513702497 0.00443104229681042 0.101388126837828 0.012811808135136 0.000208660144179666 0.00774623540560783 0.000832517718111457 0.000294937722703655 0 0.000752271959518061 0.000255886448888327 0 0 0.00483256485744251 0.00323611753919221 7.24886792985704e-05 0 0.000479112204707647 0.0396854706066679 0.203881990972635 0.000631124208394881 0.00221748580273557 0.032885855513902 0.000418225445963298 0 0.0173558136605377 0.0114718813704901 0.04656132226758 0.0015636275957273 0.0118962348926848 0 0.000164416161012582 0.000221114258060767 0.000201244427702529 0 0.00173425947348121 0.00622909570392224 0.00177681406945186 0.000978601441766712 0.943008851874699 0.00790102466221711 0.028295386438138 0.112340648808383 0.00235583399332988 0.0250974495351221 0.000493698533180088 0.00202506076688208 0.00149892730454428
0.00809240627500148 0.00117075186460348 0.0118608650083626 0.00139070914903823 0.00302655751947172 0.118188352976175 0.187071878720809 2.14216292051574 0 3.00795364520624 0 0.000734560982675252 0.00141191083228714 0.000759536419114835 0.00155958230952591 0.052005613675054 0.0011910488285707 0.000877832508039675 0.00122356203743835 0.0054086401752005 0.000632135944512134 0 0.00151243988481903 0.00172134803795461 0.0121033305725445 0.00228492954498915 0.0764611410886707 0.00240918215327205 0.000893226327448877 1.56361946845478 0.00251738457627865 0.00362276240889917 0.00574530882018431 0.00177579818544141 0.00127209940878027 0.00707956136788289 0.00128755591790655 0.00182807688992441 0.00391646410091018 0.00149307308654772 0.0176086345788151 0.000952301073444087 0.000234059726953403 0.0206015231492906 0.00256842295503999 3.43156445692219 0.000521824000761287 0.00850471195015701 0.00319385413330592 0.00496436443078238 0 0.00285376757575034 0.00154368621719202 0.00195387920516168 0.00561652040388924 0.0513772494846277 0.00237227670698148 0.00867697106120274 0.00431815222631152 0.00186915841427361 0.00166955492106778 0.00308382436387011 0.00669840559919095 0.00412618687958498 0.262142193831295 2.03462550287025 0.00397322080919613 0.000898670536849791 0 0.0138261989344999 9.68874422439825 0.00251909025872134 0.00804815755711122 0.0101683124183068 0 0 0.0749129181821995 0.00231927368619383 0 0.00317473281592205 0.00863647382427197 0.175832004083253 0.273785871115185 0.00699353756218731 0.000179429211231043 0.000900837271252307 0 0 0.00215971309973526 0.0090479461710442 0.00312202886191266 0 0.000283533514425574 0.000824993064758407 0 0 0 0 0.0127817432586793 0.0122433501942392 0.054003725259566 0.00895322245613898 0.0114836704690224 0.059694221443415 0 0.0014018521170546 0.00646063505901355 0.00185876287621943 0.000891539898234123 0.00766817216229702 7.76799705823595e-05 0.000804367163601057 0 0.000501163350078576 0.00924608918872207 0 0.000195246221593257 0.00398910658327399 0.034347921610825 0.345974816222417 0.000860650310019723 0.00712013415915256 0.00258281841002447 0 0 0.00164525977877863 0.000374709543766571 0.00426656373072219 0.0142654650348946 0.0586942797577813 0 0.000882930069064302 0 0 0 0 0 0.00116569832381068 0.00261843650869025 0.312896651379109 0.0322941253390769 0.00455278153332351 0.00688970830883869 0.00131901764657258 0.134835121925876 0.00125589587820393 0.00358126464636008 0.00915554454425327
0.0055732276023944 0.001875343296249 0.000624857061884233 0 0.00145788128157026 0.0948826509723623 0.0866411204855312 0.202645810988281 3.00795364520624 0 0.0523793567993848 0.000323880218353554 0.00214574944694207 0.000933463433495835 0.00132676809766703 0.00397273609104758 0 0.000694916981862949 0.00442241468325333 0.0181428568902886 0.00130396113482027 0.882222432938431 0.304429044797147 0.000573203486674362 0.013834051334502 0.000675492590239815 0.0117832558464783 0.000491923205755704 0.000207550357632855 0.535837434307023 0.00152931652391234 0.00395043026000084 0.000910751340376281 0.000623246641585961 0 0.0047718438289453 0.000327821653471044 0.00171538639169639 0.00512192360354538 0.000569614769353119 0.00900012839508426 0.00268413418175907 0.000180213447180397 4.23420301264124 0.000831607790328152 0.0290506173250842 0.000416820891850044 0.00551586678704753 0.00253776268731032 0.00550355128841564 0 0.000867494663760572 0.00251698492052918 0.00125058645137434 0.00599204127090117 0.0381995138833332 0.012586548240906 0.0332020142831029 0.00197984713985936 0.00245862755923201 0.199633964962858 0.00666913148868259 0.00649854857374864 0.00284250360974232 0.711512794423908 1.98710083674184 0.000497948498174691 0.000712543284604017 0 0.0196962622261857 0.747597023020036 0.00412229437442343 0.00630116018200852 0.00541769210252024 0.000913665347042847 0 0.0185571539676124 0 0 0.00156134566239689 0.0031654471863113 0.0333816354964287 0.0207483472272869 0.000766464187426256 0.000321047266222153 0.000780294717676912 0 0 0.000673682160369421 0.00267573609309942 0 0 0.00067089062344472 0.000725926917664044 0 0 0 0 0.000540623183550623 0.00155249330606309 0.00614536185448818 0.00325652723587334 0.00214378175129515 0.0104362956632445 0 0.00274374374841496 0 0 0 0 0 0.000113349564248633 0 0 0.00332213861330975 0 0.000196076218299387 0.000500045773211936 0.00457723248479952 0.0633046922860471 0 0 0 0 0 0.000407732165761746 0.00128249058392295 0.00107380854333081 0.0026074380583522 0.00760026354411959 0 0.000401362165686339 0.000419924252307718 0 0 0 0 0.000768985723267682 0.00103575596674765 0.072666486560981 0.00584168514277483 0.000500659764825273 0.00406821000169008 0 0.0229126131522638 0 0.000110869515373768 0.0027002589697987
0 0.046743072156282 0.000533104446532795 0.000258312600119085 0 0.000253237316585407 0 0.000421642639945681 0 0.0523793567993848 0 0.000453051119825035 0 0 0.00011091580064404 0.000261123561999996 0.00269014887736861 0.00155374537958865 0.0884979290534433 8.95371984893449 0.0083339245061948 3.893047043281 0.0028136640618846 0.000220088133575921 0.00319448401169486 0.00061504234405289 0.0413926210863003 0 0.000287901821584011 2.64636656686988 0 0.000819846336599338 0.000785147765740584 0.000580208647769526 0.000435482305176378 0.00128453968475493 0.0049091819608901 0.00203552824498088 0 0 0.00161112476266425 0.0583571970523393 0.00133916499792403 4.69568594293718 0.0017413795576719 0.000147663804821327 0.000429500646888303 0.00798400835715779 0.00132144482687996 0.0324157380521125 0.017733558978105 0.000116460219776182 0 0 0.000951868613106571 0.0391295365158287 0.174485077530582 1.02892837217585 0.0189582351513613 0.0174511325420612 0.120253242072059 0 0.000190779147081698 0.000577715107411495 10.2327232890571 0.207651529527137 0.00175948615243614 0.000350169095202533 0 0 0.00478994468547765 0.01509984680154 0.0137020687349777 0.00251734857790439 0 0.00120178751721745 0 0 0 0 0 0.000657039698647183 0.000801682035445984 0.000569398120596393 1.17118130747159 0 0 0 0 0 0 0 0.00312837435749523 0.0440745595378175 0.00015140221154199 0.0227123692685077 0 0 0.00159815572087687 0.000334171166709543 0.00781439114956628 0 0 0.0149409821091248 0 0 0.00165333326311526 0.000327575689096762 0 0 0.000685712063800145 0.000762311510655499 0 0 0.000491471486111665 0.00359317913834762 0.000131072029490451 0.040023234463927 0.000346234347932899 0.00043590795417831 0 0.00211328506374375 0 0.000661307415808667 0 0 0 0 0 0.0119264521442107 0.00480313968813686 0.010108580612334 0.00468252646493491 0.00189871926633368 0.00159192490183764 0 0 0 0.0366970381805772 0.036152116705444 0 0 0 0 0.0124173279636379 0.00581235943525625 0.00220918634166567 0
0.0118540424636699 0 0.0109130387051929 0.259038730395336 0.00248125025348014 0.010128468339702 0.0683898531562828 0.00955867657093067 0.000734560982675252 0.000323880218353554 0.000453051119825035 0 0.00269152597228991 1.57846748606463 0.136009563480128 0.134392169537994 0.00683943313972843 0.0155898491291133 0.000596804649698844 0.000315289679383733 0 0 9.32319515062202e-05 0.00285921245586072 0.0138411305268141 0.0449878119357509 0.00843560775966113 0.0242262089005088 0.219382473332653 0.00116067093012419 0.000120419317265849 0.00112956065393614 0.106918711545622 0.0285186112909597 0.0232446247899926 0.0321942600857609 0.00285902290238602 0.007345118680531 0.0244596667285822 2.4767179364169 0.0939563085325456 0.000130658388035375 0.000964557668930961 0.000438581400147778 0.118492462999151 0.00763516706264617 0.00393403844749848 0.0300402989860962 4.59132578725534 0.00541079157015962 0 2.22335401076463 0.027606210286983 0.243404360668458 0.0130758197026878 0.0246275389178816 0.00101053316640494 0.00186718700542249 0.00120564023280873 0.0041409219006243 0.000212978366417121 0.0339231654486113 0.00106613727719517 0.00312717647566512 0.000784245794782474 0.00667430391441126 0.0520908768639956 2.443641943987 0.0587341952295471 0.000808734169631753 0.0027153865816616 0.0105080292377044 0.0270853919815807 0.0194451252946267 0.00087250618935987 0 0.000335191839201127 0.000148123558234506 0.000168993400997245 0.0122994691175826 0.0364345489744239 0.00572197518227893 0.000854241654300298 0 0 0.00309054761516731 0.000310050537262345 0.00223628889196564 0.00474057622522787 0.0086092465048244 0 0 0 0 0.000152512695914037 0 9.75677004866598e-05 0 0.00021868481410418 0 0.000473370726907221 0 0.000741511423581666 0.00025627110825798 0 0.000236940305447977 0 0 0 0.000276657983547257 0 0 0.000174028022594398 0.00154002689396225 0.000201691485762377 0 0 0.000100647221927202 0.000307592801865068 0.00113920081970837 0 0 0.00746761232879398 0 0 0.00688017779775525 0.00755780634989242 0.00749564587747158 0 0.000221790101283413 0 0 0 0 0 0.000660823586196832 0.000283258370197752 0.000210874308641251 0 0.0381672758708021 0 0.000586017751367704 0.000133835274124916 0.000703255746442772 0.00255280410815531 0.000224781100626594 0.000127019799170946 0
0.155220335646903 0.000293559347554893 0.000640393479712852 0.000446739601856525 0.0995965069053794 0.0743291929052104 0.0131079455326464 0.00149159050114732 0.00141191083228714 0.00214574944694207 0 0.00269152597228991 0 0.172974347645436 0.013489663065495 0.0290843256048691 0.0109735558115174 0.135256520173097 0.000366453527156623 0.000473720614651008 0 0.000161574718049052 0.000235388122509615 0.518874147766045 0.000581396082885475 0.000338244270892796 0.000216348489419108 0 0.00103173573945714 0.000742551756179209 0.00692444471745923 0.00246185176811762 0.000273253620645649 0.000642183326569828 0.00220223792398177 0.000238189761981157 0.000287472209361338 0.000292679030163242 7.31032280025225 0.0150221183766171 0.00234364193736225 0 0.000919365621114953 0.000615590763695315 0.000495445673055137 0.00192582523724376 2.08823600574015 0.0127292893725337 1.3468161443496 0.000705593662907615 0 0.0323603551916965 0.0688922389519661 0.00679472715187337 0 0.000863052945972085 0.000320950376127872 0.00137684699032739 0 0 0 1.51517261808884 0.0186821777938202 1.1138456523387 0.000436137117062363 0.01534457013506 0.00048999531567035 0.00192841523713299 0.00203378993078113 0.0432651580863567 0.000891854024922152 0.000830371414367086 0.00192878639054772 0.00273889675481348 0.0127729968427903 0 0.000190658360588562 0 0.0120442853519327 0.0375215575701415 0.00368619064908054 0.000723928971496181 0 0 0 0.000154701660643042 0.000730299157552475 0.00236305439245927 0.00269651892209491 0.00335147062173983 0 0 0 0 0 0 0 0.00315399134412945 0 0 0 0 0 0 0 0 0 0 0 0 0 0 0.00307827700411112 0.00117035223468168 0 0 0 0 0 0.000175369366944761 0.000707472347987459 0 0.000763321329701449 0 0 0.00105677086446015 0.0108396590439758 0.0017732128916696 0 0 0 0 0 0 0 0.0124341834910482 0.00217769866451556 0.00570772311329214 0 0.04101039733694 0 0 0 0.00427059735738877 0.000190855484512371 0 0 0
0.210098346662866 0 0.00277129827232903 0.00595964216376399 0.0285607052389321 0.0686656777268681 0.0478306386510372 0.00667158501369152 0.000759536419114835 0.000933463433495835 0 1.57846748606463 0.172974347645436 0 0.189767745424886 0.111205053467578 0.00268835124777572 0.0219059834714401 7.92185240056382e-05 0.000112421963358388 0.000231235940662754 0 0.000272302779472981 0.101518455301844 0.00483893853096201 0.0150283079214095 0.0027427860752339 0.00959860699155629 0.0307143192190373 0.00120910461711685 0.000975705015587661 0.00213387334524803 0.000572567896268314 0.00107313381882503 0.00053873389865923 0.00852072889872867 0.00134661480886714 0.00280414165580771 1.83821637480103 2.98115648847442 0.0290840996854742 0 0.00044263791397281 0 0.0145221775909485 0.00357316592426684 0.0321902876578371 0.00340976472709784 0.857391360131239 0.0022976769760507 0 6.24437778891815 0.159161909914305 0.209500089080996 0.0049157531090781 0.00757377373433832 0.000311174821592541 0.000208626872720647 0.000293283646999112 0.000709566130514303 0 4.11952810519261 0.00136444376383312 0.0306410924402311 0.000134248246612751 0.00960812264934501 0.016273913570377 0.560456371162257 0.0122473685147805 0.00389759839631134 0.00166846043268055 0.00388976099092448 0.00988380159382063 0.00257265062957584 0.000592345969348818 0 0.000522117752698505 0 0.00747951388859816 0.0386301020972904 0.0174688833276393 0.00170083096641178 0 0 0 0.000987400389722297 0.00171902552484212 0.00141465962936514 0.00633883471145654 0.00762783671833488 0 0.000493971154182579 0 0 0 0 0.000165599925497605 0.00130300518722885 0 0 0 0 0.000150236210230041 0.000364460257370596 0 0.0005055199680227 0 0 0 0 0 0 0.000553960803554326 0.000803481612068786 0 0 0 0.000167264118099418 0 0.00068888726201698 0 0 0.00802566360976607 0 0 0.00525205497027668 0.0143449382863921 0.0068403937900398 0 0.000225018708363989 0 0 0 0 0 0.00431942741701739 0.000431251037886396 0.00248564985650317 0 0.0551208794214799 0 0.00037757345767421 0 0.000461417644531583 0.000223040637871305 0 0 0
0.805809585357599 0.000118072154376476 0.00934242019130118 0.00949069986809208 0.250216629375855 0.131455332182791 0.116979463809429 0.0123788535312154 0.00155958230952591 0.00132676809766703 0.00011091580064404 0.136009563480128 0.013489663065495 0.189767745424886 0 1.05321982730635 0.00673122667788932 0.0232152220970142 0.000516472742749165 0.000273039421964484 0.000122912017011159 0 0.000680538014539132 0.0328623043007889 0.0104392458331646 0.0143413955938316 0.00609541660670217 0.0313806015911235 0.326373293472692 0.00232917166667689 0.00251703791667554 0.00142822338581011 0.000269785818137401 0.000435328956683127 0.00012483999392513 0.00571369150904681 0.00170663253126401 0.00413043497218273 0.0441096776032 0.0667356763596446 0.00957666897602415 0 0.000399861694034649 0.000243589238726897 0.0963363016948898 0.00575807513129972 0.0130214993052402 0.00558792439944152 0.321416712642279 0.00187129131556519 0 2.96549277201882 3.5681367955291 4.87178675631043 0.00489544622208778 0.016784538710914 0.000753408510118359 0.000565394482467293 0.00024207437020831 0.00202023191443357 0.000118514212535874 0.509898979540862 0.00368776547812717 0.0231156997740659 0.000594579931423268 0.0304656659179493 0.0431488969947076 2.00689031044841 0.565800534116468 0.00653764030472728 0.00245303039049092 0.00411269389351142 0.0161831039891028 0.00124780356990086 0.00348656087414596 0 0.000584369074143942 0 0.00759396709454296 0.093414287205364 0.08082084326612 0.0106925206021752 0.0013252590913731 0.000138545932376611 0.000181347765222932 0.0064980523030098 0.000429708124567291 0.0069573184493833 0.0269170697340748 0.0430885512686311 0 0.000297164643495225 4.31756934693027e-05 0 0 0 0.000162404982572384 0.00210976993245321 0.000241289582327497 4.5451267472693e-05 0.000503298167715341 0.00012777700640926 0.00126258025651069 0.000562988845212679 0.000628485177127583 0.00175637761021664 0 0 0 0 0 0 0.00237366689873868 0.0042531272800579 6.31796473649082e-05 0 0 0.000679724953816119 0.000509600958074107 0.00118942838036395 0.000471058961989703 0 0.0140155034749968 0 0 0.0221912904937077 0.0398022011906143 0.0279787726583007 7.02748658991644e-05 0.000264791795931293 4.68471115808219e-05 0 0.000113438277875836 0 0 0.00332350509952333 0.00173988803922658 0.0026489128771779 9.12335561771126e-05 0.119318727030484 8.33714294109665e-05 0.00344038000522871 0.00104685643176381 0.00144201554465609 0.00196413917462323 0.000149460867832126 0.000266589325398793 8.53077850435091e-05
0.322889945113878 0.000171695950170067 1.57495557634935 0.0556992641835506 1.07528971574411 1.84015061240052 2.61206126030428 1.52673149024409 0.052005613675054 0.00397273609104758 0.000261123561999996 0.134392169537994 0.0290843256048691 0.111205053467578 1.05321982730635 0 0.020166086790585 0.0390952607714047 0.00151523539742165 0.000823272431578824 0.000242780764653818 0.000175423438720488 0.00352052110159327 0.0863967802036082 0.0147710948260548 0.0149271585760807 0.083480858858121 0.0597455469420965 0.929031592820749 0.0261991343468455 0.153078591753692 0.0099033322385164 0.00108732073196401 0.000871191058997766 0.000727577949619845 0.00556594032633192 0.000586836120648969 0.00409372290240754 0.050001496598046 0.0694269105692143 0.0140771232175408 3.63304022155287e-05 0.000750786419592206 0.000299085549943778 0.296738406439021 0.29764851868213 0.0339973431091647 0.0119353855639041 0.589795509596621 0.00151112359870844 0 0.349370001190815 0.773302511382971 2.78491910112197 0.00293709013901038 0.0196313833015184 0.000559680602353653 0.00182241566699841 0.000680109183826238 0.000940386024668664 0.000319492646396156 0.1030187802553 0.0198187084832067 0.0692778361022536 0.00218237524241054 0.151677843434474 0.087691336673414 0.326620573340025 0.886348523917786 0.308281785952365 0.0159481208964259 0.00285430668406599 0.0136030323178493 0.00205097794066529 0.0143333272709291 0 0.0128215795335912 0.00184601866773074 0.0258774792684147 0.18923358439128 0.255645872552816 0.258810903847305 0.00331257413755262 0.000492689586704505 7.59672976701365e-05 0.0115287169035745 0.00320156450508252 0.00918453309131015 0.0617351200102014 0.21908592309546 0.00148232786788808 0.000751675693322414 0.000119589767642889 0 5.01466031409478e-05 0.000755895942965371 0.000336986118032601 0.00967008427711302 0.000752238835236838 0.000679425711231384 0.00236052436935031 0.000542331163118077 0.0343279665734271 0.0029181776037763 0.00120050506103482 0.00606217576450947 5.63333497793444e-05 4.9960950291611e-05 0 0.000461843245214696 1.92507399553849e-05 0.000144360829802349 0.00383263886754802 0.00460885075799903 0.000652942494291062 0 0 0.000464040732534131 0.00825657099894558 0.0230096413488328 0.00276609383053696 0.000373978017577205 0.030507852463251 2.88131118688609e-05 0 0.0300681945588705 0.0536466475287435 0.0570456520230367 0.000458759568055301 0.00253297042099995 9.33063744316173e-05 0.000242895607172991 3.25019342756971e-05 0 0 0.00932353049131515 0.00508843136893035 0.0103494711738363 0.000207754694967859 0.271481755715476 0.000952378970080679 0.025591026382041 0.0269060244302404 0.00549063315618209 0.00563977033218319 0.000221571335610942 0.000633395178453997 0.00013047068215819
0.00609095629813895 0.011056928981451 0.0346582523307684 0.0476149072837901 0.00159895365314999 0.00213855816637623 0.00477352247191806 0.0110573320367447 0.0011910488285707 0 0.00269014887736861 0.00683943313972843 0.0109735558115174 0.00268835124777572 0.00673122667788932 0.020166086790585 0 1.36918229863702 0.00815250021299341 0.00856684993295739 0.00284770711176513 0.00391242305669339 0.40100226380834 0.0280315709892633 0.0113270536216438 0.023019699636698 0.0164340215265683 0.0311510051228436 0.0692643292713698 0.00639260173167675 0.00176861462613887 0.192267716631293 0.420719470342183 0.151587438047963 3.69851782102872 0.0368749493842858 0.0224488675387745 0.0380964386058045 0.00862481048824643 0.00874539099621836 0.310821153379139 0.00194838687657245 0.721100554101778 0.0352113973250395 0.13144227033652 0.0110133691273182 0.200769499768783 2.2778562879628 2.97786598035852 0.344040451404387 0.00152519961060205 0.011202681703856 0.00525500324057058 0.00925708537166085 0.0109833092244487 0.0215637752601418 0.0145827480562689 0.0233879477493413 0.00757879749524358 0.0121643251753046 0.0104418018752215 0.00681455032587343 0.0364613280503941 0.0740480413546015 0.00774389464051205 0.00447591748997537 0.042931581143396 0.0163005181139338 0.0325708783431793 0.00644972946241948 0.0110432466110553 0.284916773337215 0.137009541241826 0.160597284455443 0 0 0.000255366021899565 0.000184490353923851 0 0.00107010454238243 0.00327147041214262 0.00484931447972999 0 0 0 0.000190509087045684 0 0 0.000709033105444283 0.00203807872345993 0 0 0.000109574393570462 0 0 0 0 0 0.00166401390056079 0.0010331901824481 0.00148699611174116 0.000269823356933138 0 0.00226545322937607 0 0.0018993327113232 0 0 0 0 6.65996172132879e-05 0 0 0.000548908383731089 0.0010954278049124 7.95253345662727e-05 0 0 0.000637361107754817 0.00309341261662888 0 0 0.000485916639919669 0.000699109366643899 0 0.000173852637826268 0.000411103667408041 0.000257453564226837 0.00048440451862089 0.00361698505911916 0 0 0 0 0 0 0 0 0 0.00743199076439437 0.000525033222223387 0 0.00307134292101583 0.000854261881943388 0.00563829482246246 0 0.000294676255631414 0.000761164538263567
