0 0 0 0.000259734987002572 3.49839570730975 0.641038747291335 0.00924226246416435 0.00016713026039103 0.000148323777970876 0 0.000175289701634051 0.0148563450277339 0.162365691213071 0.173077568747766 0.483955805522919 0.929724507682313 0.00216909908418042 0.0507186560008089 0 0 0 0 0 1.04185849561342 0.000267750486211202 0.000130397008912509 0 0.00024584627740519 0.000866389074675575 0.000109049866813945 0.958661041488039 0.00897531594442206 0.00020731632985293 0.00027069050931966 0.000474740060876045 0 0 5.57096455261977e-05 0.317511748080534 0.0133041018479785 0.000290523811141401 0 0.000416416153106463 0.000272882631321997 0.000832924241809765 0.000164546788658178 0.551149189861085 0.00372682688288477 0.121684906347324 0 0.000393853659603514 0.27513362581756 2.94505051664365 0.0515214446263794 0 0 0 0 0 0 0 2.74087073175879 0.0997415531254786 3.85804376583157 0 0.0736008621675675 0.000486837785686887 0.00311823068688434 0.00133737597993988 10.1166653323351 0 0 0.000175186286605967 0 0.0139853026736732 0 0 0 0.0131143544955819 0.0526158674483226 0.00221399589422786 0 0 0.000240668939572778 0 0 0.00409381510331141 0.00164600574745898 0.00246902790628897 0.00548640109583032 0 0.000407645972671601 0 0 0 0 0 0.00222221822001784 0 0 0 0 0.000112932685318937 0 0.00250197149475297 0.0054069027316709 0 0 0 0 0 0.000212586022622389 0.00606241868457549 0 0 0 0.000144006574840472 0 0 0 0.00703148600705483 0 0.00213123946260324 0 0 0.0015108593948992 0.013332424080513 0.00106668419556306 0 0 0 0 0 0 0 0.00159246960224983 0.0018241640011126 0.0117266020537804 0 0.0907252906493756 0 0 0 0.0102188954441712 0.00013038496955785 0 0 0
0 0 0.00105235494596774 0.00020317625340018 0 0 0 8.7751268315079e-05 0.00139802038292279 0.00323584247113543 0.112188388316786 0.000480975775763085 0 0 0.000236828117635854 0.000144013919386063 0.00742083981566565 0.0049621720879722 3.21252497577393 0.399243583836926 1.42682453773612 0.759243163775091 0.0097180941576744 0 0.0177891439099426 0.00137782122159349 0.0170194677168451 0.000360485173491815 0.000882753759791896 0.0101317200528683 0 0.00143645813123018 0.000738012392692559 0.00259633974207073 0.00596020631652245 0.00127844869793996 0.0369023436043271 0.00671166026937491 0 0 0.00233153258561715 6.2958724753286 0.0154769698775176 0.687667750836017 0.00269727703824107 0.000843225196609215 0.00142318445827646 0.0161784919771021 0.00264029923439324 0.0670894012652665 4.30526212921466 9.50171929569596e-05 0 0.000112590790387603 0.000311396024058011 0.035570954777426 3.00456297009651 1.29278314066546 3.3439338908682 0.541520618935834 1.2905312146662 0 0.00135901280770788 0 0.0968368206354708 0.0176173711037887 0.00204802362232904 0.000391260128582348 0.000475458661267571 0 0.00363723980392594 0.855613447135883 0.121878907899469 0.00201425343266988 0 0 0 0 0 0 0 0 0 0 0.00227558079797189 0.000304170515890892 0 0 0 0 0 0 0.00114374282653216 0.00593735821451824 0.000594624050588743 0 0.000445118127342034 0 0.00142523474758271 0 0.00384923634880633 0 0.00023729437943819 0.0121328695440829 0 0 0 0 0.000127730226934414 0 0.000350129062414509 0.000874347859922465 0 0 0 0.0018999588672219 0.000306289381446258 0.00737146270254599 0 0.00136130160578655 0 0.000912970303465925 0.000314578219058718 0 0 9.98254851134524e-05 0 0 0.00131891807047938 0.0130129060190634 0.00200245261407661 0.00240046532053591 0.00126772970837408 0.00160259906126677 0.0013322946506283 0 0 0 0.0124318156614688 0.0108198572802096 0.000872268948780097 0 0 0 0.00628464296019566 0.000707655173120759 0.00121745661894405 0
0 0.00105235494596774 0 0.0271438364007408 0 0.00558700076176156 0.0598351619117066 0.788992835614521 0.0789025120955077 0.00740222676495912 0.000327466307773951 0.0119615444528166 0 0.000881335759503558 0.00246426703423432 0.483492893423928 0.0331299319134653 0.00704408766131379 0.00118742191736835 0.00108569838235517 0.000165453306846822 0.000385340024482324 0.015649873570501 0 0.0070606331677188 0.0440521601656333 0.849567501223644 0.402670709932953 1.16521533494515 0.201809318066378 0 0.0164610998753922 0.0080840398871462 0.00307409446763721 0.00215310390690219 0.0120397525936821 0.00131105793970354 0.00147329825954717 0.000277910368148282 0.00104242713141215 0.14266819666081 0.000864682351737079 0.0014580173103682 0.00454410779756103 2.79375666478441 5.56924574925255 0.00577647657848421 0.0533929127864778 0.0535979595160803 0.000840435590996738 0.00095287269938378 0.00466372851939097 0.00141637816690759 0.0101352527049072 0.00158476302437015 0.105099177164375 0.00239008501900453 0.00408837460943529 0.00102799307977811 0.00119041638553691 0.00160420150541744 0 0 0.00148211130316468 0.0110623977933076 0.439307716382636 1.26703320023773 0.0317050375320025 0.0423191398141284 0.000377706414489282 0.231634416803423 0.00501858174653484 0.0114420625807353 0.0125956591711491 0 0.000335360255823194 0.118088203887107 0.0130142074130784 0.000236893635177544 0.000393255133986276 0.00846408891430378 0.148538902385962 0.0141457209129393 0.00147185453767133 0.000860269037327357 0.00221399764684702 0 0.000153575939325946 0.000829796284268252 0.0326543824374978 0.00555256152882151 0.000449844464133547 0 0 0 0 0.00102429992556736 0 0.00131503018439696 0.0164521863102967 0.0142542196660902 0.0117243818198575 0.0544532743244041 0.0175530730964079 0 0.00532410713658888 0.000990391505045575 0.000180535085626179 0 0.00188971189161571 8.8570646034584e-05 0.000773239515033393 0 0 0.038636912462426 0 0.000201587158713091 0.0018996711127376 0.0502927639751583 0.1684926377231 0.000624717743627656 0.00682089678413911 0.00581363703347889 0.000839101111970331 0 0.00109934924049702 9.14721198712314e-05 0.00676296830162981 0.00296123313588069 0.00671347155816521 0 0.000143905372033397 0.000825592001489271 0.00101646187822708 0 0 0 0.000144958565662448 0.00109940619940639 0.261787093894251 0.0400417523919637 0.00934828304249066 0.044302708388209 0 0.0261024467902394 0.00277332274797046 0.00459177240734515 0.0042452686513644
0.000259734987002572 0.00020317625340018 0.0271438364007408 0 0 8.01916347887253e-05 0.00714373861708014 0.0129427136673371 0.000692347144495287 0.000223780530776957 0.000311196863797813 0.914855187110096 0 0.00360627339344233 0.01372845836925 0.0275517018942203 0.130079970925439 0.0611316886489544 0.000546980812860605 0.00158521100849988 0.000245583426247886 0 0.00308231925743873 0.000308580850668922 0.0217319295322712 1.26482145235373 0.0108265921802277 1.46964559277073 1.34147828292323 0.00630285301653406 0 0.00818869584499084 0.00986696508904591 0.0104604834194726 0.00111847400340425 0.0473489743745341 0.00540622278475531 0.0119707528327624 0.000817991615200707 0.00683294931309754 0.40970014643692 0.000754488765726249 0.00182479945295099 0.00167076842173529 1.48033021496318 0.00664203328877093 0.00280275191380358 0.108331650521703 2.55908918511886 0.00164458953813153 0.000867850027956365 0.0159241830761497 0.00150431900865794 0.0422610674368947 0.00921543025394228 0.0321064434057282 0.000653672775862459 0.00240914340060496 0.00428424193927178 0.00190657916864307 0.00118441389855941 0.000777746355270052 0.000663705151061482 0.00125713851698556 0.00203586146715499 0.00497218121186342 1.27219441051396 1.59281234156842 0.0897192460332374 0.000123953927053256 0.00491903577537158 0.0262760992046972 0.0389053094851704 0.0179738914040687 0 0 0.00113713464888981 0.000433012011647232 0 0.000121857200975128 0.00161185905292523 0.00392804791190096 0 0.0004987994199354 0 0.000284102033517223 0 0.000242771488062968 0.0003298256401254 0.00253831244969309 0 0.00016214171489558 0 0.000418527331456746 0 0 0.000160579791152138 0 0.000128104917685045 0.000306955930220083 0.000740856933383643 0.000709077172506269 0.00360751753497586 0.00161112425564011 0 0.000913873806868925 0 0 0.000530349380945005 0 0 4.02216473356395e-05 0 0 0.00117179219996374 0 0.000148857963614877 0.000472288280909394 0.00203560377096273 0.00480822474438052 0 0.000496261513067136 0.000256215715376679 0.00108678021918224 0 9.35781112380435e-05 0.000111164564171884 0.00121528674301465 0.000440358460254538 0.00188493113173214 0 0 0 0.000212758272444885 0 0 0 0 0 0.00532501124158824 0.000654988802239868 0.000583656504339961 0.0018628214683963 0 0.0015256969948403 0 0.000600838762225477 0.000592126849512639
3.49839570730975 0 0 0 0 0.93705897085551 0.02242980075776 0.000526527562594106 0 0.000263230397572842 0 0.00456084915315525 0.108532627945017 0.0379855469172611 0.313421634948142 3.42711210165299 0.000912101370611484 0.0259145120496868 0 0 0 0 0 0.0805166324271379 0 0 0 0 0.000273613275674208 0 0.0691972961441869 0.00231475935106441 0 0 0 0 0 0 0.25074920869304 0.00544407000737334 0.00019904008952433 0.000167199036962648 0 0 0 0 0.154181150032979 0 0.0801873125933221 0 0.000477363273110612 0.0854418378932048 2.58550532189531 0.031342487277781 0 0 0 0 0 0 0 0.494499746687315 0.0134876087735001 0.425120797386124 0 0.0444862868322077 0 0.000599821340973301 0.000479117844111037 3.12808223787532 0.000205555122908246 0 0 0 0.0119727902619403 0 0 0 0.00893473919441945 0.0327641911234015 0.00329440715432313 0 0 0 0 0 0.00163980892994594 0.00209617018797555 0.00192461951306466 0.0034830559944245 0 0.000153065391043702 0 0 0 0 0 0.00078712045641022 0 0.000250559497066278 0 0 0 0 0.00019048449878642 0.00186475679262932 0 0.000366637588495873 0 0 0 0 0.0043557750699523 0 0 0 0 0 0 0 0.00188359904452962 0 0.000190035672369932 0 0 0.00173394191888508 0.00654654191997558 0.00160812897202755 0 0 0 0 0 0 0 0.00303742353095366 0.00239140649571246 0.00542413027467804 0 0.065622182189604 0 0 0 0.00374431750767677 0 0 0 0
0.641038747291335 0 0.00558700076176156 8.01916347887253e-05 0.93705897085551 0 3.63158485574997 0.0521729883089981 0.0137815711779175 0.00668857781676162 0 0.0207714787545368 0.0690929820275335 0.0716258594932876 0.177104164956704 2.14749228143543 0.00225026206768443 0.0363218080965416 0.00054973325998695 0 0 6.87525430791563e-05 0.00072590819001711 0.0752128105678009 0.00029132308869688 0.000265519284307391 0.00205479656785907 0.000108360575613552 0.00345427579678993 0.00459545566446495 0.160183138838491 0.932491610473843 0 0.000359538520650245 8.38585233368426e-05 0.000270745040612051 0.000331280987273127 0 0.136797525931651 0.0204298535207418 0.000478585251108266 0 0.000129976097862533 0.00147321085872596 0.00334083616670087 0.0147022156911419 0.161538248468998 0.00185723847539477 0.24920175800769 0 0 0.156648158346014 0.61542578438155 0.113328780545573 0.000155611256740918 0.00106054369309614 0 9.24187863921974e-05 0.000106611369464268 0 0 0.171685936689845 0.625430526181182 0.260770193652708 0.000310891405208673 4.38746878662147 0.000729886614702826 0.00642061416933769 0.00394759528133989 2.38509446609364 0.0249496661228133 0.000404668744264306 0.000477856378493235 0 0.124111224796396 0 0.00112962356797518 0.000731514668841218 0.133067373692061 0.707306084896515 0.0917507487105986 0.0125977033184242 0.000944466080419813 0 0 0.00300519721342433 0.0279872251484655 0.028012561210387 0.0559484992443749 0.114816418558736 0.000819460986884943 0.00325287559584976 0 0 0 0 0 0.0349562000199003 0 0 9.57119051238006e-05 0 0.000989117734510905 0.000153441931272563 0.0117374567939417 0.121768779834957 0 0 0 0 0 0.000102689986138946 0.0426803850875135 0.0028615073449137 0.000483110217949121 0 3.96170339964136e-05 0 0.000596909190425378 0.00175878533820456 0.0465303979412908 0.000478540232119271 0.0273616972131474 0 0 0.0361998126673145 0.209899577043119 0.0521669078152525 0 0.000132820856489704 0 0 0 0 0.000320703022550523 0.0360426683242253 0.0277297944020185 0.0707502854905078 0.000116600015347651 1.6923898609949 0.000565964299381981 0.00290835316674874 0.00098689620765291 0.0452479810050306 0.00112019878124658 0 0.000343528102850084 0
0.00924226246416435 0 0.0598351619117066 0.00714373861708014 0.02242980075776 3.63158485574997 0 3.67257614625411 0.216133715893784 0.0962174372830961 0 0.0707462932240312 0.00371691610524218 0.0291388676889754 0.0836399482252853 1.85906016618303 0.0102942004213442 0.0110475325708789 0 0 0 0 0.0052129076140486 0.00168097699306278 0.000851921167907973 0.00141017622452272 0.0146928407141977 0.0021820827319675 0.024956802198595 0.0456891190239882 0.00135647768269434 0.0252163045898652 0.000236563087498446 9.10009067025264e-05 0 0.00107136526841244 0.000500140701602916 0 0.0110921640902756 0.0412838209827395 0.00541162830492115 0.000104112218206756 0 0.014525823269386 0.0197439003685871 0.306396962381488 0.000334233022218241 0.00758443458147403 0.144006073791664 0 0 0.113658153434889 0.124874101252338 0.289523820985481 0 0.00740247103516872 0 0 0.000369021411835065 0.000735804078350144 0.00124185954730782 0.0171868290219987 0.00680239589944977 0.00868621571604672 0.00775734221651477 2.11658118867716 0.00982433158900814 0.0867483578864708 0.0411094701735629 0.0218166850665138 0.343053280763671 0.00108957406307104 0.00137640034781194 0.00186967946575325 0.0030008202064795 0 0.0191691570225302 0.00223039155716132 0.00500306040793404 0.0619696197458281 0.410233072892205 0.123647518733845 0.011671820143815 0 0 0.0228342860994677 0.000629524251235533 0.00768389364134489 0.0761053056796791 0.177775563362962 0.00196261583388813 0.00340418076948338 0 0 0 0 0 0.000438849008713902 0.000484302810890324 0.000440113436439519 0.00221127028497643 0.000341771796780745 0.019060552748383 0.00205485098980441 0 0.0153327894043047 0 8.72422127804959e-05 0 0 0 0 0.00450803558039795 0.00812075289851548 0.00203675916373532 0 0 0 0.00443160958913084 0.0180313947192677 0.00101921835561864 0.00123019672593635 0.0181460382187239 0 0 0.050506801500057 0.0424143104121519 0.160370107894375 0 0.000922175218632811 0 0.000251300055190909 0 0 0 0.00176012439671248 0.00166239395101631 0.000750750623111153 0 1.20389948774822 0.000954845084206421 0.0494178628949921 0.0342843223048066 0.00174465598995075 0.00402386865861817 0.000345352770987845 0.000216569921990829 0.000233230267972229
0.00016713026039103 8.7751268315079e-05 0.788992835614521 0.0129427136673371 0.000526527562594106 0.0521729883089981 3.67257614625411 0 1.46412539542343 0.232376291029558 0.000631107771707456 0.0168071614199973 0 0.00211898258800298 0.013836939555028 1.72896098711635 0.0138516952444996 0.0138755872989877 0 0.00233262792467761 9.10859958249688e-05 0.000512186010242894 0.00954064974457893 0 0.00382034197420468 0.00374039049341232 0.0646683108433695 0.00940893465512002 0.149432397560585 0.142694855541481 0.000183167244469875 0.011679674658044 0.0013507420923281 0.000823972027494619 0.000685227463149904 0.00355941506944452 0.000496062275470981 0.000466003942334777 0.00122746311517115 0.00486234277411649 0.0181510087430552 0 0 0.0361996122512572 0.12582776529617 3.91766250608272 0.00185375447147029 0.0166852105751672 0.0424993415731155 0.000183790035658313 0.000747789097963953 0.00531113673677593 0.00367257643785354 0.0742523423217855 0.000463099025139635 0.0153829145652402 0.000199661289006782 0.00216435977896082 0.00137894720305076 0.000199325852676806 0.00173549114641065 0.00104154477652619 0.00103967886508766 0.00119514792484426 0.0252129229301736 2.66049232135509 0.0596719352749809 0.0516235289864012 0.15694911009412 0 1.30057015954683 0.00382306883806431 0.00271956755928399 0.00389992575917994 0.000159688761311271 0 0.0886692705806921 0.00481718648361789 0 0.00303787698637 0.0804348138569395 0.405312508533256 0.0144070669028112 0.00349594057354159 0 0.0085366098346172 0 0.00103931719434218 0.0109971016238126 0.130234560489851 0.00570725961505754 0 0 0.000244990002767408 0 0 0 0 0.00024693292011412 0.00157944872383127 0.00524332301405399 0.00392765010197157 0.0974033188424214 0.00643598748670091 0 0.000669608440576425 0 0.000330585059183087 0.000436923336463571 0.000254106536146277 0 0.000211005788372439 0 0 0.00884677774457046 0 0 0.000408875086611998 0.0259500382793681 0.0680364668340628 0.000433167655575099 0.00114543074593399 0.00957519939772276 0 0 0.00767641956589903 0.00193379659310833 0.0345753776608983 0 0.00338367095897855 0 0 0 0.000207392936983535 0 0 0 0.000772230337690676 0.000761248946378787 0.461992015911188 0.00871518714488349 0.0333869660800789 0.116728088080503 0 0.0135331161556551 0.00060666722963674 0.00114151490379488 0.00220290550993352
0.000148323777970876 0.00139802038292279 0.0789025120955077 0.000692347144495287 0 0.0137815711779175 0.216133715893784 1.46412539542343 0 1.44557393004169 0.000539012295986685 0.00049384011614926 0 0.000130157202197247 0.000348816368495413 0.0152365742169699 0.00264087157009322 0.00101236270920431 0.00151029932020035 0.0050200032418373 0.000491987000626148 0 0.0198074168294101 0 0.012900987887061 0.00807434926814083 0.063174803011506 0.00255849295203804 0.0047853874544759 0.43432427042884 0 0.000307025874875199 0.00208350244705029 0.00246342199983607 0.000162416275287434 0.0115046504470708 0.0026579573674697 0.000701434359313129 0 0.000243962761864412 0.0179754522465781 0.000632861164117302 0.000658630780847862 0.0936308512950465 0.0269314680696265 1.82915395244873 0 0.00890934272492351 0.00129299379684082 0.00089399470470657 0.00521737798235782 0.000847869631532314 0 0.00642680264841068 0.00750968603854461 0.0460088866096915 0.0067399526907292 0.00658698021254842 0.0105057132288842 0.00747820602721211 0.0127604843281145 0.000207464621354691 0 0 0.13939987278161 3.26217692953866 0.0338014058924018 0.00356905124353565 0.0074904986440902 0 6.27589976088842 0.008493883980929 0.0090199426588991 0.00734084662778947 0 0 0.00286725242148319 0 0 0.000357105709078739 0.0029203911707036 0.00481581082131603 0.00635140323916689 0.00428963008564789 0 0.000165356748565174 0 0 6.38115228924212e-05 0.00133741342295354 0 0 0.000231669538293913 0 0.000123504360105755 0 0 0 0.00274536637127384 0.00168783135493065 0.00939138946128468 0.00166826452951429 0.000248652701970893 0.0207435146489835 0 0.00145110021222083 0.00113835451630867 8.90815691645822e-05 0 0.000216532074028719 0 0.000277933651888633 0.000464205428713005 0 0.00884428314487581 0.000356090646647711 0 0.00162320338217722 0.0025484665014401 0.0176226371501762 0 0.00180644781376284 0 0 0 0.000353014493903632 0.000116302305040767 0.00221887041279734 0.000936328992017336 0.0122745595312366 0.000331971042478712 0 0 0.000327935539160759 0.000173376856173718 0 0 0 0.000671678534534607 0.159346675100285 0.00845547974460702 0.000459413855048166 0.00052057793848477 0 0.0267916625485955 0.00112558797561448 0.00229992930539634 0
0 0.00323584247113543 0.00740222676495912 0.000223780530776957 0.000263230397572842 0.00668857781676162 0.0962174372830961 0.232376291029558 1.44557393004169 0 0.0142038713586776 0.000930888456334714 0 0.000197149533404477 0.000152771026624723 0.00557905267751925 0.00237321953721828 0 0.00316360455374008 0.057198328527927 0.00362029201119113 0.0147561979402177 0.382904197079265 0 0.0171703792793637 0.00344922371199857 0.0510261593014164 0.00109658370445638 0.00156804670030407 1.29389976909433 0 0.00258582425696297 0.00131358468461848 0.00178592186516669 0.000730545001477907 0.00331610906935071 0.00642572316521198 0.00190837773673606 0 0 0.0113946392018865 0.00516182899876786 0.000899881135274392 2.2526792261064 0.00281511170115434 0.118215735948907 0.00220208212663929 0.00698215728292852 0.000351002775932346 0.00444127919306173 0.00221227834887794 0.00017245335701812 0 0.00239202942629887 0.00761267888011813 0.0557820940545626 0.00933287224873758 0.06024378096603 0.0130353032616029 0.0227260829556326 0.101868977968653 0 0 0 1.05478449280641 3.8757161996518 0.00673161020904462 0.00117268185864113 0.00131349226604798 0 0.756774354995152 0.0131241968250408 0.0102106921911102 0.00573554533406817 0 0 0.00265942306022722 0.00084702084032047 0 0.000116116752678369 0.00107067248128317 0.00291247411272402 0.0140763162713855 0 0.000482039403007832 0 0 0 0 0.000698046519233565 0.00095878301297795 0 0.00218056767501718 0.00532704979858055 0.000905244145306433 0 0.0006029869507687 0 0.00385971506270898 0.000848567251103566 0.0103503371335254 0.00126532476065182 0.000113271527343636 0.0189428962080333 0 0 0.00180402477483667 0 0 0.00445915307340988 0.00113538222065081 0.000809474583595457 0 0 0.00117647294214535 0 0 0.00592263307145468 0.00196059642789511 0.0121545490691061 0.000459290898441309 0.00092556774024255 0.000675436752149445 0 0 0.000117445237546449 0 0.00156831725370009 0.00597545166813004 0.0151635773390413 0 0.00548398748981327 0.00189838844238718 0.00327592034604413 0.00114849769048564 0 0 0 0.00975392316662574 0.0991422298562941 0.00567103412718272 0.000229876397418699 0 0 0.0185948552484763 0.00166984888129022 0.00262162420541272 0
0.000175289701634051 0.112188388316786 0.000327466307773951 0.000311196863797813 0 0 0 0.000631107771707456 0.000539012295986685 0.0142038713586776 0 0.00017687397830281 0 0 0.000229874218070283 0.000154172424225797 0.00218381636469712 0.000997829171391479 0.118811716034278 9.91599488694091 0.0233315372801012 2.51013409240441 0.00681682730901846 0 0.00956298738796534 0.000548010500557414 0.0191716684119101 0.000642180885757665 0.00105239758973014 0.0131236616960436 0 0.00109827292903574 0 0.00171594615180969 0.000926479818730926 0.0027453480109243 0.00539401877205925 0.00410480278517711 0 0 0.00373354482320336 0.996985776281504 0.00202714118989875 13.2470534314755 0.00189285466805831 0.00120129728244944 0.00109991532476733 0.00890651134168135 0.000606223162035874 0.00680056345218894 0.123132331544255 0.000270279782512894 0.000177337901341161 0.000477271909285509 0.00147834838119885 0.0454493488648511 0.199358437708791 0.966697599025488 0.0563288872924407 0.00829071661649349 0.0758748546052204 0 0 0 5.56321047100572 0.101128464240597 0.00170257736355923 0.00010957402288112 0.000438256554812578 0 0.00243283194459751 0.0217896909502004 0.0183136448875727 0.00337503733971001 0 0.000678433773426327 0 0 0 0 0 0.000485142723689096 0 0.00160686743597791 0.0597117192180844 0 0 0 0 0 0.000344046028420295 0 0.0038956594154885 0.0295525804247455 0.00216684297008246 0.00562816286023438 0.000688213062798896 0 0.00355480280728571 0.000417101820588119 0.00903845411495801 0 0.000412589435508238 0.0188726360821428 0 0 0.00129418313659191 0.00021855247353585 0.000384584881726914 0.000211088014265335 0.000296208561356645 0.00102081986283536 0 0 0.000620415513044412 0.00557290656702335 0.000366706741615689 0.0991166752345881 0.00019433305413457 0.0012079950262092 0.000734338076318349 0.00106549317140035 0 0.000447667907493655 0 0 0 0 0.000641109954558768 0.0155789423756116 0.00737564013387969 0.0135612755543127 0.00959782236121914 0.00475049787956112 0.00777741152852615 0 0 0 0.103694288826319 0.0407798130747967 0.00147703597958606 0 0.000171507642074626 0 0.00413902335790478 0.00369877189718023 0.00404744940049806 0
0.0148563450277339 0.000480975775763085 0.0119615444528166 0.914855187110096 0.00456084915315525 0.0207714787545368 0.0707462932240312 0.0168071614199973 0.00049384011614926 0.000930888456334714 0.00017687397830281 0 0.0115450277888228 2.36535013138271 0.301516420772374 0.182983978520352 0.0399921748032065 0.110478322945026 0.000217574211565562 0.000630394011706637 8.15352711721392e-05 0.000153071273026878 0.000946723796992319 0.00447621571621446 0.00545009180635023 0.0653864858507557 0.00453088462313211 0.0141097101570642 0.29012278187002 0.00281814242566976 0 0.0060778859763183 0.00215398591028637 0.00314188453321556 0.00166123690995663 0.0176532819620913 0.00334509532661099 0.00527851866301022 0.0769871888050424 1.78000392004073 0.130044519722961 0.000461884147647384 0.00134036608906981 0.000391550171002474 0.066079432818524 0.00441396188893891 0.0124557784196283 0.0340345022936423 3.49606354684765 0.000429080564787292 0.000489403397152723 1.71472071546321 0.088721871736771 0.431119952098678 0.00181137047079015 0.00935784837167614 0.000526437321007359 0.00110427729520083 0.00164005146535709 0.000974346448217806 0.000577294468525217 0.207810905220728 0.000204948778843419 0.00761414312815487 0.000529747544934974 0.0198459824999105 0.0659426431211735 3.52068568204778 0.123977984056888 0.000554568439253143 0.00293512762648076 0.0122239369826165 0.0192475544429869 0.0069789864494 0.000535158703008042 0 0.00112780501123409 0.000112410698353356 0.000711119365194487 0.00487574905212521 0.0225715876758241 0.00713561887468877 0.000878704675243787 0 0 0.0010616492982244 0.000244063700193748 0.00117800098404987 0.0074643195819551 0.0142957644892989 0.000372473013419975 0 0 0 0 0 0 0.000234071131884398 0.000238848059899797 0.000355400515689783 0.000486435249516227 0.000129769135315261 0.0011031348431103 0.000544277700350487 0 0.00162927873517362 0.000136185634393719 0.000123893050932924 0 0 5.13675166114408e-05 8.60406799083595e-05 0.000286717593879778 0.000465979162325103 0.00130267566456138 0.000275179464125086 0 0.000299803066562774 0.000494960593051378 0.00535711911036474 0.00044202528747978 0.000815830746967302 0.00444590185211279 0 0 0.0067826267701386 0.00467530281843161 0.0104897967415868 0.00024295094118764 0 0 0 0 0.000399837469635692 0 0.000190192217654352 0 0 0.000462879657260488 0.0353649552758787 0.000113044071430817 0.00328435098730746 0.00400507753663629 0 0.000468661316263439 0 0.000316051625765753 0
0.162365691213071 0 0 0 0.108532627945017 0.0690929820275335 0.00371691610524218 0 0 0 0 0.0115450277888228 0 0.430692884834906 0.0193650799884471 0.0245208641330742 0.00451064778959094 0.0376462948735277 0 0.000638587193559234 0 0 0 0.893981513197742 0 9.99783883852325e-05 7.073915740426e-05 0 0.0010743137277274 0 0.000214028761472217 0.00164345872343177 0 0.000132750029955025 0.00207666359713532 0 7.21906403403126e-05 0.000176980842431143 7.66207872669907 0.0274513249999203 0 0 0.000320922632915666 0 0.00107492295370314 0 2.30305840574289 0.000234329388638861 0.467005683127864 0 0.00128985989902451 0.0462958354720635 0.241097247361066 0.00856364766227808 0 0 0 0.000266454510863528 0 0 0 3.21894616719827 0.0264493270780931 2.28252352927947 0 0.0240205221269821 0.000157593350227813 0.00184973348452807 0.000364240467302546 0.0473176466483564 0 0 0.000440194775851457 0 0.00208806896206408 0 0 0 0.00358579213446998 0.0154438295930854 0.000140300236160032 0.000181878751362935 0 0 0 0 0.000937640471179826 0.000602918850575632 0.00064386621337696 0.000845151625415957 0.000360793247330031 0 0 0 0 0 0 0.0012304196960124 0 0 0 0 0 0.000246218303175953 0 0.000406142326505911 0 0 0 0 0 0 0.00183520308840443 0.000366416746165299 0 0 0 0 0 0 0.000670373010043007 0 0.0008703476169859 0 0 0.000642961797425552 0.00401647755679441 0.000484879935664695 0 0 0 0 0 0 0 0.000387565200746186 0.00117942209780579 0.000398800938309195 0 0.0130248725633734 0 0 0.000677033428217858 0.0017797138001373 0 0 0 0
0.173077568747766 0 0.000881335759503558 0.00360627339344233 0.0379855469172611 0.0716258594932876 0.0291388676889754 0.00211898258800298 0.000130157202197247 0.000197149533404477 0 2.36535013138271 0.430692884834906 0 0.228267850896808 0.108013383548513 0.00738138447058237 0.0815428712728628 7.2223709531383e-05 0 9.95665832086417e-05 0 0.00013844833185829 0.0913663708192657 0.000506882103854108 0.000894102784229926 0.000329843424093062 0.00187717442268413 0.01199483052712 0.000239621421076973 0 0.00219878938069692 0.000128203505037019 0.00058647904554304 0.000494929231390565 0.000688561929831501 0.00032717556430157 0.000777651492759331 1.2750130223048 3.08536321364402 0.00767437784168889 0 0.000825152427683946 0 0.00364088746562516 0.00105182418331193 0.0315402542197302 0.00663488049068129 1.1210552153017 0.000233408506836744 0 1.99131396814232 0.418634295458057 0.191509403501462 0.000477376407692706 0.000578406673185343 0.000276908271530461 0.000527576398082553 0.000249982005264125 0.000264214861939592 8.56206224277012e-05 3.82707064824844 0.00107514715907855 0.107966624545708 0.000243955234786706 0.0162622595150549 0.00325231583696533 0.114175278979161 0.00987701442023362 0.00852068916439963 0.000129989977027872 0.000433261461550743 0.00146428893644797 0 0.00261124221426173 0 0 0 0.00380577241845737 0.0171245305341437 0.00772311113117847 0.000740647108726572 0 0 0 0.000950885908596772 0.000789710593791456 0.00231589907262508 0.00430521032234259 0.00722595641974871 0 0.000667340317478587 0 0 0 0 0 0.000529938028662825 0 0.000130339063654583 0.000337143642796269 0 0.00013645970323557 9.04107814187101e-05 0 0.00182520504951505 0 0 0 0 0 0 0.00210918471573969 0 0 0 0 0 8.48106758493828e-05 0.00046751087125773 0 0 0.0014994547736611 0 0 0.00325240544870376 0.013441264358625 0.00528979579409357 0 0.000141116017848171 0 0 0 0 0 0.00216673039606625 0.000130539085224885 0.00118456271045446 0 0.0334894753018212 0.000199517460238975 0.000299582461325207 0 0.000621072763669961 0.000341202394153958 0 0 0
0.483955805522919 0.000236828117635854 0.00246426703423432 0.01372845836925 0.313421634948142 0.177104164956704 0.0836399482252853 0.013836939555028 0.000348816368495413 0.000152771026624723 0.000229874218070283 0.301516420772374 0.0193650799884471 0.228267850896808 0 1.26515087072208 0.0145657706314653 0.0468065770097094 0.000111842373224398 0.000316942897162677 9.73228469352341e-05 0.000217430568180395 0.00183965153759693 0.045176760697141 0.00758974925108751 0.00644919996992987 0.00279471390542962 0.00772537387121553 0.228931202614096 0.00159660586700577 0.000362926118736102 0.00898657069165121 0.000561749086478561 0.000920487071171765 0.000142381279550282 0.00183845744373391 0.000806848044837814 0.00255521617570063 0.0603463002120914 0.0578785172549309 0.00571379905838703 7.42865550783902e-05 0.000996820594229766 0.00110264926799498 0.0460674574337707 0.00216479653931569 0.0164552073750448 0.00844432067199044 0.31093396250595 0.000192982798325057 0.000337324189168692 3.53711106421603 3.41462632607226 4.2050651982088 0.000543916004227277 0.00956378492611808 0.000184174802781665 0.000703570407081674 0.000785819699057137 0.000459629988854657 0.00084545567362201 0.563942251078884 0.00170852390802404 0.0553352937543206 0.000477187825996261 0.0658008265689131 0.0196827620198952 1.15661152582486 1.18152039168735 0.0185985252517075 0.00273968140031755 0.00404063972402684 0.00795060669965253 0.000641186539994654 0.00361867540806645 0 0.00113950908972234 0.000330465545850625 0.00648004249171642 0.0413621002074062 0.0691681621924198 0.0160305435124457 0.00122318197265717 0 0.000119026072183982 0.00572838589891269 0.000345696534111694 0.00495156240095847 0.018644191541801 0.0490781753402485 0.000263513677163632 0.00124853858047506 0 0 0 0 5.11099363828312e-05 0.00104715161879779 0.000402098466584372 0.000354131084210755 0.000511851422117169 0 0.00381531328865313 0.000859903035193574 7.98961785727879e-05 0.0027109120448368 0 4.21550280079001e-05 0 0 0 0.000211854798817235 0.00201239115572004 0.00180437961762343 0.000493029057191952 0 6.21209409258508e-05 7.59996341969374e-05 0.00116335667696504 0.00182821471104768 0.00137554101961614 0.000690070652755134 0.00784630249583692 0 0 0.01636332840504 0.0246682056987661 0.0347374426091034 0.000216525357818933 0.00048802364566071 0 0.000398561065100007 0 0.000160591275672012 0 0.00158380124813842 0.00058917781482682 0.00125723758074368 5.36840791374384e-05 0.140493618666955 0.000914522530838666 0.0135980493615185 0.00559615988946988 0.000593203998803585 0.00101557280367297 4.75341528146378e-05 0.000166655201343818 7.67161375244585e-05
0.929724507682313 0.000144013919386063 0.483492893423928 0.0275517018942203 3.42711210165299 2.14749228143543 1.85906016618303 1.72896098711635 0.0152365742169699 0.00557905267751925 0.000154172424225797 0.182983978520352 0.0245208641330742 0.108013383548513 1.26515087072208 0 0.0224055802996784 0.0500736088997112 0.000516191755025354 0.000448977474522685 0.000247691314456615 0.000214911485762347 0.00704420609324631 0.0377938056450495 0.00561847139539135 0.0125302006541078 0.0536119197502701 0.0134180021002257 0.607581451666758 0.0278598671642073 0.0147511148723079 0.0108566971264819 0.0011315464351865 0.0015692319529651 0.000687005394431082 0.00228809652449045 0.00101532951487117 0.00150413681052646 0.0504420329448205 0.0461945329021298 0.0251954829197556 0.000481696694904112 0.000962513713776836 0.00257711965266945 0.110075910824514 0.474970942819419 0.033636810114637 0.0188559281906268 0.31935204373885 0.00082375382740037 0.000149112491527533 0.36484639211097 0.948125647588134 2.5895224504727 0.000341868833035662 0.0179195138045653 0.00038915818276485 0.00106544643655736 0.00109259361133181 7.97667433297291e-05 0.000828675584415072 0.0903165854448258 0.00510585490815152 0.0993209174637154 0.00241999672648142 0.455781911446625 0.0737521027737316 0.228404084885809 0.712481667513573 0.292325852252802 0.0527908947071072 0.00357906787324351 0.00714518225948558 0.00155940736991824 0.00626833781453723 0 0.0347494889449503 0.00531751455239267 0.0115360242626254 0.103105510676879 0.229433889497488 0.215910981578825 0.0056031800690643 0.0007818999303355 0 0.0212253598864766 0.00118937588963667 0.00926672578701973 0.066631656875188 0.284624723963825 0.00294641793773589 0.00171943828550447 3.64086098247982e-05 0 0 0 0.000341836397501002 0.00277850621703072 0.000629494103264972 0.00303242891166294 0.00281460373528478 0.00215957560767393 0.0584981054663849 0.00570108986159799 0.000413499189522644 0.00571841365465047 0.000404629576980845 0.000415863292505534 3.70934543949654e-05 0.000246977310823554 0.000110203729181165 0.000147983798766006 0.00558402178079726 0.00292488042567295 0.00510850322166067 3.43707683649226e-05 0.000258743185894022 0.00044231230740856 0.016512096635334 0.0333503083289322 0.00372738811038743 0.00330002487655231 0.026790563641326 4.00300813850271e-05 0 0.0400504496534568 0.0609544609484245 0.113110892704564 0.000222048763271092 0.00228216571573561 0 0 5.74235478668049e-05 0.00012421176743369 0 0.00419554737239642 0.00112002667244526 0.00324716794727179 0.00028729894459633 0.452585760205319 0.00727116431133735 0.0572374012607295 0.0698626080033098 0.001414436248939 0.00848408612179842 0.000377617987547475 0.00182941587109585 0
0.00216909908418042 0.00742083981566565 0.0331299319134653 0.130079970925439 0.000912101370611484 0.00225026206768443 0.0102942004213442 0.0138516952444996 0.00264087157009322 0.00237321953721828 0.00218381636469712 0.0399921748032065 0.00451064778959094 0.00738138447058237 0.0145657706314653 0.0224055802996784 0 2.83675569110368 0.00568526913536127 0.0060926551011138 0.0229277265838601 0.0138169107585209 0.207165914306319 0.0201288011222351 0.012535593340494 0.0526644962457651 0.020930105286063 0.0517496209446109 0.139104159795592 0.0101879643923249 0.000270781974353082 0.0472842742671712 0.0313848950363033 0.24837833636801 2.97096063053641 0.0204775992116748 0.037193184916063 0.0379035732864557 0.00681211204197082 0.0126444430030735 0.48269082113828 0.00534281435778642 0.623879996414503 0.0218295674263971 0.225817945835481 0.0248849516864184 0.910816538705946 2.38972115890081 2.22196432601264 0.138664151931125 0.0277387151484701 0.0115924027599343 0.00758939124394596 0.0295783589472444 0.00541770853014989 0.0273627001201446 0.0176438959086858 0.0217328793484345 0.013163435269054 0.0399311109483963 0.0547782382871694 0.00588118124956011 0.185579190528322 0.0380728160709488 0.00662923189294656 0.00787691853784671 0.154978597797824 0.0641628361044068 0.0746095416164335 0.00859901324584478 0.00722960613907794 0.125359695699078 0.0723993833727676 0.0446640053085477 0.000123064545857882 0 0.00283610933133307 0.000325980465735273 0 9.47883101085154e-05 0 0.00259374156411473 0.00219057712554929 0 0.000454343593446538 0.000335992973359026 0 0 6.53598231991799e-05 0.00173878161426352 0 0 0.000321779758329515 0.000855689305049478 0 0 0 0 0 0.000313093724781601 0.00187806722186623 0.000293038969550028 0.00212947045450758 0.00289114411744905 0 0.00262754881140502 0 0 0 0.000825869586865299 0.00014393647421901 0 0 0 0.0023805126427642 0 0.000243983920205221 0.0013708723490548 0.00160685011120976 0.00526373460625713 0 0.000842690866163009 0.000629031923614826 0.000721678437219653 0 0.000394245095456224 0 0.00103977743060716 0.000541102089271252 0.00298334866856535 0.000528317613716002 0 0.000202984039352608 0.000466442987756215 0 0 0 0 0.000497716655722437 0.00956084413044128 0.000490134655751619 0.000865798128250328 0.00169923679561459 0 0.00479053690701971 0.000301271251789827 0.000797072220940602 0
0.0507186560008089 0.0049621720879722 0.00704408766131379 0.0611316886489544 0.0259145120496868 0.0363218080965416 0.0110475325708789 0.0138755872989877 0.00101236270920431 0 0.000997829171391479 0.110478322945026 0.0376462948735277 0.0815428712728628 0.0468065770097094 0.0500736088997112 2.83675569110368 0 0.00230329029970414 0.0017125286708866 0.007259811895493 0.00503970543158524 0.0157359184850651 0.144727702840353 0.00703515386018278 0.0100423567388848 0.00362499965316393 0.00723940514671839 0.0847960594746678 0.00304540457129743 0.005721982021877 0.0361704680114281 0.00515831913203072 0.0838491925867618 0.246297494277029 0.0081706583665255 0.0161104846285397 0.0208804901931505 0.118010981522865 0.0826881451216187 0.0686570992633266 0.00241825449029112 0.0902806837415118 0.00897653854535762 0.0632635212213769 0.00329460027667948 4.68357862268367 0.621077933323073 6.41088159069562 0.0169864617359654 0.0086297094511115 0.0721385058957976 0.0548263276001751 0.0759114003116061 0.00231432404263287 0.00959463655959181 0.00310379118240346 0.0070628986054039 0.00892224104747318 0.0149772483963723 0.0179895802810838 0.0826315235437757 1.66922528358584 0.310908110965252 0.00223232201766499 0.00831630373488217 0.016393380599669 0.100059969714627 0.0854335657693639 0.0692060906566933 0.00468345543106185 0.0473870839615915 0.0497675191952678 0.00953908757217513 0.00030924538421559 0 0.00118603843148493 0.000249946406526019 0.000613813788686708 0.00117388655877716 0.00394355801720767 0.00557663080829584 0.000247630513723618 0 0 0.00045369293594078 0 0 0.000960411157466515 0.00386354673428534 0 0 0 0.000118804388076657 0 0 0 0 0 0.000351816694692012 0.000117735334303056 0.000279981915967158 0.00153961995434579 0.00123058045722327 0 0.000298217964779093 0 0.000166720409723873 0 0 0 0.000217548704900863 0.000608706961909455 0 0 8.55537581640614e-05 6.30035002774929e-05 0 0.00033818063453846 0.00185326073857851 0.000208575564786288 0.000107377675124809 0.000541237618660725 0 0 0 0.000927619488559991 0.00125627423067883 0 0.00210972250634208 0 0 0 0 0 0.000210528656244935 0 0 0.000457577048852706 0.0153314381201041 0.000815196736089346 0.00177229152035475 0.00359919823713802 0 0.00148479984152142 0 0.000487349986580704 0
