0 0.000267195317262027 0.000623234621225191 0.000834964133019832 1.93058136254494 0.14526087009361 0.0189070125951264 0.00321021530948646 0.00120702986548389 0.000302735901666858 9.14542107535391e-05 0.00325656172283251 0.0732533993144568 0.0243649021052742 0.471841274362673 0.857565636514551 0.00633979870049976 0.0243824313862564 0.000174685259740006 0.000167078453311261 0.00045651557455903 0.00149354785691735 0.000280791218364048 0.246245699138056 0.000234721471691421 9.44601211007139e-05 0.00036314561136755 0.000190846923560153 0.00171551024508058 0.00166491965722371 0.641428774066438 0.0112342580570965 0.00106730369013508 0.000505553414902916 0.00326250594992172 0.00021415463036499 0.00059296595827112 0.000478644127472892 0.0561528035325506 0.0138341354214043 0.00136853762796161 0.000580053149018678 0.0026267590691698 0.000269799585836339 0.00131034661181821 0.00303592347569644 0.143640072310998 0.0072533423602074 0.123458687579662 0.00164933414327676 0.000590420449961184 0.180755895381776 2.44488984172764 0.0562781985558641 0.000217361340253295 0 0 0.000962447565409094 0.000356842744720878 0.000737188252846938 0.000867909759430357 0.377606591428863 0.0856135212794554 0.349091383409859 0.000769562959191368 0.0676168515813551 0.000422957985588717 0.00323222685857882 0.00321705463841824 3.55990929142831 0.00390995938873529 0.0034823782885695 0.00139001124052654 0.00041259222411741 0.0496732145722428 0 0.00102664076933762 0 0.019969881105257 0.0892132174198456 0.00296952698092495 0.000533299877941144 0 0 0 0 0.00643756408014798 0.000725689338466406 0.00818904232359636 0.00702650027902476 0 0.000123622609404981 0 0 0 0 0 0.0109931625873887 0 0 0.000159186749026526 0 0 0.000332574984086762 0.00225459948839298 0.00897742286385835 0 7.28472902176633e-05 0 0 0 0 0.00413972364267489 0 0 0 0 0 0.000212399714643144 0 0.00195350643722119 0 0.00109015104675603 0 0 0.00572652868949704 0.0189364247453329 0.00173043123107869 0 0.000115769536618918 0 0 0 0 0.000156653634764085 0.0100352566957796 0.00673681060489222 0.0147335834244576 0 0.111069628117604 0 0 0.000244484092605669 0.0126792612489496 0.000129506216056056 0 0 0
0.000267195317262027 0 0.00163974828474031 0.000523749679526763 0 7.918688975787e-05 0.000117338015366354 0 0.000740814345728543 0.0408776135005445 0.0921293706860935 0.000910705165768666 0.00102421338248653 0.000333953832530125 0.000646089873389235 0.00101497650710265 0.019593438647585 0.0156185824303723 2.31489535871343 0.261062273736764 1.5203967664139 0.510213722488797 0.027149074739215 0.000679506984209389 0.0047096427541743 0.000516527280070444 0.00848336309539471 0.000332300705674594 0.00195615681802455 0.0148796339064734 0.000264678216997157 0.0164286767126458 0.00403982814657236 0.00543194153268282 0.0198773916240732 0.00176823017919461 0.0245947061048028 0.0131450385348543 0.000189721773688038 0.000182843050751356 0.00300772025797821 5.21008826111983 0.0155588025379954 0.464020833121209 0.00224988353168665 0.000184738918215105 0.0227084037603514 0.0570769467593798 0.00769226450341214 0.0880337574748059 4.38061827284864 0.00151678811961522 0.000203533691403757 0.000568641459069326 0.00119676922636657 0.00861547693205627 4.12895640332556 0.440208599962093 1.76437338467285 0.593058956984493 0.637870392097375 0.000921892049811232 0.00201800838724352 0.00337441523621905 0.115126832432428 0.0665044317280244 0.00523592082033251 0.00238536974966342 0.00194694345398122 0.00117007315579526 0.00280356772455739 0.33038743337785 0.0501204443765621 0.00311998571407059 0 0.0109148095215755 0 0 0 0.000126565332324496 0.00015358160140452 0.000746492852405228 0.00235229971460885 0.00536055316208659 0.0258940686295101 0 0 0 0.000185447146323712 0.000112325630115277 0.000386816605229986 0.00016137686676171 0.00779790137014898 0.023210452762067 0.00857178193728409 0.00566131207985695 0.00214146938225523 0 0.00434053019811979 0.000161706463722408 0.00626607179842117 0 0.000154700852495824 0.00549218425624601 0 0 0.000611692517192425 0.000139039140993093 0.0010107567483921 0.000140604299871411 0.00199122878407364 0.000577933543542165 0 0 0.000240973051167668 0.0161700786606415 0.000437515761958448 0.0543406290595052 0 0.00014306829594395 0.000178374523698666 0.00281575725751023 0.000459491821305922 0.00466745610398889 0.000855756252665077 0 0 0.000107541229867269 0.000362570578793998 0.0120285864283516 0.00716746750215053 0.0223687598774996 0.00718481176939972 0.016365072320039 0.010442878824744 0 0 0.000430363890234632 0.037823703436045 0.0396777410399088 0.00103388229523569 0 0 0 0.00396531736075742 0.00166548308908728 0.00421828642738556 0
0.000623234621225191 0.00163974828474031 0 0.0668457179175085 0.000401899854543212 0.0213094745359275 0.0567411849998768 0.61373696778022 0.089354071612227 0.00253677962453356 0.00144787472913868 0.0100416564613263 0.000681161684877868 0.00297911359279356 0.00847260828172808 1.16307448339853 0.0385978191831424 0.00651671216931176 0.00335104786438976 0.00216490320850612 0.000239156575721822 0 0.0089006525081129 0.000430201809784117 0.00766078232737968 0.0750550640300443 0.562997124766067 0.107469626180949 0.627948739105956 0.660004908017644 0.000369415870808409 0.0173308355771859 0.0041934981614053 0.00114634568435403 0.00143197840012759 0.00149652184332839 0.000689548951417129 0.00124713143420522 0 0.0018400885226089 0.0988900445579562 0.00101585618021343 0.00110949470128815 0.00141829272937856 1.91206739715972 2.80939382610807 0.00417168171375139 0.0387959954798631 0.132583248849919 0.000992255134576875 0.000142219500438903 0.0183735033241015 0.00184839619752374 0.0284476331208836 0.00854218932278093 0.0325387683012848 0.00105386939806852 0.0081680121321003 0.00124924028133976 0.00151440690968965 0.00048897199471745 0.00178644728984077 0.0057290240374497 0.00234800546822742 0.0118354173108301 0.115028372048149 0.821153346836752 0.0550550773964966 0.954074099939045 0.00143235560894478 0.0596036491516578 0.00266694538606006 0.00815115661913298 0.00343051716874536 0 0.000207076537680817 0.256105224295034 0.00758456907979692 0.000357082989582702 0.002590561159487 0.0215630178989008 0.303355343222099 0.074859457838331 0.0287506298557744 0.00087669328684674 0.00238057108536822 0 0.000359070504378337 0.00448509782061484 0.0639405623286608 0.00276913800767302 0.00166017336763231 0.00120612688740499 0.00066573622334521 0.000670801697845226 0.000256562797321204 0.00501014361318598 0.000203715991681781 0.0031314516048242 0.00494706740220765 0.0132264023753457 0.0180861884254668 0.129262274467158 0.0574205635684732 0 0.00298797212816346 0.00107146717255779 0.000264981787004982 0.000311954478744176 0.000647926596219584 0.000381484011487922 0.000211956177866526 0 0.000963011432922186 0.00777130067140366 0.000568550309276108 5.47195499454797e-05 0.00215323309830895 0.132060023241143 0.321137110951792 0.000410323666071549 0.00238480197341739 0.0111969934562961 0.0002236298774939 0 0.00381579984113581 0.000526014140401768 0.0183238616329467 0.00174515780489229 0.00775945520337919 0 0.00156564799716669 0.000222478179165653 0.000299833213512916 0.000133732016375537 0.000568181180927135 0 0 0.00939291585717911 0.348527043498255 0.0321369911843973 0.0137518459237485 0.105445051752202 0 0.0775544697925417 0.00121533765746618 0.00242028961479515 0.00155702790512814
0.000834964133019832 0.000523749679526763 0.0668457179175085 0 0 0.00146055349453203 0.00058829793838285 0.0206162812054306 0.00206566298712305 0.000175950393560699 0.000207144731148128 0.235454473331626 0.000124512556734728 0.00330080268023764 0.00622565642405815 0.0320692110065077 0.0757237644533884 0.0100062870112892 0.00203510843339719 0.00135257867088208 0.000179031212565989 0.000283931841240155 0.00164442505079016 0.00039620717203012 0.0162529157144281 0.987127948884746 0.0183563706586879 1.46564988494541 0.750102323698638 0.00326210899351628 0.000342715839109862 0.00510778364324798 0.0064943750568422 0.00409438848391708 0.00131207753957339 0.0155650368129165 0.00348254488810676 0.00673316504965698 0.00151537070535046 0.0139439343437706 0.174633019897392 0.000274720617412278 0.000796384976743949 0.000166329142316061 1.75697041603229 0.0129247231461549 0.00579319029345266 0.0418282815528781 2.34865883256153 0.00329752395467953 0 0.0311870168773545 0.000462482375666911 0.0154986201725999 0.0688248413098443 0.0308665036197917 0.00119289823703141 0.00349142792993368 0.002157812354011 0.004165737248718 0.000189148132001167 0.000624306824315687 0.0018783903454397 0.00105420993474858 0.000636158520266735 0.00181578739512105 1.22226187975288 0.4738771490235 0.0883844505926929 0 0.00240251378177549 0.0168590698840229 0.0349574348185725 0.00798460536601449 0 0 0.00307539378622329 0.000650440366123266 0 0 0.00286884148513041 0.0106016722894423 0.000459477017218445 0 0 0.000275880572899265 0 0 0.000976672804680993 0.00343763119320382 0.000208227399690106 0.000276043436872217 0.000141570739814928 0 0 0 0 0 0.000178628618547292 0.00018366686629261 0.00128272487463678 0 0.0026143262116141 0.00322331901619181 0 0.000159426844339769 0 0 0 0 0 4.82647587355875e-05 0 0 0.000955107172862846 0 0 0 0.00119719422303052 0.00274614458386092 0 0.000619428078856776 0.000708737260343336 0 0 0.000732152195663284 0.000158051213488363 0.00170339576568542 0 0.000409154692889965 0 0.000315310357469623 0 0 0 0.000134634999785221 0 0 0.000154592101421477 0.00748094388488224 0.0002739158328058 0.00103742756620801 0.00512139525272867 0 0.00108516033494314 0 0.00016521245358512 0.000196527959620753
1.93058136254494 0 0.000401899854543212 0 0 0.073636114744602 0.0210992181502594 0.00257330557365748 0.00117624453909802 0.00111969195698417 0.000114101120128466 0 0.0318049158406932 0.00715174683997341 0.201104354478692 0.713887581879851 0.000276154630981185 0.00478494684470882 0 0 0 0.000174094860064949 0 0.0118600721696944 7.06465968157485e-05 0.000144635889301155 0.000332350970161894 0 0.000107359892823305 0.00122004284959485 0.0182602512482384 0.000900103212130646 0 0 0 0 0 8.97347041095781e-05 0.0363638370414456 0.00124005328058019 0 0 9.85575206964955e-05 0 0.00021335079108821 0.000732377522305755 0.0268763105646456 0.00178249647910466 0.0215648751397919 0.000568954181190059 0.000440634756324595 0.0129326444785356 1.12295491405426 0.00824803637306871 0 0 0 0.000390832369931534 0 0.000282652309794486 0 0.0607370575728196 0.00851880193731509 0.0360818881533479 0.000197168651658638 0.0426155859925192 0 0 0 0.208362550780878 0.00357999533919388 0.00039072848016063 5.56061474091957e-05 0.000395347315295339 0.0268225675641456 0 0 0 0.00776989693189355 0.0244487296080542 0.00102717510167713 0 0.000374190997084762 0.000325254800901634 0 0 0.00211867116076937 0.000255030994617466 0.00360039322209832 0.00184500341801163 0 0 0 0 0 0 0 0.00354693009840575 0 0 0 0 0 0 0.000670295814262228 0.000508455128985039 0 0 0 0 0 0 0.00260899316373688 0 0 0 0 0 0 0 0.00240858268450425 0 0.000289110958605857 0 0 0.0029148511912284 0.0132822693914271 0.000428017946105252 0 0 0 0 0 0 0 0.0110900066867662 0.00377151965574982 0.00618720257987193 0 0.0534116621121719 0.00014590352145939 0 0.000189401740614339 0.00137598974116179 0 0 0 0
0.14526087009361 7.918688975787e-05 0.0213094745359275 0.00146055349453203 0.073636114744602 0 2.79337657743336 0.193429403214715 0.0983432115235482 0.0281518443138765 0.000559825714133089 0.00602157600734343 0.0322729402795572 0.0288359199726132 0.0410909317159468 1.42670007041759 0.00195316416012606 0.0129065107532343 0.000447350884546987 0.000371811251997828 0.000252919369331667 0.000845180760854244 0.00490567971272495 0.0205599578154371 0.000751414573609962 0.00114592995104284 0.00842739624774561 0 0.00319843889780645 0.0491924643131526 1.52930036845148 0.889429731055375 0.00119209409448296 0.000260501369874693 0.000406859982602419 0.000464489820280144 0.000233336061979303 0.000583246305336338 0.0382483605741775 0.00817879252387551 0.00183494669953619 0 0.000633718696309124 0.00697146181490914 0.0032839145816908 0.0948639798015431 0.0343929482012913 0.00244930030230358 0.150541761263466 0.000446130887755782 0.000195648655573841 0.062272320485366 0.118079851507355 0.0138208916924207 0 0.000951239774112825 9.86402766989872e-05 0.000802243464730734 0.000154854123341347 0 0.000427221213095309 0.0522092985994591 0.904220422792592 0.072765602290581 0.00766682523602608 3.22348240693436 0.00144268585347697 0.00278842131736932 0.00302368178216814 2.64457938825742 0.118523955800031 0.000859667700611852 0.000995425541648609 0 0.208552934475129 0 0.00243860965535333 0.000161536054454459 0.101110511904374 0.841527089584931 0.0944645939029921 0.00865226304665407 0.00239950212037635 0.000361730030574221 0.000483202990521611 0.00298623106073197 0.016670764540179 0.0164742590047178 0.0702088401007013 0.110429766824428 0.00151145348609257 0.00500199892285878 5.41818701774418e-05 0 7.62598541667893e-05 0.00024933641614191 0.00081333818085557 0.0520228267585249 0.000451668451185499 0.000182699646066801 0.00119071648564526 7.0973400467769e-05 0.00158079294236679 0.0035290456880777 0.106334304323104 0.135982491946128 0 0 0.000210277609859973 0.000132025595350749 0.000183671235396074 4.2954156430958e-05 0.0362084343358212 0.00465173105757178 0.00079620840340513 0.000210644881999823 0.000273606556146434 0.000128330316746538 0.00151425656038384 0.00305331983120819 0.0130387814425178 0.000229140993153143 0.0167277570830735 0 0 0.0550957645008896 0.200543884852732 0.0692736796724159 0 0.000800411331841013 0.000122210996110863 0.000231805200163831 0 0.000175467500858829 0.000237498871633194 0.103587792258845 0.0254550777970314 0.0769424949150217 0.000600171389355522 1.56154001309481 0.000803606525064122 0.00162125006855242 0.00281695509807424 0.0595844791883103 0.00498500005263271 6.01798820640841e-05 0.00039344580260719 0
0.0189070125951264 0.000117338015366354 0.0567411849998768 0.00058829793838285 0.0210992181502594 2.79337657743336 0 3.81050127193636 0.337587423867758 0.0448253826315847 0.0018833124246184 0.0476637467024426 0.00157271803870958 0.0106244564386481 0.0309705285694894 1.06368657567354 0.00244632283380337 0.00300758827772056 0.000351325146259887 0 0 0.000230712475203046 0.00225539364448148 0.00106946819429742 0.000444845813934439 0.00184862096419275 0.0205301751826468 0.000250497006189197 0.00691758437116938 0.0946371509988176 0.0100285897455804 0.038356648744707 0.000231378421531907 0.000254302167170505 0.00027838348661776 0.000186617329973085 0.000284357808764038 0.000263651916014541 0.00134393616820376 0.0204282611806414 0.00379776439340669 0 0.000450809339261352 0.00863181668632532 0.00564416823195998 0.474143127790738 0.0042343773630508 0.00288139842753142 0.0796656320841851 0.000136309092309923 0.000215473320885791 0.0682303380977891 0.0487659703667529 0.0459357516456101 0.00075814065177774 0.000752231713947204 0.000169375489929846 0.00106923711563251 0.000322918006938381 0.000360139436472296 0.000374399064759718 0.00917097037813272 0.0389473624723764 0.00232472595717315 0.015919752189579 1.77607335866756 0.00411581871175075 0.02225436787293 0.0206240310140764 0.0952049340240589 0.253144519220574 0.00267917648256634 0.00140686623728873 0.00122669526172703 0.00933339758246575 0 0.00901214182880885 0.000819023643383526 0.0123556352952737 0.124718493106286 0.690434696450349 0.167075872019298 0.00718931997931951 0.00397532640503351 0.000159750686576001 0.0198140330812644 0 0.0121616258409266 0.0554440761660231 0.127026357769346 0.00159754595129182 0.00412554595438766 9.5151074199786e-05 0 0 0.000535635852570771 0 0.0017232351465012 0.00117421037412774 0.000174755420067332 0.00190574870601087 0.000374109111836145 0.00899466972853363 0.0111523605288203 0.000165443072182463 0.00798063345399298 0.000215463870869362 0 0 0 0.000297767822175989 0.000165492538405288 0.0164396546610812 0.0230735678891302 0.00189596741103955 0 0.000182854994615504 0 0.0060008499274576 0.0135209654926538 0.00263838977517081 0.00141244737179254 0.0528378720844987 0.000364457246197006 0 0.0720169187441282 0.0599386651942143 0.176602863375659 0.00072108934581645 0.00186932730991382 0 0.000432765080061959 0 0.000310485515635228 0.000252500639506873 0.0124380392993776 0.00595723381908129 0.00367898932839052 0.00158576920754779 2.27081487548145 0.000856628515230945 0.037814606413334 0.0162116363405129 0.0022463384504845 0.0192055731757223 0 0.000449308737421095 0
0.00321021530948646 0 0.61373696778022 0.0206162812054306 0.00257330557365748 0.193429403214715 3.81050127193636 0 2.19128339419384 0.0468202868879062 0.00178900440678009 0.032280167953241 0 0.00506349088136071 0.0175678835366002 1.07207884816068 0.0187734795924396 0.00563964213987439 0.00110777800731826 0.00159319317805445 0.000180656643991587 0.00183888365592946 0.00196665706341192 8.72926632607103e-05 0.00398256100027336 0.00778497846900643 0.133340343193968 0.00694900534603902 0.084683170402499 0.327846591322429 0.000603469031085122 0.00528189220487448 0.00164697507295162 0.000734935519027747 0.000202906189887263 0.00260052392115172 0.00146748652827946 0.00135201141320344 0 0.0086730382456861 0.0149773600821982 0 0.00074721996475182 0.00772649886877547 0.075570024669861 3.90454814028807 0.00556719150216241 0.00710525808564332 0.107947285219962 0.00197611159190624 0.000279351462444177 0.0251188412144332 0.00985414396322122 0.0345999795297037 0.00234234336717043 0.00888614528902537 0 0.00627744499270075 0.00168992890290702 0.00170755622032102 0.000283868370805679 0.00155709267110124 0.00759175315899412 0.000702234703663417 0.0292158849841076 0.747101642055021 0.0202743736095 0.0979372105746134 0.165046258992833 0.00896230057977707 0.654117315909291 0.00530625244163354 0.00554722480812429 0.00201900110679928 0.000680706413205881 0.00043741559619561 0.105007453182725 0.00897354821512875 0.000636278955135627 0.010643009314792 0.181361213370509 0.643521114988809 0.0234737865282706 0.00964297250175944 0.000330881070124325 0.0079238937325866 0 0.00141820092956159 0.0273751879769281 0.148007144299693 0.00190171350930854 0.00166677411550398 0.00102537868740444 0.000788404229990786 0 0 0.000898418715596623 0.000174752362259217 0.00254440248602079 0.00204904619961596 0.0100295700839871 0.0073772969224106 0.104155962113727 0.0266980283094816 0.000682866432554996 0.00148954665686188 0 0.000259456515310967 0.000417221583104171 0.000395409844533477 0.000401899569484756 0.000554615432577378 0.00147830910381076 0.00885924606020793 0.0169084236775087 0.000336739299870941 4.19376520155619e-05 0 0.082668526106324 0.096073358392413 0.000472368321207388 0.00198185841958177 0.0379121668530343 0.000400930960148087 0 0.00841623423406189 0.00548064118463807 0.085534412824417 0.000386624108292575 0.00721188043182111 0 0.001932290671629 0 0.000234031980061059 0 0.00193937269919392 0.000338419543141875 0 0.00386639692292838 0.800661383153092 0.0126447304526958 0.0484650716088079 0.203134796839322 0 0.0273472446245739 0.000151294667677126 0.000906860703255626 0.000284471760478799
0.00120702986548389 0.000740814345728543 0.089354071612227 0.00206566298712305 0.00117624453909802 0.0983432115235482 0.337587423867758 2.19128339419384 0 1.11063710799939 0.0159289022694683 0.00339124187987251 0 0.00114788930035077 0.00210828425762932 0.0226304834831216 0.00365092765865629 0.00151719911445479 0.00543021115579734 0.00790293733544065 0.00422158442802693 0.0100634813522539 0.0183618372545593 0 0.0182152194441864 0.0228577585380694 0.0671442269378958 0.00515577943668352 0.00555536183087632 1.10228866950382 0 0.00981592534194823 0.00671214918036239 0.00331876765538016 0.00159903927966803 0.0119642781623894 0.00608942072239124 0.00279494476266561 0 0.00105574055210583 0.0826065099164364 0.00211691275567667 0.000412632770822575 0.0625797599063618 0.0177186706003419 2.8145815266384 0.00148428183132602 0.0238058047288973 0.0168576342270657 0.00506909645096713 0.000277753683619118 0.00373937304481581 0.00279802918720671 0.00295108473357734 0.0149704339128518 0.0371974306420142 0.00395957430145921 0.0144904897607494 0.00479369162547155 0.0406496613638581 0.0186015117919345 0.000554974439249387 0.00805194085027279 0.00034109459044813 0.190214368506579 2.38489018978381 0.0484050644124717 0.00594307719328686 0.0083598311931347 0.0128972077676096 7.18723807532565 0.0163535278771351 0.0221602535738168 0.0100767259490857 0.00120327475317686 0.00187986476466201 0.0272741696156502 0.00111578150303177 0.000194110164665088 0.00330655798590827 0.0110520414770203 0.0105953147021466 0.0195820604144638 0.00378776124857393 0.00250149774622963 0.0015495445693346 0 0 0.000802782666200495 0.00380975170421945 0.002032493936234 0 0.00212863767785675 0.00368574342747158 0.00124693229090276 0 0.00193871162580421 5.33797633543156e-05 0.00613790711510533 0.00351509580411181 0.0164256264285614 0.00404608430329193 0.00811983929625127 0.0344881738153283 0 0.00233866507155788 0.00147930686228333 0.000443045188066441 0.000319507310875985 0.00224766032963426 0.00131116607080442 0.000591133734759414 0 0.000413554870072809 0.00567279618769248 0.00019089789520233 4.79170294670466e-05 0.00333153931049712 0.0114302988377673 0.0505307306367278 0 0.0093287132365009 0.000690462668618929 0.000731890181835098 0 0.000787955335746658 0.00040458187601981 0.00459602432199291 0.00318723840956693 0.0140035342643229 0.00151374723191161 0.00183630969173588 0.00106669079317024 0.00225905619556392 0.00325166110884947 0.00078802092124499 0.000283582629972065 0.000415706874852054 0.0116182952971597 0.112110754266585 0.0131054331402528 0.00113031038628093 0.00284889053998989 0 0.041055732073821 0.00156660151991234 0.00191930889385944 0.00309152276619706
0.000302735901666858 0.0408776135005445 0.00253677962453356 0.000175950393560699 0.00111969195698417 0.0281518443138765 0.0448253826315847 0.0468202868879062 1.11063710799939 0 0.106627820212161 0.000208280894710557 0 0.000258804294242781 0.000542895024383261 0.00370546604335971 0.000381481520423582 0.000651026475876892 0.0396384042487726 0.138196122654 0.0208661761455604 0.215048112463757 0.558147625170212 7.58375874199742e-05 0.011280259066399 0.00174789036283744 0.0269960564434004 0.000890060659940271 0.000898889680095299 1.3613801835574 0 0.00319526586598077 0.000247030196138989 0.00066160795742219 0.00172969456214434 0.00533517181752275 0.00422118776206466 0.00167530669629252 0.000962527817866217 0 0.0141169516940573 0.0977692211750224 0.000634063455356728 2.26909422874462 0.00205424638477163 0.00501820842834311 0.00225487831209869 0.0103206692429081 0.00163070371864547 0.0080771903866388 0.0268229669701691 0.000725052340271037 0.000885437494338262 0.000737417437603151 0.00924211661826199 0.0310602525646233 0.121217871808749 0.161637106866005 0.0165736002821278 0.0468763994352995 0.131785307101546 0 0.00642584288885574 0.000887054676967265 1.0875665564549 3.08143332869373 0.00263650985467289 0.00380842305416496 0.00361397560405342 0.00235913556710998 0.26286165405578 0.0201178334723593 0.0162999034543649 0.00890475340551331 0.000826125624908053 0.0119144368168346 0.0288303003590805 0.000351663145768899 0 0.00142382387334807 0.00599264915908774 0.0044423659760387 0.0133297115096368 0.0110338398138582 0.0306494158404337 0 0 0 0.000733516805245082 0.00212658145164167 0 0 0.00630761039547387 0.0192231052654146 0.00168138160819921 0.00577103884122295 0.00277048808114547 7.97378363307476e-05 0.00474455245406779 0.0010088371914661 0.0115727253247796 0.00203678153238863 0.00583879488708529 0.0178950730531927 0 0.000415653643616194 0.0012028692072558 0.00118775938925249 0.00169774625553775 0.000208611963832067 0.000939408085575926 0.000892929187779226 0 0 0.00169781965767856 0.0117362997473818 0.000433674415568602 0.0563371239945889 0.00665160870877631 0.0408048645358511 0 0.00379224035203895 0.000909042504820823 0.00249797979967338 0.00243289673865263 0.00062918812997502 0.000181533427674706 0.00199560739512802 0.00372703283478686 0.0119157877851288 0.00414890721178521 0.0223023618449926 0.00655385777740222 0.0086421905513378 0.00823114058160107 0 0 0.000745460126609756 0.0470610843965912 0.177111595083535 0.00484010607465891 0.000779858611116235 0.000693780478442105 0.000531416399233813 0.0209553326370003 0.0029515877415897 0.00345307806728854 0.000382354604700499
9.14542107535391e-05 0.0921293706860935 0.00144787472913868 0.000207144731148128 0.000114101120128466 0.000559825714133089 0.0018833124246184 0.00178900440678009 0.0159289022694683 0.106627820212161 0 0.000222032955753322 0 0 0.000612587768762947 0.000702362899663339 0.00183774129342344 0.0013321453269801 0.210838845693791 5.49209118699901 0.0220872058411135 4.77787634041792 0.0140732728872279 0.000265308017896463 0.00596553680432035 0.000758288758553401 0.020193873108654 0.000459609662097531 0.000588392837564457 0.19620489291727 0 0.00178971480586033 0.00133184901106225 0.000806144809206821 0.0023585051758924 0.00116825257920864 0.00437778378130068 0.00398941898387129 0 0.000251977156437294 0.0038067918171969 1.87556355448287 0.00156538773660758 11.3798215714809 0.000970413362164219 0.00479391284378293 0.00431090736636143 0.0105821299889386 0.00238509289620535 0.0121294025035961 0.0428294319744452 0.000699588805427039 0 0.000248033823072744 0.00107940003505525 0.0164974222819319 0.238117634037924 1.00951110793308 0.0213583911206711 0.0259484250048951 0.0583737334344079 0 0.000236100917448093 0.000125744918863272 3.597934849985 0.150159354245865 0.000754263325911704 0.00198759416434408 0.00153663261694085 0.000226373286545336 0.0488105071875541 0.020936328654127 0.0121848174009789 0.00194575846145597 0 0.0212577311781936 0.000637123177347434 0.000167577178000877 0 0 0.000386447396155773 0 0.00174247662368441 0.0132158897770203 3.26412386217204 0 0 0 0.000178686120201341 0 0.00101550461927408 0.000191253997793628 0.0116975567593562 0.263523559708619 0.0131155065278768 0.705301472106564 0.00476472618213565 0 0.00428314996607477 0.000586147553924472 0.00869262268290065 0.0007745940809584 0.000867827137049195 0.00862357805991579 0 0 0.000901031436778027 0.000439457783237653 0.00168918469452586 0.000342976200510145 0.00309183741140176 0.00179936637734365 0.000235811060880791 0 0.000560919779220397 0.377017137915739 0.00121650062742585 1.68478084138429 0.000835316477958575 0.000195653685727787 0.00116731135388605 0.00338621751491003 0.00012511288694133 0.00569376648888005 0.00267315951345584 0 0 0.000126835091794854 0.000376743033656535 0.00913405069728188 0.0282652622245442 0.0537687971437275 0.00508425382238874 0.0141542789914249 0.0263472894926902 0 0 0.000536834417101478 0.150665835403249 0.0772776681728509 0.00193089775661878 0.00055756229612261 0.00117836641113864 0 0.00444099373215168 0.0060811978687773 0.00567383161877017 0.00167245495763835
0.00325656172283251 0.000910705165768666 0.0100416564613263 0.235454473331626 0 0.00602157600734343 0.0476637467024426 0.032280167953241 0.00339124187987251 0.000208280894710557 0.000222032955753322 0 0.00151173973516313 0.81147738417328 0.200924641006743 0.195183354848283 0.00664512751368158 0.00783047216124845 0.00208333857920921 0.00137825146004954 0.000651871500479574 0.000663167896474075 7.16924856240526e-05 0.00254338531898284 0.0130991940197271 0.037061935888849 0.0105167939357326 0.0173802378382102 0.350530642735624 0.00496437660605883 0.000190197440083487 0.00326005975038772 0.0223032890747737 0.0417550024909343 0.0566094962520762 0.021528654535208 0.0132702865123549 0.023376498919327 0.00235940601234168 1.98380186336644 0.0697346194995666 0.000802926724480154 0.00152847949227949 0.000424711815167605 0.126409521470006 0.00829978512962283 0.00894172212845928 0.0405292337819289 2.94951282099442 0.011294930609161 0.00045946006335839 3.6500677279555 0.0457039988477358 0.3161804091106 0.0233668493804619 0.019645018642523 0.000991551393467148 0.00590181860539527 0.00737610350933271 0.0140851237736388 0.00112199880878498 0.0105628354683336 0.00192175352549062 0.00307959460634085 0.00216855637982816 0.00537655172856475 0.0682367700489995 1.89361916238752 0.124841677154249 0.00141669827567054 0.00486338490087166 0.0557461873566333 0.0881788469866264 0.0191400281428899 0 0.000137107856820447 0.000817913242604247 0.000172818572136847 0.000104648446670688 0.00324305288868192 0.0437502378611138 0.014010420279245 0.00148079112288571 0 0 0.00378417282120312 0.000670552805006431 0.00131036055083893 0.00787502598753755 0.0143191998693309 0.000555906987779894 0 0 0.00029304947648412 0 0 0.000196606716550357 6.67221701080157e-05 0.000474560005167745 0.00057226668660023 0.00187754747257902 0.000394429240083982 0.00146657870164679 0.00298052843277287 0 0.000529065691772374 0 0.000117244938026007 0 0.000349055721953428 8.48245200745605e-05 0 0.000921215500628139 0.00126355169155599 0.00115021471907952 0 0 0.00016471613348489 0.00124201628690064 0.0034541572538392 0 0.000591334417097822 0.00553690342326687 0 0 0.00753390225129077 0.0026013805628176 0.0224763832662709 0 0.00217110923413785 0 0.00028240427644502 0 0.000493818799918489 0 0.000136889538305228 0.000302330756707041 0 0.000490400651146072 0.0394601647770249 0.000442784830431676 0.00727143100413537 0.00343531752081421 0 0.00309317015186879 0 0.00042964716350815 0
0.0732533993144568 0.00102421338248653 0.000681161684877868 0.000124512556734728 0.0318049158406932 0.0322729402795572 0.00157271803870958 0 0 0 0 0.00151173973516313 0 0.192274207654295 0.0149197385257853 0.0253901567459328 0.00577988594259904 0.029127013766019 0.000184950254912516 0.000986151004984483 0 0.000993834459880688 0 0.326032161336093 8.49670145103894e-05 0.000187919089904625 9.12145210242663e-05 0.000404627730354057 0.000440594138735161 0.000187099373826917 0.0043706480606455 0.00478695172780827 0 0.0598539663159922 0.110599659846506 0.000206605644865186 0.000347510446175937 0.00081992560245793 4.29590742291911 0.071147696009495 0.00142889456355267 0.000522317220844476 0.00195674302273986 0.000183181739655341 0.00098877881176694 0 2.32196825983975 0.0202152434311451 1.05664037310791 0.00117822370851657 0.00140352611034777 0.119830113787897 0.106417889042916 0.00515299610139491 0.000573394875370628 0.000300816177507858 0.000195766536220131 0.000265429886899633 0.000470576398812303 0.00126976736527002 0.00149303558559678 0.528634573837922 0.0186912656629714 1.87959998469552 0 0.00815392058585851 0.000534243139678923 0.00141275288303272 0.000644900593332731 0.023433973054746 0.000305717948114511 0.00134792334687169 0.00257802116118369 0.00117695965822981 0.00539880033230488 0 0 0 0.000354421593818377 0.00385500697631048 0 0.000211932994511489 0.000873335884700344 0 0 0 0 0 0.000461008333505367 0.000502838583178107 0 0 0 0 0 0 0 0.000735921226905854 0 0 0.000361812073210177 0 0 6.12627015308615e-05 0 0 0 0 0 0 0 0 0.00206334099631136 0.000567090778374101 0 0 0 0 0 0 0 0 0 0 0 0.00113598045776737 0.00269892679401005 0.0002943525096675 0 0 0 0 0 0 0 0.00376499922380355 0.000642214058392258 0.00148987944878236 0 0.016022338165674 0.000160958591021047 0 0 0 0 0 0 0
0.0243649021052742 0.000333953832530125 0.00297911359279356 0.00330080268023764 0.00715174683997341 0.0288359199726132 0.0106244564386481 0.00506349088136071 0.00114788930035077 0.000258804294242781 0 0.81147738417328 0.192274207654295 0 0.0786943983921395 0.0619710545739423 0.00401659417784705 0.0181784927007926 0.000291506710978259 0.000158798575560105 0.000198447413289766 0 0.000588744966409035 0.0736835667012224 0.00130769212775368 0.00230058707383454 0.00103655054058515 0.00051776879969069 0.00635730588455157 0.0010612287769772 0.000148858488002385 0.00207304126380687 0.000701044856365751 0.000729383394163607 0.0014964428758773 0.00159847508165431 0.00123173363246577 0.00321845096838461 1.86273400582963 1.13992100618808 0.0138953478451332 0.000270423867032993 0.000956833577910038 0 0.00805737647032737 0.000755157657361624 0.0708948177094814 0.0100778032361825 0.70120174554592 0.00203723431578715 0.000248830220233576 5.89985639373893 0.243746368127878 0.0890112762780663 0.00115334347758674 0.00147629120025388 0.000626205482665246 0.00144177903085377 0.00231881076925586 0.00101821552530296 0.000335935237164461 1.07440561255026 0.00154232678347126 0.0185767107198848 0.000659199761164165 0.00587231756874401 0.0029002209007042 0.0651031061412763 0.0128883571835577 0.006233860267326 0.000437643606979427 0.00837112173282794 0.0111769768262897 0.00201683614500568 0.00181720225904507 0 0.000334947261234632 0.000157912564005636 0.00084871270105342 0.0130978060679658 0.00835237480461546 0.00116059399699515 0 0 0 0.000558591066934892 0 0.00126679741303322 0.00198986891068438 0.00539937321615567 0 0.000592387925433702 0 0 0.000104082152493412 0 0 0.000271283920514676 8.52311123319231e-05 0.000171014447747756 0 0 0 0.000144274102347259 0 0 0 0 0 0 0 0 0.00149946503814807 0.000714287150830526 0 0 0 0 0 0 0 0.000222061968053772 0.000662308752666435 0 0 0.00585222668779297 0.00805769457119467 0.00619482795092434 0 0.000840739252990283 0 0 0 0 0 0.00319171049142625 0.000463727474807579 0.000230907562803393 0 0.029058819423249 0 0.000544733544699083 0.000764556565695986 0 0.000392311806090312 0 0 0
0.471841274362673 0.000646089873389235 0.00847260828172808 0.00622565642405815 0.201104354478692 0.0410909317159468 0.0309705285694894 0.0175678835366002 0.00210828425762932 0.000542895024383261 0.000612587768762947 0.200924641006743 0.0149197385257853 0.0786943983921395 0 0.978453660288248 0.00568793557810256 0.0147227835963797 0.00757058517486479 0.00209320105268434 0.00156749289651125 0.000720363298106729 0.00112454581392411 0.0505433708263324 0.0330888506020819 0.0128609046465476 0.0098726587237284 0.0116390456028134 0.139103275076252 0.00299058475423767 0.000690557774652198 0.00489015572008519 0.000966556741333238 0.00147315675391811 0.00136318893713914 0.0014111021575349 0.00720119703763884 0.00815184307454912 0.0280785017559892 0.0401458465048552 0.00702494322814334 0.000609593406024429 0.00117604274960526 0.00078793107944816 0.0795904427631932 0.00500896807677854 0.0123881361959384 0.0122602419319953 0.238188926972429 0.0030327808723259 5.81806869956632e-05 1.90509595778368 5.40436329216906 3.48450138028083 0.0035702286471961 0.0409115353256091 0.00187713594834812 0.0126431793146464 0.0171699693959486 0.00937799188204555 0.00105116341739314 0.372702467315803 0.00191724210985507 0.0206177556955264 0.00390288124820119 0.0193618578657181 0.0469616676062208 0.798283253599488 0.95396296868334 0.0120244423141229 0.00293738874611413 0.0196254563822915 0.0433493332918464 0.00200861492105669 0.0051758674830415 0 0.00174409001817218 0.000909320816104576 0.00372234767860625 0.0405005965278674 0.0746653147912153 0.0234545177054104 0.00116789086217948 0.000648087017391507 0.000174169252632901 0.00682844597063003 0.00115706099589765 0.00270326614677071 0.0218205583219611 0.044594238506319 0.000529499566391274 0.000999147774880408 4.04586108844101e-05 0 0 0 6.08236248390349e-05 0.00142109612297861 0.000684250907084975 0.000106721759947413 0.000899759131125006 0.000556580730698129 0.00322330647017713 0.00385351998451253 0.000489895082179805 0.00119068187636284 0 0.000109165535614412 0.000186629752229865 0 3.83378048356205e-05 2.4887672024176e-05 0.00189859580072771 0.00349667670811607 0.000807372906816879 0 0 8.0967490000704e-05 0.00394794487045471 0.0052740394615334 0.000996340529915277 0.000652970616615805 0.00907845617064773 0.000189836309313678 0 0.0163495406656136 0.0220519881764448 0.04384591935761 0 0.00162734193837363 0.000176801881764252 0 0.00035901829404449 0.00017220817203986 0 0.0064860660665101 0.000580788788036526 0.00133566824290426 0.00054130751973312 0.0883664098253845 0.00133503027078508 0.0137906435799985 0.00499828119027187 0.000984350694329637 0.00268647148536658 0.000116021794220825 0.000624976353715584 0.00017288932940718
0.857565636514551 0.00101497650710265 1.16307448339853 0.0320692110065077 0.713887581879851 1.42670007041759 1.06368657567354 1.07207884816068 0.0226304834831216 0.00370546604335971 0.000702362899663339 0.195183354848283 0.0253901567459328 0.0619710545739423 0.978453660288248 0 0.017626749572126 0.0294168258030398 0.00297205077406915 0.00156257000888183 0.000591785754767136 0.000557490325504425 0.00181685522437526 0.0335108571580357 0.0105767531420099 0.0125475030778078 0.114886049206314 0.00664059388648366 0.380319478622371 0.0622153082858977 0.0913155860236919 0.0122337456065901 0.00130458482656167 0.001666917177171 0.00210883872398658 0.00312988899726791 0.00403518149249417 0.00549317550206607 0.0256329010107548 0.059264627682287 0.0125936318038217 0.000483162949810177 0.00207518790176932 0.00161900459375118 0.203624994516913 0.339255231205561 0.0316990107365377 0.0159802040668702 0.466405884277905 0.00258544569773937 0.00029709981723855 0.363101955161292 0.708445161073261 1.90659452058696 0.00204885092955175 0.0226325370452511 0.000789449918162363 0.00621281582478483 0.00289766346864404 0.00328467938916816 0.000980266584224839 0.053429345346797 0.0229236912128839 0.0490845039569707 0.00763980398894984 0.144768380637246 0.0427027094451561 0.219244461297614 1.11129250941538 0.62281213260505 0.0405942910088145 0.0105452922477684 0.0211219785964329 0.00219327950234787 0.031398428097329 0.000215581111570286 0.0314230524672738 0.00772462654439495 0.0186088411648762 0.199262088583773 0.266712913972337 0.276580304896733 0.00944361821256315 0.00295856604994167 0.000149151512678768 0.0192371460321767 0.00320323541273751 0.00927683420090242 0.0874679625522791 0.265484070550966 0.00144039696002599 0.00232932172556376 0.000483781374361219 0.000252091406141139 0.000127664845225913 2.67936939962678e-05 0.00105737198602209 0.0124319009739626 0.00247623294498134 0.00179004223760482 0.00523094788756019 0.00308272663933153 0.049851150138633 0.0155882878138181 0.00179335887349427 0.00637889296744655 0.0001631475213832 0.000259599049872605 0.000233013507037849 0.000145599122909436 0.00034651467353779 0.000412684883818505 0.00759255925969149 0.00837265840225138 0.00430433710211716 0.000217626140987696 0 0.000483352102166377 0.0370610701040506 0.0323146278800586 0.00292354424353506 0.00083826608708228 0.034397610418845 9.99761414553386e-05 0 0.0468952306085574 0.072928787155292 0.163651401220975 0.000748076494017967 0.00492254973933862 0.000170627542648804 0.000388263215192 0.000332813197587304 0.000345576929156961 0.00033527402035765 0.0197507056339277 0.0025755361435655 0.00942006359873222 0.00223140434715186 0.502232649930399 0.00677858628802508 0.0540630794974229 0.0744665040722106 0.00480894381541205 0.0130555842190596 0.00113723018599127 0.00238597397359921 0.000536530240624694
