0 0 0.000584609209378565 0.000494201800540522 4.16763994261418 0.771703054009217 0.0213884407682958 0.000458014236274073 0 0 0 0.000909684380132875 0.0377702333230832 0.11081894749602 0.305347949158339 0.334947870665375 0.00669771210666254 0.0228653376323044 0 0 0 0 0.00010517017951694 4.12783686617188 6.43826610962177e-05 0 0 0 0.000508898967961479 0 0.209222658704941 0 0 0 0.000358921918804263 0 0 5.56088221304659e-05 0.327788978092189 0.00112309936411058 0.000207177593784883 0 0 0 0.000242052553353148 0.00278538860688839 0.312142072790888 0.00463297845790309 0.177745703957938 0 0 0.276248579512838 0.966768212225899 0.0136166550118722 0 0 0 0 0 0 0 0.685776317625321 0.154254017148838 2.42142600950746 0 0.0176763740814411 0.000241751045410667 0.00378775154478588 0 3.28670422606206 0.000251254641590024 0.00019466765368367 0.000282684425153823 0 0 0 0 0 0 0.000874202603228947 0.00341567661046731 0 0 0 0 0 0 0 0 0 0 0 0 0 0 0 0 0 0 0 0 0 0 0 0 0 0 0 0 0 0 0 0 0 0 0 0 0 0 0 0 0 0 0 0 0 0.000614101705076836 0.000151817924415745 0 0 0 0 0 0 0 0 0 0 0 0.000758131791972996 0 0 0 0 0 0 0 0
0 0 0.000203840701121683 0.000154089316106935 0 0 0.000417587657233112 0.000735329186669091 0 0 0.0202812755338306 0 0 0 0 0 0.000478775198091488 7.18143923489861e-05 2.89270637014338 0.10077165668017 3.54039917204351 0.475110854416222 0 0 0.00736398841255476 0.000325213065376691 0.00454158469794679 0.000279286053731509 0.000106395455070281 0.000279263569757496 0 0 0 0.000213773746587731 0.000331649974524103 0 0.0247499551430736 0.0043115175925885 0 0 0 1.35784835090154 0 0.339234511584209 0.00079042482544775 0.000807528245288132 0 0.00127727119003627 9.36958299627695e-05 0.00396622781418289 5.97380234275267 0 0 0 0 0.0208283347292107 2.62032471772523 0.789475508525882 1.62355952260215 1.29519594189333 1.01174995153316 0 0 0.000214982750429911 0.313106582969386 0.00229347208648675 0.00207158230762852 0 0.00094100068338851 0 0.00179607371392998 0.275930337884407 0.0880477827651402 0 0 0 0 0 0 0 0 0 0.000363179944432981 0 0 0 0 0 0.000237599362968645 0 0.000158661593808486 0 0 0 0 0 0 0 0.000162522265845441 0 0.000183149722149663 0 6.18489137900555e-05 0.000112919777423606 0 0 0 0 0 0 0 0 0 0 0.000284290418368981 0 0 0 0 0.00024724094795284 0 0.00035843431063512 0 0 0 0 0 0 0 0 0 0 0 0 0 0 0 0 0 0 0 0.000257804405906285 0 0 0 0 0 0
0.000584609209378565 0.000203840701121683 0 0.0747567793575759 0 0.00701985598271026 0.0560236129634754 0.776083643996817 0.00273220978672146 0.000279053312453106 0 0.003720691222163 0 0.000104330902376507 0.00315227266222261 0.553117586315447 0.0352931532240255 0.00192841970926647 0.00160405953283799 0 0 0 0.000946905760314413 4.41851307536817e-05 0.0104025012876117 0.0916438973320309 0.109761191259264 1.74345366585875 2.09805199902508 0.0353625412968025 0 0.0059608870226913 0.00249626460899552 0.00138487261425773 0.000109043217311082 0.00334531816640822 0.000284658653250492 0.000768311628719381 0 0 0.0497153733579169 0 4.87937395906629e-05 0 1.27951068187248 3.38920994040718 0.00133297368364523 0.0382422968603337 0.033428281838921 0 0 0.00152576665812377 0.000306303516475401 0.0233107709357131 0.00807413749997837 0.0866046661166277 0.00120018586762051 0.0052727760540389 0.000765734098530091 0.000646477244783178 0 0 0.000675347820235928 0.000672167112111374 0.0021932601084303 0.0928275599194864 2.00938141635745 0.00995104648275126 0.205402635116748 0.000380159638564081 0.00277418003388162 0.00072568829712106 0.021803080433117 0.00142888789879512 0 0 2.82458246801728 0.00158669837382172 0 0.00094702829306024 0.00711446466206403 0.111269532786667 0.0289467289957494 0.00129455067643442 0 0 0 0.000176857908334299 0.00367806933330895 0.0259284378852574 0.000640142037445897 0.000648575628537302 0 0 0 0 0.000462470318063617 0 0 0.000344138219427704 0.0434733462714511 0.00656047604022314 0.00804652144425 0.224870872496812 0 0.000258253304386887 0 0 0.000157621735435032 0 0 0 0.00018107948295127 0.000451307556210437 0.00512216602904795 0 0 0 0.0997277448832763 0.120974129800685 0 0.000631043429511157 0.00639133666014997 0 0 0.00372400918586064 0.00208424955241262 0.00889867703661755 0 0.0006463797147778 0 0.000487911756084536 0 0 0 0 0 0 0.000703542580556384 0.00484161051394157 0.010360416792845 0.0201035182088388 0.0231113225270774 0 0.00743399725586895 0 0.00039624456746172 0
0.000494201800540522 0.000154089316106935 0.0747567793575759 0 0 0.00765240764578831 0.055870255253931 0.0440223382542363 0.000895631226936526 0 0 2.41580404103306 0 0.00315374717056555 0.0236485469182224 0.0698117285489595 1.56211706805245 0.0283707857932634 0.00325471521979461 0 0.000231478192991841 0 0.00377569391983814 0.000487587440072953 0.0232977695240505 0.570776352330757 0.00626841529284957 0.679464023870767 1.59202058668726 0.000399976638758083 0 0.0325166691151274 0.0635859927068631 0.00743159557465716 0.00117860261863612 0.0582658839378043 0.00232618301816094 0.00234411149951643 0 0.000281091778949562 1.0406047704274 0 0.000358760431859069 0.000137665482975044 2.39867555760546 0.0198486501325962 0.0145903211889188 0.323188270297852 2.50161842969322 0 0 0.0479341023265143 0.00938607903646352 0.13601788038432 0.0761548770117401 0.0725811449673563 0.00358438424404548 0.0145271133711698 0.00264074056152631 0 0 0.00105392653427966 0.00178188826123304 0.00607375601863871 0.00283021954643308 0.0418445502910814 0.440009792059038 0.849772351826927 0.775152260423103 0.00117167390653009 0.00195577838702169 0.00318010390394652 0.0966397962624502 0.0461060803960537 0 0 0.000141555110310686 0 0 0.00120680367057558 0.0199394617470451 0.0374954565879723 0.00201741733494573 0.000237241668977328 0 0 0 0 0.000396845650153408 0.00528292281701846 0 0 0 0 0 0 0.000722169496717998 0 0 0 0 0.000285224546744428 0.000203239960353433 0.00111658161705452 0 0.00130997505988498 0.000676768951306361 0 0 0 0 0 0 0 0.00029306363073453 0 0 0 0.000359112827714359 0.00283822544145177 0 0 0.000256952096585879 0 0 0.000419049494171907 0.000755903522861591 0.00641926487512954 0 0 0 0 0 0 0 0 0 0 0 0.00480978128690287 0 0.00249948267134893 0.000411450920850445 0 0.000629247179418146 0 0.00013242577035861 0
4.16763994261418 0 0 0 0 1.1506217183906 0.0252952357969489 0.000158492161094922 0 0 0 0 0.00127789409863808 0.00165897641454377 0.51680524870254 1.38763812779229 0.00293486976361988 0.00667451314080173 0 0 0 0 0 0.201506606570342 0 0 0 0 0 0 0.140069921451522 0 0 0 0 0 0 0 0.0190442839348238 0 0 0 9.2387410947796e-05 0 0.000246520115608329 0.000282622912431437 0.0450973830943487 0.000483964786816754 0.0704848454300051 0 0 0.0297349252324948 1.37348562948523 0.0322795921804679 0 0 0 0 0 0 0 0.0194279277305913 0.0357950522010283 0.42935032967943 0 0 0 0.00192771359903336 0 0.827850144647741 0 0 0 0 0 0 0 0 0 0.000428045225709769 0.000311257075392379 0 0 0 0 0 0 0 0 0 0 0 0 0 0 0 0 0 0 0 0 0 0 0 0 0 0 0 0 0 0 0 0 0 0 0 0 0 0 0 0 0 0 0 0 0 0.000187937918091264 0 0 0 0 0 0 0 0 0 0 0 0 0 0 0 0 0 0 0 0 0
0.771703054009217 0 0.00701985598271026 0.00765240764578831 1.1506217183906 0 3.60511578399558 0.165475108616569 0.00121659557271291 0.00033072396205848 0 0.00794049194447904 0.00566567487878653 0.01965877079596 0.769023868485252 1.5385522035579 0.0218643194565771 0.064897270742855 5.6280203263988e-05 0 0 0 0.000184042522946501 0.139013613777937 0.000615842616955803 0.000632273455313418 0.000941667183774374 0.00307570353172918 0.0131289087529243 0.000298597482870274 0.10907775434194 0.0393489360961431 0 0 0.000305849158894695 0 0.000156792789145124 8.65929236510245e-05 0.0639267329094661 0.000391031340716906 0.00116944914526709 0 0 0 0.0229775606515582 0.0609133232983002 0.243562392993701 0.011337341682009 0.613623756146731 0 0 0.246078725078466 1.60721468578756 0.735358539451079 0.000346100958584235 0.00540695244796965 0 0.00114667607222054 0 0 0 0.049572194120736 0.954324401777996 1.17266625834587 0.00340112680206623 1.73302610890121 0.0090109371297401 0.0217677295911331 0.034689783867598 2.65883801341763 0.0118009150843839 0.000113582018418465 0.00459344026149251 0 0.00351208018642906 0 0.000343209153555742 0 0.00283760357991716 0.781621801251302 0.216125044327236 0.012404728681808 0.000378335979130021 0 0 0 0 0 0.00155166999209809 0.00346456272917631 0 0 0 0 0 0 0 0.000472529288646713 0 0 0.000169040147385887 0 0 0.000222278321949508 0.000687926651852886 0.112625751844686 0 0 0 0.000310828643851723 0 0 0.00102004400159192 0 0 0 0 0 0 0.000646692414404103 0.000495241377764521 0 0.000544341028500466 0 0 0.00206062311506938 0.0121739605021048 0.0138048955124733 0 0 0 0 0 0 0 0.00121132747870456 0.00459930818683705 0.00548487741660098 0 0.367251554953503 0 0.000492674950554228 0.000159345085999019 0.00106614415049456 0 0 0 0
0.0213884407682958 0.000417587657233112 0.0560236129634754 0.055870255253931 0.0252952357969489 3.60511578399558 0 2.79502361846397 0.00381863027979947 0 0 0.0102912727004319 0 0.00577951607005841 0.0864613515199219 1.1166882340954 0.0154380812719433 0.00834761335259753 0.00124144180460328 0 0 0 0.000263286891073536 0.00490426753952072 0.00292117000355359 0.00454146272219983 0.00724330997568675 0.0174926012235308 0.12186316835231 0.000572999148923496 0.000326911248274945 0.00117753150388304 0.000256851039471923 4.86888897816571e-05 0 0.000777123966479276 0.000209660488933472 0.000113198514176614 0.00521676174360242 0 0.00526565909475785 0 0 0 0.141988886555551 0.236863240109125 0.00956697032149041 0.00792747546890148 0.17801298307626 0 0 0.0831812171338559 0.124812472739963 1.15254825825089 0.00137391940934634 0.0192451684105237 0.000677039741844607 0.00213864660854587 0.000168394251035498 0.000246504602803739 7.51375135186055e-05 0.00322890688044212 0.0281807527095926 0.0364595076976939 0.0114373923958318 2.99631706551154 0.0384864510382591 0.114128666603668 0.611957749629924 0.104248097618783 0.0337052025164928 0.000366932833682232 0.0111343967464024 0 0.00310027710992182 0 0.00218068346340629 0 0.0066313209306017 0.695702791710891 2.41240229792484 0.207757717179121 0.00477093347805037 0.00102739551860312 0 0.000272330123052823 0.000965078004554178 0.00216405019671154 0.00980317009188937 0.026973826380189 0.000180499574734651 0 0 0 0 0 0.000199690885699464 0 0 0 0 0.000251187531946098 0.0002495424346321 0.000429446578154049 0 0.000746205271299649 0 0 0 0 0 0 0.00148759337536042 0.00249891324413576 0.000597816662260903 0 0 0 0.000618290165735994 0.00232152509816328 0.000772337244676555 0.000125609423248969 0.00726361806108386 0 0 0.0129493295387117 0.0505451753878211 0.123780505383456 0 0 0 0 0 0 0 0.00247173100040309 0 0.00132796901385375 0 0.221393973789305 0.00107489263496967 0.00206686024894729 0.000205678556394917 0 0.00112994345478298 0.000323348117365688 5.7184711405962e-05 0
0.000458014236274073 0.000735329186669091 0.776083643996817 0.0440223382542363 0.000158492161094922 0.165475108616569 2.79502361846397 0 0.279968861631623 0.00490580040528209 0.000174508632823747 0.00134375659903013 0 0.000474843705341971 0.00590260204030688 0.774940231226605 0.0153824100123112 0.00177056965722449 0.00198549679849879 0.000136506021652027 0 0 0.00049431324465532 0 0.0126467622660352 0.0297093798740378 0.0385093678743031 0.0417892265411211 0.350142553983884 0.00942286820530131 0.000165612674872083 0.000458213797836088 0.0033443403658957 0.000697653882036665 0.000113984951692073 0.00142359077383662 0.000697755231980474 0.00135791826108223 0.000232554054489242 0.000150767239912867 0.0157951347703487 0 0.000144467034625013 0.000926140997259659 0.28966448662179 4.3595530147517 0.000386687157497567 0.0135091783498978 0.0239623351061657 0 0 0.00463745618480269 0.0067871117126314 0.103169747185335 0.00489885631769026 0.0971029138557442 0.00377813818791426 0.0104986633919755 0.00224769438073857 0.00157694880937897 0.000139668402245046 0 0.00294868602917758 0.00654800727508686 0.0664108088519281 4.76706724112107 0.120019408907593 0.0141242880834354 0.960695969652926 0.0152453133297089 0.401928824467515 0.00230417623128649 0.0530255164691155 0 0.000184447015054452 0 0.109072420372443 0.000846793097118224 0.00122062203792656 0.0532755530361683 0.556688054523996 2.29160763064204 1.1484674394366 0.039659661667973 0 0.000261378939384249 0 0 0.015078989942703 0.166220354603825 0.000953169286015615 0.000361050050757452 0 0 0 0 0.00284512839737943 0 0 0.00029726126320774 0.00058736661795944 0.000303261665708399 0.00493666685368454 0.0316176059811569 0 0 0.000956599778525545 5.97898595821132e-05 0 0 0 0.000215325696798021 0 0.00116165031394555 0.00999526801558401 7.65969604786532e-05 0 0.0125907523582511 0.00432959097832761 0.261037797047729 0.000747520419953181 0.00363318148277619 0.00432134450925578 0 0 0.00986002495909511 0.0192521162219113 0.101765282775569 0 0.00080933970256546 0 0.000845659908127644 0 0 0.000221219951166127 0 0.000290933696710759 0 0.0115054013938861 0.0516396170036535 0.00147968905148727 0.0293264776307201 0.0256769588622764 0 0.165872340901632 0.000454913854753051 0.001091423914195 0.000723866903272807
0 0 0.00273220978672146 0.000895631226936526 0 0.00121659557271291 0.00381863027979947 0.279968861631623 0 0.250957265038719 0 0 0 0 6.66769442499641e-05 0.000568313212699899 0.000348893629455033 0 0.000451625893207429 0 0 0 0 0 0.00462262929751544 0.000972957424937828 0.0110424903896784 0.000498949425824756 0.000138140225608645 0.104979833772351 0 0 0 0 0.000299858364134764 0 0.000348141449549907 0.00111651383346655 0 0 0.00153254217286694 0 0.00010244169490472 0.00823748042728241 0.00210980146147099 0.171740127607756 0 0.00320711055244343 0 0 0 0 0 0.000319090930027072 0.00136226625070705 0.0374143792586039 0.00392541193996909 0.00896419218929568 0.000527163500305246 0 0 0 0 0 0.0531710324067268 1.08498645026272 0.00806563337806867 0 0 0 0.556994113250729 0.00118159220443856 0.0218461810463081 0.00280947972097809 0 0 0.0113676626370293 0.00106601616385132 0 0.000259249961403495 0.0182117640595109 0.246676983124376 5.21808204307993 1.07456185110079 0.000189225214624248 0.000308144224414011 0 0 0.000321763116066732 0.00269012689208837 0.00198889052696265 0.000154553658501515 0 0.0001497397091989 0 0.0002185419690462 0.0168968455296313 0 0.0025162802652121 0.000361898907816922 0.00485707246359074 0.000213488997991137 0.00053627161843141 1.23561132582131 0 0 0.00883736572825031 0.00046241096619002 0.000919261151454699 0.00312909380745918 0.000287497957277727 0.000638374425876997 0 0 0.0533639009164136 0 0 0.042353963892882 0.00218869660244225 0.281375115985007 0.000265003933882298 0.0231023389533178 0.000873258718565122 0.00167360155563429 0 0.000895017203276013 0.00107969842448038 0.00333557809515626 0.00382953191031229 0.0109630123163672 0 0.00127782975503833 0.00106773469741663 0.000443672788652351 0.00182502590625938 0 0 0 0.0821499330333649 0.174691603309976 0.00370525594361817 0.00685560922588935 0.00686015846577037 0 2.07235353016577 0.00271606907298779 0.00683154079825067 0.00472323896232998
0 0 0.000279053312453106 0 0 0.00033072396205848 0 0.00490580040528209 0.250957265038719 0 0.0128945346725401 0 0 0 0 0 0 0 0 0 0.000150929604941318 0.0695255938323696 0.0169104005109654 0 0.0011738805759319 0 0.000151902285936433 0.000168377013226972 0 0.0513558407055062 0 0 0 0 0 0 0 0 0 0 0 0 0 2.11962854417802 0 0.00105654789155865 0 0 0 0 0 0 0 0 0 0.00298890809834581 0 0.00247192441282013 0.000982090531277888 0 0.210461420985599 0 0 0 0.668916498596761 1.86808190258354 0.000324375919058236 0 0 0 0.0285076192429115 0 0.0033837024171354 0 0 0.000236667325055021 0.000583891934296288 0 0 0 0.00140951801827849 0.012525885556293 0.389357713580516 1.30974442827956 0.000731421660959269 0.000303428496476993 0 0 0.000132618891279945 0.00019477108282645 0.00105279625205126 0.000474459269406966 0 0 0.00110810095481126 0.327457509940898 0.00362151493306334 0 0.000515899993050753 0.000144041334974314 0.00165469794607049 0 0 0.180725386888752 0 0 0.0036631548235246 0.00040051693168458 0.000436891710786908 0.00152463074145302 0 5.08332932892962e-05 0 0 0.00901802891276587 0.000348335874296307 0 0.0933228557394454 0.000169420405607502 0.00129113933621045 0 0.00673699323248279 0.000556378265031431 0.00171952994606279 0 0 0.000108411432530237 0.000318284373848662 0.00305656982460234 0.00473843458770116 0.000331790910934091 0.0024156686950798 0.00325186226766483 0.000452408786519604 0.0212584501939001 0 0 0 0.0403117407570528 0.107275504501012 0.00173491579293423 0.000160561393096476 0.000833142285791844 0 0.146302671975672 0.00182859102313571 0.00220971819886481 0.000849635306786112
0 0.0202812755338306 0 0 0 0 0 0.000174508632823747 0 0.0128945346725401 0 0 0 0 0 0 0 0 0.0128840871939693 1.73054301686533 0.00032848029584435 0.332640598297551 0 0 0 0 0 0 0 1.56832476034464 0 0 0 0 0 0 0 0 0 0 0 0.0863500940554344 0 7.69520353464392 0 0 0 0.000114191929739108 0 0 0.0292460281168693 0 0 0 0 0 0.0747957426354453 0.419328668970873 0.000378903296560928 0 0.00967903120541699 0 0 0 4.33234011454289 0.00209357556641806 0 0 0 0 0 0.000196817548562373 0.000652100147253491 0 0 0.00817984677759741 0 0 0 0 0 0 0 0.0105004902714647 9.11734026087806 0 0 0 0 0 0.000572822194034859 0 0.00211594302222179 0.0645792863077476 0.00296358002136848 1.22765467946247 0 0 0 0 0.000680539254777138 0 0 0.0978372674367028 0 0 0.000133383748471514 0 0.000473425453510857 0 0.00171753405831537 0.000589680676676424 0 0 0.00010768724810277 0.684659243963436 0.000326943599284456 2.4512281748327 0 0.000154319798409478 0 0.00278350574167167 0 0.00181016475161509 0.0300922737550645 0 0 0 0 0.000380641515403436 0.0203774412179762 0.0118017817536938 0.00938514701028238 0.00593627082998475 0.0347638697506274 0 0 0 0.129371908786545 0.00403852485282413 4.6680724259493e-05 0 0 0 0 0.00303631209789584 0.0037595589602326 0
0.000909684380132875 0 0.003720691222163 2.41580404103306 0 0.00794049194447904 0.0102912727004319 0.00134375659903013 0 0 0 0 0 1.56092631536298 0.0479291665228161 0.0148666930292197 0.201576883439946 1.67971722105166 0 0 0 0 0 0.000169678386251045 0.000125620311153204 0.00131430996495222 0.000180686089170652 0.0015891250744848 0.865126414106457 0 0 0.00072139545689801 0.0630555885354409 0.979585632734513 0.035964531452641 0.0099475544765593 0 0 0.00491473797210052 0.260805158146385 0.000882313567535317 0 7.26294670948995e-05 0 0.032062373489766 0.000206302239917786 0.00657739515146652 0.0165203942421171 0.963198733576942 0 0 1.80046331780366 0.0431594864389504 0.0930117689769698 0 0.00196792907121569 0 0 0 0.000311337432514491 0 0.00729488705508624 0.000365345225798605 0.00234309170005048 9.63680990354997e-05 0.000622053940511569 0.00188534338155078 5.48896772203592 0.0266163519051587 0.00102056595913158 0 0 0.00985600012662629 0.005552086366572 0 0 0 0 0 0.000171859307537492 0.0010056664038045 0 0 0 0 0 0 0 4.16195604585222e-05 0 0 0 0 0 0 0 0 0 0 0 0 0 0 0 0 0 0 0 0 0 0 0 0 0 0 0 0 0 0 0 0 0 0 0 0 0 8.11178668144157e-05 0 0 0 0 0 0 0 0 0 0 0 0 0 0 0 0 0 0 0 0 0
0.0377702333230832 0 0 0 0.00127789409863808 0.00566567487878653 0 0 0 0 0 0 0 1.78812831473836 0.0102580678357953 0.000144522582125739 0.00725607298104042 0.101970555248263 0 0 0 0 0 1.96940578060205 0 0 0 0 0 0 0 0 0 0 0.00145236823421928 0 0 0 4.46639705643716 0.00236109349963495 0.000446654314917666 0 0.00013076592916348 0 0 0 0.340088736646004 0.00321983223331312 0.0592415391488091 0 0 0.500701533721142 0.0484959809819721 0.000872411285590088 0 0 0.000253946704824815 0 0 0 0 4.50486465098525 0 0.443958824113759 0 0 0 0.000273938488297043 0 0.00864177945109729 0 0 0 0 0 0 0 0 0 0 0 0 0 0 0 0 0 0 0 0 0 0 0 0 0 0 0 0 0 0 0 0 0 0 0 0 0 0 0 0 0 0 0 0 0 0 0 0 0 0 0 0 0 0 0 0 0 0 0 0 0 0 0 0 0 0 0 0 0 0 0 0 0 0 0 0 0 0
0.11081894749602 0 0.000104330902376507 0.00315374717056555 0.00165897641454377 0.01965877079596 0.00577951607005841 0.000474843705341971 0 0 0 1.56092631536298 1.78812831473836 0 0.138144595648286 0.00774703743674198 0.00289435212573986 0.142073189401456 0 0 0 0 0 0.187615864036861 0 0 0 0 0.00776752433530716 0 0.000222024928275104 0 0 0 0 0 0 0 0.498049830522995 0.231628935202116 0 0 6.99062571939725e-05 0 0.00259243326204246 0 0.00813368278293171 0.000208751387212819 0.457677527850824 0 0 7.84863173197796 0.178979189230477 0.0433771058535908 0 8.52349876437797e-05 0 0 0 0 0 3.20271282027464 0 0.125943332996433 0 0.000406481072207095 0.000117580303918355 0.231503860214081 0.00142359664545462 0.00325671641231973 0 0 0.000109150762652675 0 0 0 0 0 0 0.000193027890171348 0 0 0 0 0 0 0 0 0 5.97756938773581e-05 0 0 0 0 0 0 0 0 0 0 0 0 0 0 0 0 0 0 0 0 0 0 0 0 0 0 0 0 0 0 0 0 0 0 0 0 5.90041246696536e-05 0 0 0 0 0 0 0 0 0 0 0 0 0 0 0 0 0 0 0 0 0
0.305347949158339 0 0.00315227266222261 0.0236485469182224 0.51680524870254 0.769023868485252 0.0864613515199219 0.00590260204030688 6.66769442499641e-05 0 0 0.0479291665228161 0.0102580678357953 0.138144595648286 0 1.55422577030201 0.0148672106909953 0.0258540455953458 0.000114578162892641 0 0 0 0.000102492738382066 0.349407290650355 0.0013021064368065 0.0014439782215132 0.000754360764461864 0.00497145409780757 1.89072563360973 0 0.00263659083070601 0.000374484107115901 0.00079601321884076 0 0.000153767011706125 0 9.07241599678579e-05 4.89013424541788e-05 0.116796513031381 0.000790588671005223 0.000643588689254872 0 0 0 0.0666689724708441 0.00111788303491364 0.0279540856823509 0.0032055993550719 0.663621029394294 0 0 3.77601937861212 4.97440482297534 4.6452256723035 8.17860634102921e-05 0.00263301627434671 0 0.000113890741772667 9.89261689655213e-05 0 0 0.321648159057031 0.0122319672754244 0.195469754879021 0.000131796225351847 0.0102166133061078 0.00599780983619274 2.25265402043226 1.85429440754782 0.0692252848538661 0.000199188828801803 4.06290813145306e-05 0.000862578775986412 0 0 0 0.000460651571058575 0 0.000183123990870695 0.00272744014862426 0.00721888986933209 0.00142814645153935 0 0 0 0 0 0.000122593464219042 0.000563057767194167 0.000485519295555954 0 0 0 0 0 0 0 0 0 0 0 0 0 0 0 0.000139154035094916 0 0 0 0 0 0 0 0 0 0 0 0 0 0.000436345780319144 0 0 0.000380985788779506 0 0 7.44543112449481e-05 0.000891464198098768 0.00188699897661913 0 0.000219121313669232 0 0 0 0 0 0 0 0.000161295692743917 0 0.000283421714813794 0 6.79886296987096e-05 0 0 0 0 0 0
0.334947870665375 0 0.553117586315447 0.0698117285489595 1.38763812779229 1.5385522035579 1.1166882340954 0.774940231226605 0.000568313212699899 0 0 0.0148666930292197 0.000144522582125739 0.00774703743674198 1.55422577030201 0 0.0273112026677844 0.012129435049624 0.000388749087776104 0 0 0 0.000289958312538488 0.0457845442073692 0.00147073042303041 0.00931536138158815 0.00317380638302747 0.0166447464368361 0.838105799821739 0 0.0136968422319574 0.00244325901735178 0.000677058968118856 4.80876733812323e-05 7.02828383556623e-05 0 2.43143604024467e-05 0 0.00497378737258616 0.000215294636924669 0.00556233151523856 0 2.50130358129324e-05 0 0.193888667613194 0.0412627374772016 0.013897923368259 0.00885836258675575 0.248373933175686 0 0 0.114624626346292 1.00348803832762 4.79780901756314 0.000807830601178981 0.0165071332218508 0.000231231587426169 0.00113324929017003 0.000102876960149839 4.38665854482572e-05 4.05011171009037e-05 0.00413869099856257 0.0153951567570261 0.114424252567152 0.00100910815725692 0.0441295106827391 0.030178369431985 0.120265966997999 0.972364499963909 0.196543126263534 0.00110730213862195 7.51173142320562e-05 0.00402406578726427 0 0.000950666196293875 0 0.269710465353196 0.000109725840632697 0.000663134643149742 0.0959823534967007 0.0645798991384595 0.0621483949753122 0.00904104429225334 0.000165697006309584 0 0 0 0 0.0026801463035785 0.375869344094975 0 0 0 0 0 0 8.56705214321929e-05 0.00041603443808543 0 3.28334680651712e-05 0.000188074631447087 0.000813437965180156 0.00302148419107006 0.00245919917145763 0.0012587976360447 0.00147139618120269 5.37149073440123e-05 0 2.20143954109103e-05 0 0 0 3.56343241448781e-05 0 0.000309158480619592 0 0 3.17065217742343e-05 0.00754915065253455 0.0194042237458378 0 9.29029897627628e-05 0.00154211783651432 0 0 0.00186381937404469 0.00238217968785171 0.00903248036571533 0 0.00011084038463024 0 0 0 4.59888454308003e-05 0 0 0.0027593158488045 0.00438959236390779 0.000221617265616848 0.00517000457276125 0.00152348846974964 0.00592110235690024 0.0140156462252172 0.0106555697170268 0.000719051779919482 3.01904071305912e-05 4.79681349073861e-05 3.60617536251998e-05
0.00669771210666254 0.000478775198091488 0.0352931532240255 1.56211706805245 0.00293486976361988 0.0218643194565771 0.0154380812719433 0.0153824100123112 0.000348893629455033 0 0 0.201576883439946 0.00725607298104042 0.00289435212573986 0.0148672106909953 0.0273112026677844 0 5.94176243503925 0.00124036009648809 0 0.000126101548111411 0 0.424088572008054 0.0175605004376224 0.0142123560472929 0.318637360480405 0.00504413881644749 0.0257266141499741 0.100601716866147 0.00022069978301361 0 0.0606224479405377 0.167114086585087 0.309702622487814 2.43025144005333 0.0482205677426121 0.0180419731275587 0.0764093547534017 0.0121182770579729 0.00567884615740458 0.458556482828916 0 0.558069743925778 0 0.130253272118494 0.0156929588604722 0.905900108054957 6.23047178996099 3.75435729840288 0.181944829569265 0.0014909385407397 0.0328213360304538 0.019519677923665 0.0574962413823191 0.0408433532121611 0.0387064912132366 0.000873427623426189 0.00482047181985606 0.00328517721541272 0.00657173997162807 0.000485077795067801 0.00618616147818565 0.0179735442964708 0.170549098916488 0.00161795827968098 0.0103463405078262 0.0843035891217724 0.0426785338516504 0.163646082355747 0.0147687707640357 0.00640355155862721 0.177539687966881 0.261899335741037 0.0608472298444325 0 0 0.000474874383166561 0 0 0.000341846940793464 0.00266064523425994 0.00497403498106971 0.00228589358310877 0 0 0 0 0 0 0.000547224333030074 0.00013419682995753 0 0 0 0 0 0.000966832860187939 0 0 9.09139543805934e-05 0 0 0 0.00114433074994153 0 0 0.000442744200086987 0 0.000160063134814917 0 0 0 0 0 0.000642627548757699 0 0 0 0 0.0028283045995347 0 0 0 0 0 0.000655002418413764 9.44461279547854e-05 0.00116250671445127 0 0 0 0 0 0 0 0 0 0 8.37104671771588e-05 0.00335079219756877 0.00052985275839872 0.000363614258599862 0.000794856763316552 0 0.00140647103992333 0.000312482295259545 0 0
0.0228653376323044 7.18143923489861e-05 0.00192841970926647 0.0283707857932634 0.00667451314080173 0.064897270742855 0.00834761335259753 0.00177056965722449 0 0 0 1.67971722105166 0.101970555248263 0.142073189401456 0.0258540455953458 0.012129435049624 5.94176243503925 0 0 0 0 0.000312152764892293 0.107263252564502 0.146787260174666 0.00260136826679458 0.00979416882984016 0.00169169978124759 0.00176514687225798 0.00854841901904531 4.27751037174484e-05 0.00233697932472184 0.00797103736088087 0.039062804290164 0.0991179612822314 0.490428231027912 0.0100599279965372 0.0132962212504093 0.0395100400107697 0.036638417746266 0.0966082248888622 0.0291029553523606 0 0.140856742632142 0.000185881505815329 0.00602669270582869 0.00187540264967196 3.77665085472608 2.60125132698248 8.06150690628902 0.0345300009759789 0 0.0548982455155423 0.0704295927654866 0.0375137596816705 0.00476958182228021 0.00702574861860744 0 0.000542642288405767 0.00143091615742411 0.0030162371362887 0.000561271428151777 0.0148476100812151 0.0671975553365319 0.679210578482408 0.00102365341796056 0.00437730889126079 0.00887921723772232 0.0157153046989813 0.0111728514639771 0.0556703230916067 0.0015150341973475 0.0931215974223406 0.153101865801383 0.0085630169321597 0 0 0 0.000120183210798345 0 0.00122357397986041 0.000703321015488242 0 0.000303152088409232 0 0 0 0 0 0 0.000166374682380016 0 0 0 0 0 0 0 0 0 0 0.000303889072092063 0 0.000103601061698377 9.02557245611394e-05 0 0.000386785684835071 0 0 0 0 0 0 0 0 0.000497022329625119 0 0 0 0 0.000279516091003743 0 0 0 0 0 0 0 6.42640362350372e-05 0 0 0 0 0 0 0 0 0 0 0.000346300244409445 0 0 0 0.000744449061899799 0 0.00117299741721279 0 0 0
0 2.89270637014338 0.00160405953283799 0.00325471521979461 0 5.6280203263988e-05 0.00124144180460328 0.00198549679849879 0.000451625893207429 0 0.0128840871939693 0 0 0 0.000114578162892641 0.000388749087776104 0.00124036009648809 0 0 0.66081596613013 0.102613384698401 0.0499564003203267 0 0 0.832451245219356 0.0063450765824784 0.0524053737638347 0.00383187267973573 0.00171958914103342 0.00182830896315367 0 0 0.00030344773389274 0.000355492647253658 0.00011103844443299 0.000517501379806085 0.0361566403301716 0.00866192318244897 0 0 0.00399164370735373 1.3251398610068 0.000158939492391985 0.743485250155198 0.00942118318697193 0.00335549839695438 0 0.00308936302818488 0.000223350178121433 0.00249812172353109 0.353350049931289 0 0 0.00029736938984172 0.000256542830089039 0.153164729702674 9.07963137919195 3.58955544026703 3.8825219048799 0.127513418286528 0.186606524317679 0 0 7.38575639594261e-05 0.744382434377433 0.011817033927979 0.0169522398393964 0 0.000737024251121481 0 0.0113812186516439 0.20821901219644 1.06441511865476 0.00079221009700059 0 0 0.00180410275355297 0.000364817878151617 0 0 0.000149765359688334 0.000967950090836944 0.000814740275290653 9.13038673693162e-05 0 0 0 0 0 0.000344331011365187 0.00041027261368887 0.000646869964216217 0 0 0 0 0 0 0.00010899948951361 0.000167824592558694 0.000147101680849824 0.000136945216130159 0.000272584619150021 0.00180223739983506 0 0 0 0 0.00016223425791435 0 0 0 0 0 0.00302621703343442 0 0 0 0.000173322081835174 0.00184881148550893 7.46254860857359e-05 0.00105098081516364 0 0 0 0 0 0 0.000342114434078784 0.000214191479178297 0.000198255425562012 0 0 0 0 0 0 0 0.000803888763160456 0.000567631065918547 0.000511185578360978 0.0003460099920886 0.000252213782886583 0 0.000816800751375038 0.000566042825936503 0.000685540810247949 0.000295266198894814
0 0.10077165668017 0 0 0 0 0 0.000136506021652027 0 0 1.73054301686533 0 0 0 0 0 0 0 0.66081596613013 0 0.00526307778476451 0.0111693905652348 0 0 0.0198916071708579 0 0.337112953512038 0 0 0.0184387842061969 0 0 0.000514666461045029 0 0 0 9.10163769270202e-05 0 0 0 0 1.23592225414007 0 2.90309789939139 0.000213908315353728 0.000747843569756193 0 0.00032147575406867 0 0 0.0327790970369941 0 0 0 0 0.425028764171117 0.911455441767549 9.94741078294117 0.014230003698594 0.00295140394460431 0.0167681341019366 0 0 0 4.52228377773533 0.00133219556799714 0 0 0 0 0.000872850932129667 0.00114843870657869 0.0074718345028998 0 0 0 0 0 0 0 0 0 0 0 0 0 0 0 0 0 0 0 0 0 0 0 0 0 0 0 0 0 0 0 0 0 0 0 0 0 0 0.000176608634393931 0 0 0 0.122181953603935 0 0 0.000193363178768328 0.000290603552220103 0 0 0 0 0 0 0 0 0 0 0 0 0 0 0 0 0 0 0 0 0 0 0 0 0 0 0 0
0 3.54039917204351 0 0.000231478192991841 0 0 0 0 0 0.000150929604941318 0.00032848029584435 0 0 0 0 0 0.000126101548111411 0 0.102613384698401 0.00526307778476451 0 0.412402213943923 0.113194568593743 0 0.00160429435475866 0.000127595175997188 0.0010006827669532 0.00036742923055573 0 0 0 0 0 0.000248827712518772 0.000261250252605233 0 0.556572360987346 0.00186186963715728 0 0 0 0.0122367095136652 0.000403302695036065 0.0318246567677 6.82336117940798e-05 0.000213843039499426 0 0.000280549592421861 0 1.94123668625178 0.407667994649435 0 0 0 0 0.00287697308828128 0.195257103897076 0.0668857729157695 0.374489771845897 5.99677343147506 6.8449136501846 0 0 0 0.0409640478201319 0.00161081420942592 0.000525457576491215 0 0 0 0.000727972006078992 1.03269791332228 0.0399389753714123 0 0 0 0 0 0 0 0 0 0 0 0 0 0 0 0 0 0 0 0 0 0 0 0 0 0 0 0 0 0 0 0 0 0 0 0 0 0 0 0 0 0.000156661210661694 0 0 0 0 0.000121539288534512 0 0 0 0 0 0 0 0 0 0 0 0 0 0 0 0 0 0 0 0 0 0 0 0 0 0 0 0
0 0.475110854416222 0 0 0 0 0 0 0 0.0695255938323696 0.332640598297551 0 0 0 0 0 0 0.000312152764892293 0.0499564003203267 0.0111693905652348 0.412402213943923 0 0.0244679599355008 0 0 0 0 0 0 0.00315600190913339 0 0 0 0 0 0 0.00380816187901881 0.000622685904241769 0 0 0 1.58638273697871 4.08401441671876e-05 9.14396263115844 0 0 0.000114751529891334 0 0 0.00230783432292928 3.57859401039022 0 0 0 0 0.00121415942972957 0.268090103491071 0.0228324094890997 0.00303257531037784 0.0317026792159788 6.06454762922514 0 0 0 0.223644807079396 0.00488676932034332 0 0 0 0 0 0.00836705590961176 0.00178158800523804 0 0 0.000606444097105576 0 0 0 0 0 0 0 0.00977452872698176 0.0331927907448434 0 0 0 0 0 6.75179278432445e-05 0 0 0.00101055604904522 0.00361595477571896 2.63273646414662 0.000101847145714262 0 0 0 0 0 0 8.47453554873659e-05 0 0 0 5.69490015119682e-05 6.97403024910765e-05 0 0.000150050961177213 0 0 0 0 0.106961166198514 0 0.0986133492038136 0 0 0 0.000443436390985215 0 0.00138318144211583 0.00387920738205386 0 0 0 0 0 0.000872062324622388 0 0 0.000825211417666429 0.0829396294272649 0 0 0 0.00258070233853184 0.00037978426087542 0 0 0 0 0.000260916009178769 0.000154990874544964 0.00044081643063828 0
0.00010517017951694 0 0.000946905760314413 0.00377569391983814 0 0.000184042522946501 0.000263286891073536 0.00049431324465532 0 0.0169104005109654 0 0 0 0 0.000102492738382066 0.000289958312538488 0.424088572008054 0.107263252564502 0 0 0.113194568593743 0.0244679599355008 0 0 0.000891734380618915 0.00642361901436939 0.000146002569224347 0.00192998327355327 0.000530192278904232 6.58072939228142e-05 0 0.00557703162274618 0.00261102190159838 0.00658274043429921 2.07498345712005 0 0.00115928837440208 0.00290952069143838 0 0 0.00474117343998577 0 0.235425871833666 0.0495833626259393 0.00215568202821341 0 0.00664739526731505 0.0829996609813925 0.00735123400320004 1.45037876408903 0 0 0 0.000320771453891801 0.000163817802682435 0.00120674900599228 0 0 0.000125353021599182 0.000573578492436874 0.762173384677424 0 0 0.000668304259061947 0.000731978394914602 0.0223613095874233 0.00434564257611003 0.000904240818112537 0.00178764262877491 0 0 0.00984635257352988 0.00828925721628266 0.000168482632318051 0 0 0 0 0 0 0.000775429455807695 0.000720586304277686 0 0 0 0 0 0 0 0 0 0.000566047924040816 0 0 0 0 0.0034746722765831 0 0 0 0 0 0 0 0 0.000619460330184451 0 0 0.00109056330369764 0 0 0 0 0 0 0 0 0 0 0.000334761830599392 0 0 0.000563138375330827 0 0 0 0 0 0 0 0 0 0 0 0 0 0 0 0 0 0 0.000330182290795168 0.000464080456692884 0 0 0 0 0
4.12783686617188 0 4.41851307536817e-05 0.000487587440072953 0.201506606570342 0.139013613777937 0.00490426753952072 0 0 0 0 0.000169678386251045 1.96940578060205 0.187615864036861 0.349407290650355 0.0457845442073692 0.0175605004376224 0.146787260174666 0 0 0 0 0 0 0 0 0 0 0.000379951952001165 0 0.424627710555928 0.0351026190422186 0 0.0010150842478994 0.00198995821486438 0 8.45331844082399e-05 0.00051079967991142 1.97880379791722 0 0 0 0.00108218264194161 0 0.000113819882897355 0.000358249438245557 2.70418103140169 0.0171284531831614 0.0791379646581034 0.000463747148859373 0 0.295842238854574 0.420598412997843 0.00327290608636004 0.000119645910002041 0 0 0 0 0 0 2.72178572979188 1.0460837242086 4.84496204918162 0 0.0040403958589072 9.83206118839453e-05 0.000452908900897032 9.99194831925627e-05 1.12821977002244 0 0.000305032891935416 0.00126695997866117 0 0 0 0 0 0 0.00223886052704743 0.000759609003809808 0 0 0 0 0 0 0 0 5.78390022549086e-05 0 0 0 0 0 0 0 0 0 0 0 0 0 0 0 0 0 0 0 0 0 0 0 0 0 0 0 0 0 0 0 0 0.000155895183852343 0 0 0 0.000160734436776069 9.7065262833416e-05 0 0 0 0 0 0 0 0 0 0 0 0.0010932303403992 0 0 0 0 0 0 0 0
6.43826610962177e-05 0.00736398841255476 0.0104025012876117 0.0232977695240505 0 0.000615842616955803 0.00292117000355359 0.0126467622660352 0.00462262929751544 0.0011738805759319 0 0.000125620311153204 0 0 0.0013021064368065 0.00147073042303041 0.0142123560472929 0.00260136826679458 0.832451245219356 0.0198916071708579 0.00160429435475866 0 0.000891734380618915 0 0 0.458597818175724 0.214652820328479 0.0433995615782996 0.0112440441093082 0.00629325658937982 0 0.000930574740567324 0.0236358171793907 0.00871110261188354 0.00061777315107237 0.122157287962866 0.0092381835536365 0.0358408262239234 0 0 0.180828837825847 0 0.000255785675612285 0.00187475096872606 0.0698426788052607 0.0332137112075653 0.00124598169584093 0.0418456449944056 0.00798971955695208 0.000373576533275976 0 6.23501501483964e-05 0.000336478943630937 0.0014730988050201 1.56170105418321 4.7902111935197 0.049430826815386 0.801114366426045 0.072983074868411 0.00980403312637988 0.00175293175571377 0 0 0.000149325845115776 0.0754374896525687 0.0600986962111493 0.217655132590885 0.00138470661840151 0.00463789507875204 0 0.0523168531153331 0.02672076954165 5.28239239656827 0.0101877564320613 0 0 0.00409907870378246 0.000623714183267943 0 0.000557006734504847 0.00016530528579457 0.0119728669030137 0.00860302584608897 0.000876680108777066 0 0 0 0 0.000218444612490959 0.000613414047456187 0.000267865174647571 0 0 0 0 0.000101854563932329 0 0 0.00104331106909686 0.000251359527086407 0.00179381945685923 0.000394532997467421 0.000324613351671428 0.0116600578534166 0 0 0.000732702603720228 0.000336686969489317 0.000280105311872531 0.00101623352914391 0 0.000495443488898782 0 0 0.0221960071133364 0 0 0.000310986719113558 0.000632404776276355 0.0170716177539933 0 0.00869554130669708 0.000679260477899596 0.000496509580028004 0.000141202349896443 0.000547943423651899 0.000212962925382461 0.000389702690822434 0.000485960196830421 0.00313176004112674 0 0.00076963280083813 7.59246529980356e-05 0 0 0 0 0 0.00396278972585172 0.00177082772904365 0.00163044113925941 0.00135346395649888 0.000828733930365311 0 0.0149941907629918 0.000831111345985453 0.00279071588149576 0.00125213444966668
0 0.000325213065376691 0.0916438973320309 0.570776352330757 0 0.000632273455313418 0.00454146272219983 0.0297093798740378 0.000972957424937828 0 0 0.00131430996495222 0 0 0.0014439782215132 0.00931536138158815 0.318637360480405 0.00979416882984016 0.0063450765824784 0 0.000127595175997188 0 0.00642361901436939 0 0.458597818175724 0 0.0831362443451822 1.02447599298207 0.0874789045939805 0.000573416544088116 0 0.0169522723555661 0.142133743802428 0.0279769080673891 0.00150745542224094 4.69836698132947 0.00613477914550139 0.00936151182909881 0.000235960997121802 0 2.68644040171189 0 0.000195401039623484 0 0.815354921288374 0.0412790230597524 0.0030698301886545 0.322275034245024 0.163455661732059 0 0 0.0010783580248795 0.000987792633497379 0.00355824235988556 3.3519521342676 0.76258538341514 0.00391277081195596 0.0206287691023962 0.00925645005074684 0.00352961778898582 0.000108338591247345 0 0 0.00112020212586948 0.00954638726526104 0.0313268487426229 4.98861282563067 0.00704300268737635 0.0401328758806823 0 0.00685535630989754 0.0102377004445096 0.628768242305043 0.0571499119230957 0 0 0.00319857679328435 0 0 0.000987383384237935 0.00221087468274807 0.0115766421826786 0.00717434509599199 0 0 0 0 0.000153888853215434 0.000287273812251376 0.000712943391448007 0 0 0 0 0 0 0.000646081606497331 0 0 0.00011640438747478 0 0.000538987493193671 0 0.000936218392128405 0 0.000619690929691344 0.000684278220831266 0 0 0.000191876646609866 0 0 0 0 0.00170862543591286 0 0 0 0.000288434271301736 0.00716784746972105 0 0.000665907690033853 0.000782675142763216 0 0 0 0 0.000541385222144588 0 5.58613618490515e-05 0 0 0 0 0 0 0 0 0 0.0022936215417176 0.0012365800746655 0.00186613732370053 0.0012208422175697 0 0.00359451784454351 0 0.000306154715055507 0
