0 0.000416199985544517 0.0010901180087567 8.93003552768137e-05 2.43151329211168 0.505744034599311 0.00391348916158068 0.00202118136949807 0.000554266124625641 0.000382307634232477 0 0.0071123966192345 0.206014467704245 0.149851243233246 0.479086097619611 0.147903207464089 0.011349052799758 0.0661411193415145 0.000249056483901555 0.000291685502511272 0 0.000162313474602528 0.000103628887048925 1.51437321079487 0.000308580239739534 0.000296364246013016 0.000415719166862189 0.000149269840402248 0.00154926835345177 0.000179439325150481 1.55360673240945 0.00687081754661404 0.000789524980550335 0.000656346229401235 0.00157130879899089 0 0.000767443892511227 0.000447304219279035 0.117396853979167 0.0140292963970501 0.00030152553844184 0.000334868979258295 0.00126261710614549 0 0.00130943035040539 0.000394479494076914 0.333140090492462 0.00465388813642329 0.0848212015396631 0.000315966562110383 0 0.366737015766367 2.22211135781923 0.0202181153237539 0 0 0 0.00021142163645943 0 0.00161197116274576 0.000200336662666604 2.35147172708341 0.058252168647779 5.1577792987135 0 0.142214958520031 0.000241461623889442 0.00671536299323931 0.00110743339550978 8.29716562545879 0.00129905330920437 0.00292510887848323 0.00121012987204236 0 0.0147559043946073 0 0 0 0.0140455390129771 0.0906638620268885 0.00275294606348427 0.000221197071725306 0 0 0 0 0.00217109151671345 0.00117400791943345 0.00303832267784294 0.00761753253218622 0 0.000485634444404769 0 0 0 0 0 0.00376194815376429 0 0 0 0 0 0 0.000696402690833995 0.00781190520818902 0 0 0 0 0 0 0.00321038047753717 0.000936071334240729 0 0 0 0 0 0 0.00431647466318498 0 0.00130565354961643 0 0 0.00143858760926892 0.00961889761475301 0.00155681742062519 0 0 0 0 0 0 0 0.011713814657759 0.00357718942846169 0.00549497692886605 0 0.088497490310361 0 0 0 0.00966273198450159 0 0 0 0
0.000416199985544517 0 0.000107019720551632 0.000464063112284105 0.000217846366077755 0.000140260186824144 0.000470783638997836 0.000459594198421303 0.00124034732396603 0.00334437564945127 0.0942249726871448 0.00050192968878957 0 0 0.000987141435804034 0.000736372669360742 0.012839147727217 0.00355537573354918 1.60927260376572 0.24611218965451 1.67923920127896 0.462067029477119 0.00485411717584685 0.000365375096442503 0.00989230538841056 0.00118781768378029 0.00768062714719288 0.000702930012102956 0.0015029296823166 0.00236198187309742 0 0.00550192727421803 0.00598312906896218 0.00433823493870459 0.0091204776259883 0.00290483281742209 0.0269530058961912 0.0316831519738208 0 0.000405960556108913 0.00211676927362189 2.09250963403014 0.00990129685679792 0.132749094859036 0.00810781748456992 0.00082200436704493 0.0071225293626033 0.044232693999829 0.00339225163252516 0.0555677097411979 3.79656657128183 0.0019547449320412 0.000340439816277158 0.00127860444628205 0.00186327783616422 0.0238328811399348 3.40875524300802 0.572269395902803 2.19965103380978 0.399859478224537 1.00919155568437 0.00058474038883529 0.00146698921576291 0.000667091882331287 0.0748562321683596 0.0245351093913754 0.00525221621082787 0.00146431134695696 0.0024862457569514 0.000235643782260413 0.000875865605393121 0.821191604144169 0.103831809623522 0.00399217453478353 0 0.00242364073077987 0 0 0 0 0.00032580989780096 0.000272489147971896 0 0.00147694269168807 0.00965689583009233 8.33609365915641e-05 0 0 4.20397944125147e-05 0.000140594202014316 0.000162173622352756 0.000233620309533066 0.000881037237742346 0.00904759652717001 0.00091860380635307 0.00262585604432246 0.00110251628789577 0 0.0009966158492448 0.000142359626679679 0.00157293809891655 0 0.000158426197899594 0.00194432895738173 0 0.00043819510837281 0.000108321589288792 7.39491944793643e-05 0 0.000152981297790669 0.000328626496534914 0.00019812032855844 0 0 0.000525664908875775 0.00596707491179093 0.000233808004913855 0.0201802299296769 8.82263951307773e-05 0.00129799144421878 0.000108407041868059 0.00150249173443754 0 0.000163003964494899 0 0 0 0 0 0.00563736043460617 0.00398761089849475 0.00349281984773605 0.00102968529568463 0.000805945713772155 0.00265573366820216 0 0 0 0.0221705722113795 0.00911083763655795 0.000455397963294226 9.41268744258442e-05 0 0 0.00181886976491686 0.000814440027785579 0.00164395939882946 0
0.0010901180087567 0.000107019720551632 0 0.0181093990878577 0.000710269296433089 0.0297708620530041 0.0775452315741492 0.593074912363402 0.0740380565766753 0.000957789452971421 8.7057715793433e-05 0.00584101847339487 0 0.00176037761324707 0.00563870936783331 0.942063074989488 0.0238953522444199 0.00267526200512059 0.000586738850285408 0.00180659244601659 7.02390561257323e-05 0.000367674228036306 0.000764079968875064 0.000239779640730494 0.00333244255049713 0.0407812658461664 0.270413739959397 0.525745165704279 0.322309109190744 0.173001522637971 0 0.00862490360648157 0.00401972318118063 0.000565965027827036 0.00010812971400252 0.00458781830868018 0.000321731506445466 0.000373508462896551 0.000377816684163469 0.00423955148195972 0.0695729308008411 0.00111621179965793 0.000219112141396589 0.000132331629023913 3.27369390015424 2.24762615319248 0 0.016449724056012 0.0232980451877459 0.000375601095112471 0 0.00846618580015826 0.00218676713527222 0.0201675728890147 0.00648759025245211 0.0378974126164374 0.000912424156486427 0.00333097022230818 0.00140826348806427 0.000150123431416365 0 0.000111618372682263 0.00030859781449585 0.00122076993713552 0.012605069691853 0.455666653756684 0.921574443495984 0.0115588627349391 0.105913034385475 0.00236347496639024 0.0492366600363906 0.000610470869868313 0.00377928933289004 0.00172854525905201 0.000310604258443665 0 0.183696123352624 0.00418070086175906 0.000153438618758962 0.00106726442623936 0.006014721828866 0.0775882294485205 0.00988597349585744 0.00172960826700771 8.33496692936473e-05 0.0019422888667158 0 0.000118431294877017 0.00253841771333279 0.0226102027093347 0.00336560704343467 0.00106793146627433 7.87055486726335e-05 0.00012881119192499 0.000149367615795958 0.00024218084603045 0.00164321613714682 0 0.00164326184798631 0.0120786283859885 0.00856630810156913 0.0116211320573165 0.0502180869633373 0.01413986055479 0 0.00314029934112518 0.0034846408109061 0.000718822291621515 0.000235763742095678 0.00162550448403448 0.000202298736225587 0.00026899641971757 0.000401388873201635 0.000283662895188129 0.0270739082878506 0.000248283140972199 0.000183237480778123 0.00165559486112924 0.154864268681567 0.196982062159909 0.000212705454033912 0.0071871331032726 0.00251081794083046 0.000160755297242268 0.000321731589361055 0.00510944267288602 0.000723457011745745 0.00545371874188467 0.00439752071923244 0.0135593915611462 0.000393614273922597 0.000102672061592846 0.000147822907215767 0.000471538515982859 0 0 0 0.000103983319657262 0.00303510612931898 0.266452276917296 0.0672223254351782 0.00796631054772544 0.0445282771193926 0 0.0166808462819571 0.000448084427440241 0.00446550495226198 0.00159729712329309
8.93003552768137e-05 0.000464063112284105 0.0181093990878577 0 0.000216733442624335 0.00151225200510812 0.00827042886414242 0.0190487788048835 0.00219035166346271 0.000718578237295216 0.000117827154693684 1.21311870070778 0.000211253044333321 0.00404025065293792 0.00569571883462161 0.0315393875059032 0.0979253579317046 0.0173623243814368 0.000976012948825041 0.00093099393152149 0.000610393779598154 0.000292623510462683 0.00261815541060012 0.000310385808841192 0.00914211632248436 1.14967978495168 0.00779729183737209 1.56044714510511 0.601302374893741 0.00353473703842693 0 0.00673408795839834 0.591621303198188 0.21709596348516 0.0600963569205058 0.0318959086607112 0.00204985507372456 0.0121797194134673 0.000219878322210161 0.0336012332440865 0.329506066319927 0.000615164908393098 0.000614719549586583 0.000276446249398254 2.86433284831635 0.00680627388473708 0.00133827358706453 0.103379175464043 3.42361130508453 0.00138745004129269 0 0.0127763098751576 0.000588661968789557 0.0179302781857618 0.0459907029751106 0.0192041034627815 0.000990988132051701 0.00374967194425885 0.00261557799963912 0.00230993975647765 0.000283934647172078 0.00100534550617946 0 0.000209339176536723 0.00322882334056092 0.0207969743056954 0.92642647784605 0.107312855608968 0.0563125846113712 0.000373895407388202 0.00287412520587188 0.0112030588047414 0.0375380515071707 0.0685599999017904 0 0 0.00491477267916557 0 0 7.06276851818108e-05 0.00209144879297757 0.00962475444253753 0 0 0 0 0 0 0.00086705281965158 0.00492789725618713 0.00020030578926317 0 0.000161857417914225 0 0 0 0 0 0 0.000574571292647636 0.000498671558083441 8.60348196357287e-05 0.00331923827913221 0.00109329459359648 0 0 0 0 0 0.000148253187052644 0.00023395080666537 4.93776333869364e-05 0 0 0.00144593283809674 0 0 0 0.00638123134722321 0.00299660977581737 0 0.000216500320363308 0 0 0 0.000120396651766552 0 0.000817428883503183 0.000140953925871767 0.00112219660646348 0 0.000355541859494383 0 0 0 0 0.000453799987261819 0 0.000292257916773073 0.00952741050280922 0.00125672256159189 0.000406725034545308 0.00785568498820583 0 0.00169096086866973 7.10189073526929e-05 0.00043179765116131 0.000368784425544846
2.43151329211168 0.000217846366077755 0.000710269296433089 0.000216733442624335 0 0.563540632735981 0.0124626611570438 0.00314502509479049 0.00207805300895714 0.000678943950268258 0 0.00241618480405863 0.0796723342935841 0.0412517972723073 0.362935899395202 1.20779633544313 0.00364389723507001 0.0186464790190581 8.02676121369307e-05 0 0 0.000191256779166005 0 0.100368303685442 0.000300150749846573 0 0.000196439341763297 0 0.00111958892807422 0.000751167434869673 0.0390820954566315 0.00527229149758453 0 0.000502936324319907 0.000188984687470234 0 0.000296010374336908 0.000341553200514139 0.0941843021713578 0.00736890884285173 0.0001648335308595 0.00030747688459184 0.00073576058738125 0.000626410897663398 0.000126233891716485 0.00241204962590918 0.0804729282962768 0.00221116644560683 0.0575914871114894 0 0 0.0783290217674226 1.2108598527638 0.0230556804015863 0 0.00021798041920371 0 0.000548610502515742 0.000254773072245279 0 0 0.34986957503402 0.00276966496356681 0.512534141803115 0 0.129266289083598 0 0.00266907165338788 0.000732132749334503 2.36756748486267 0.0025056919100014 0.00116685594744678 0.000775102200177742 0 0.0108885738713548 0 0 0 0.0090955570079895 0.0784583488307127 0.00190152933111977 0.000121141480067317 0 0 0 0 0.00326137702827069 0.0017710023404474 0.00262356677185474 0.00538648139901123 0.000199294574295898 0.000239732787094948 0 0 0 0 0 0.00132460577950687 0 0 0 0 0 0 0.00080564002912431 0.00466439472360508 0 0 0 0 0 0 0.004827396825804 0 0 0 0 0 0.000133681268669056 0.000340823380134813 0.0022107963509939 0 0.00162979946265337 0 0 0.00180870667389829 0.00780733069205694 0.00199128083780894 0 0 0 0 0 0 0 0.0127165137007514 0.000766098356103822 0.00232146599011072 0 0.0779963130707325 0 0 0 0.00265647696571199 0 0 0 0
0.505744034599311 0.000140260186824144 0.0297708620530041 0.00151225200510812 0.563540632735981 0 2.42230579311171 0.164008521515359 0.0465419314405717 0.0248892705396387 5.51199918278505e-05 0.0168745435418704 0.0529921221795538 0.0742254132869578 0.126920917254888 1.30268231589166 0.00396083772281589 0.0353481360872415 5.76494301487178e-05 0.000110553809804276 0 5.79314858570597e-05 0.00151783076162475 0.0722886680175144 0.000738850862620755 0.00147960090032644 0.00545507437395711 0.00185438353498386 0.00416458344467246 0.0305593192714329 0.165017400005777 0.438873590286172 0.000377722517442049 0.000323221491013524 0.000365808959603225 0.000902343376601718 0.000715633962287915 0.00145281890691982 0.0679251539978544 0.0454124886301094 0.00212231786555917 0.000545893683535175 0.00211843006844885 0.00246877352090359 0.012412751530651 0.064937469761856 0.119596082712143 0.00316079995003869 0.19421267215238 0 0 0.171672128013684 0.260738884019049 0.0614561302849192 0.00099898393356915 0.00166153238038649 0.000465075303343629 0.000245278233288241 0.000114384346047808 0.000348475304525555 0 0.095338492084465 0.714071676544097 0.292863735321887 0.00773207857836306 3.25027244047685 0.00759864669891816 0.0112476848491093 0.00511828472921088 2.52846995267683 0.0778992915695475 0.00116129345796895 0.00226409732363785 0.000811192758794613 0.0466608633747006 0 0.000536147467950403 0.000350573297039229 0.0511880242710744 0.604187729689014 0.0692217358585917 0.00220302211164644 0.0012783593421556 0 0 0.00543675555656519 0.00775021684065065 0.019464801902078 0.037763689748384 0.0898344939806232 0.00042406159687253 0.00179081690855761 0 0 0 0 0 0.0119105581471408 5.13481385956398e-05 0.000209078927221624 0.000353000266399747 0.000406105871160528 0.00125506304526111 0.0006116496574481 0.0289001199964625 0.0409863240864287 7.67916372825883e-05 4.56806182022552e-05 0 0 0 0.000239123457390597 0.0174587651235497 0.00792854257494231 0.000315869121941953 0 0 0.000248359635620853 0.00100507847848346 0.00115404258094096 0.0126883918393837 0.000194959321552095 0.00814842851914102 0 0 0.0252046553964428 0.0691777935647733 0.0428307261865525 0.000108745203011221 0.000537798776016894 0.000381712745976589 0 0 0 0 0.0288319779722237 0.0134062560567545 0.0132908987389366 0.000366139936453581 0.563273909374397 0.000239158802505773 0.00137592237501693 0.00251424740549141 0.0232603131850928 0.000335623916680202 0 0.000320524812567127 0.000109124173992337
0.00391348916158068 0.000470783638997836 0.0775452315741492 0.00827042886414242 0.0124626611570438 2.42230579311171 0 3.02436626613669 0.110168423709023 0.0325260407382917 0.000277572929266149 0.152171657820258 0.000463477092514774 0.0274084129016436 0.082270206625732 1.47662938630761 0.0107891381392232 0.0125338742309193 0.000635519858668571 0.000120856189075864 0.000122094796162778 5.22746224316216e-05 0.00194462056746825 0.000727434573434203 0.00325795465686698 0.00634947635195134 0.0147160186120464 0.00450846869931872 0.0400133370060617 0.0630138237659226 0.00108636840930637 0.00517831782509653 0.00153852244892461 0.000283900726408411 0.00015295948883618 0.00213971565833196 0.000795063261885864 0.00277090608228567 0.000691433614844934 0.114319067349024 0.00761024231831359 0 0.000137165775280347 0.00451255228619617 0.0441925240405786 0.227505206614904 0.00209561516892379 0.00526455112508346 0.122580570054071 0.000485199396109096 0 0.173710045550402 0.0879566126104167 0.211709240619884 0.00383408213109857 0.0101873543427632 0.000225933063471406 0.0017156640298977 0.00103528286878263 0.000851984046505291 0.000176556511522454 0.00323640833753339 0.000766682887327758 0.00118431898552689 0.0153529508786559 0.730335733668238 0.0182629105058645 0.133945760147633 0.0583640244849584 0.00564953536141118 0.171116856834813 0.00462944971879074 0.00491254877016899 0.00182250171872553 0.00335119209056331 0.000154068527251453 0.00786567119860218 0.00152299651588388 0.00161159855629932 0.0668021747346466 0.48056871116741 0.0546933913008608 0.000261897910147857 0.000480629618286044 9.47603954031453e-05 0.0168164220426191 0.000205150430325233 0.00757801156917743 0.0628270550290956 0.125873922167129 0 0.00421517860702907 0.000291643771583295 0.00031785425287567 0 0 0.00111157154353433 0.000574242512489397 0.00108928976425954 0.000450471559134325 0.00220963872597567 0.00111823836055637 0.00915235815869217 0.00305379370325732 0 0.00345312987462092 0 0 0 0.000184267457420076 0.00032242661879893 6.49631741200395e-05 0.00132106106093057 0.0142580518427676 0.00205490482485631 0 0 0 0.00622922701490472 0.00584157928301102 0.00243304273068394 0.000453083388317978 0.0157868554380007 0 0 0.0687235401226151 0.0223960088518917 0.149570166091938 0.00120227802256135 0.00431309853483858 0 0.000561738936570334 0.000642301307267404 0.000261102027324206 0.000154508800033754 0.00119461456336935 0.0018576473719279 0.000931074116431841 0.000772930499597245 0.371989778340746 0.00305167784223296 0.0300080979929993 0.0482184879680444 0 0.00296819494196531 0.000109735334073106 0.00134118472461448 0.000162596046110248
0.00202118136949807 0.000459594198421303 0.593074912363402 0.0190487788048835 0.00314502509479049 0.164008521515359 3.02436626613669 0 1.91392028108823 0.0687596145527253 0.000125820677476874 0.0288186703666369 0.00060204573738426 0.00414439688291254 0.0188266554679434 1.53569111965463 0.0173835124555287 0.00759458012536448 0.00116129039299681 0.00112910645119042 0.000144014977659807 7.48439218989372e-05 0.00420946335962335 0.00017091845114876 0.00342422664422329 0.0136417407884982 0.0593422314235644 0.0174470356512685 0.147718867279737 0.226789699192039 0.000428555392005218 0.0122370069118656 0.00454776759549782 0.000369822310719889 0.000450910370878684 0.00357221369934704 0.000296086330588062 0.00200008446551488 0.000353551427653753 0.0110009146971745 0.0245760056374324 0.000416588094080421 5.05047710141968e-05 0.00570981912045143 0.195730019617777 2.20111509437549 0.000195613690791201 0.00928842017820681 0.0550419720133458 0.000124892931420359 0 0.0224898510689651 0.00602394784793467 0.0766964515730187 0.00663221095467989 0.0189974225817925 0.000430136570516965 0.0022252298821172 0.00019605930814677 0.000831383215799085 0.000453612345418335 0.000990630657194704 0.000537530578986024 0.00195950823323949 0.0404896670842136 1.7060057841407 0.0521789553142759 0.0594020859273286 0.111979955287524 0.00452221913437983 0.570192732030821 0.00171333953293891 0.00746422972694783 0.00345067451218832 0 0 0.0993966773179994 0.00365968363696942 0 0.00826187401866177 0.0773309622418097 0.142554587872602 0.00236422803415495 0 0 0.00130092892385312 0 0.000414057044574575 0.00734364531780774 0.0831651778806227 0.0038011889160485 0.00195152606818177 0.000277525842776674 0.00021849527043886 0 0 0 0.000168214619856904 0.00110886552175336 0.00156909444802868 0.00397429919233568 0.00327531157957653 0.0756504085657711 0.00626727960266276 0 0.00228585043612854 0.000748850353078472 0.000203583775354059 0.000148936330358288 0.000546369132822855 0.00013300049128005 0 0.000504509323226737 0.00130845641777166 0.00348523730265046 0.000300726475798292 0 0.000108265366385599 0.0748024656862721 0.0292224409572665 0 0.00198477523316173 0.00463742824903093 0 0 0.00611627429687005 0.00192351286477148 0.0317084561030798 0.00246442280793301 0.00635096035230707 0.000443132497505973 0.00087491224836468 0 0 0 0.000150573516851766 0.000704719648402331 0 0.000850980114121881 0.321084396332177 0.00759822934149102 0.0108134789845933 0.106351089933239 0 0.00513067773979104 0.000284547992055398 0.00166259946810871 0.000439560957408716
0.000554266124625641 0.00124034732396603 0.0740380565766753 0.00219035166346271 0.00207805300895714 0.0465419314405717 0.110168423709023 1.91392028108823 0 1.14877550167156 0.00170529893025513 0.0015726977603602 0.000273179030114479 0.000666678097816373 0.00128484329369173 0.0147026957350762 0.00367563384511329 0 0.000517831639784 0.0022779039540442 0 0.00126148236037284 0.0156309519047331 0 0.0108739342519589 0.0303659710393883 0.0502780340418845 0.00730100994211982 0.00484570186325718 0.855262626518717 0.000755539782198751 0.00184532048256516 0.00969982063100967 0.00271635206022941 0.000980407648145568 0.0137693741127994 0.00172852839003453 0.00434858692881332 0 0.00254615042617214 0.0562090567774785 0.000984325390535742 0.00178103184171065 0.0398843992835363 0.0245379087867356 1.66564693172372 0 0.0205952128727066 0.00441809392442605 0.00231805090282585 0.00136243506837284 0.00196397844674839 0.0011389829673172 0.00432162467341846 0.022615972545192 0.0458380883790419 0.000560573938859204 0.00430029202744789 0.000561202505004793 0.000346674685500814 0.00224710129463247 0.000313613747658214 0.000932040243721288 0.000132490756856569 0.168474070030786 3.2799620534269 0.0649250588536988 0.00269662497454624 0.0111049461887892 0.00484560525846204 5.03806908222142 0.00886040049637039 0.0195298355738357 0.0178734984028069 0 0.000146701736140689 0.00184520152159921 0 0 0.00149987948070154 0.00229143638395241 0.00129294516147712 0.00162883927584902 0.000742236086208881 0.00014778876022889 0 0 0 0.000516234253968018 0.00110119193491715 0 0 0 0.000261251399114757 0 0 0 0 0.000754171489290807 0.00139038379855596 0.00363421888182699 0.000818319449254399 0.000946278213129893 0.00356456231375809 0 0.00380503018882414 0.000749797915666067 6.25554099884656e-05 0 0.00106583150995884 0.00026063438615271 0.000393835769421091 0 0.000386526151708968 0.00061402015558357 0.000291384947232189 0.000113168904957612 0.00107182503989927 0.0029742370351105 0.00636029339455546 0.000341432913245943 0.00267036295823496 0 0 0 0.00103823967185453 0.00047914055242525 0.00192229965467219 0.00285134363445398 0.00652241415634919 0.000309226032714927 0.00015272334234419 0 0.000249356080685255 0 0 0 0 0.00213863017692381 0.0384393016895627 0.0023454002642698 0 0.000742349880896605 0.000700697993848334 0.00784018742340897 0.000410603118962726 0.0012880179216065 0.000901838610129369
0.000382307634232477 0.00334437564945127 0.000957789452971421 0.000718578237295216 0.000678943950268258 0.0248892705396387 0.0325260407382917 0.0687596145527253 1.14877550167156 0 0.0988410022181304 0 0 0 0.000833715650692393 0.00360101526819521 0.00124323186009745 0 0.00274276541861353 0.019382232800373 0.00101663949653957 0.118545430677257 0.216327120433785 7.9741839051739e-05 0.016303306192841 0.00245304657225174 0.0177246932246753 0.000559238880729517 0.000860332639256299 1.05217253753592 0.000357142293439486 0.00195978126893872 0.00587619727679446 0.00118621638783028 0.00179505581574802 0.00849284244320282 0.000921596239390561 0.00231806522215468 0.000494953861472913 0 0.0122485920893966 0.00685427920720524 7.73236336758954e-05 1.63572048903975 0.00264622002862007 0.0150666466731882 0.000802167446410814 0.0137603521046873 0.00216502865133135 0.00670601453307363 0.00256236342114197 0.000651721904502271 0.0019921167766409 0.00185126384945223 0.0335530613554503 0.0397236703254344 0.00839063741555477 0.0255410364292322 0.00238785584384393 0.00888701204120688 0.0678840843403427 0.000716092203196005 0.00223401015259106 0.000541310395672179 1.48589916481948 2.4024503814463 0.00503925575443792 0.000457582886085276 0.000911559385863332 0.00437675284717184 0.214182510873933 0.0109815052376108 0.0129343791451396 0.0152751922077554 0 0 0.00145077568080063 0 0 0.000992792048914309 0.000701532645130218 0.000234157089165909 0.00467452245531621 0 0.00213130239244415 0.000359328510737193 0 0 0.000137614343349999 0.000292516705257236 0.000365926397212224 0 0 0.000679444175427341 0.000327781983246213 0 0 0 0.00073102486451467 0.00121579268582378 0.00289110025491233 0.000733514517636131 0.000288951344332693 0.00520638281793829 0 0.000676708407060078 0.00270999934714544 8.32815895325349e-05 0 0.000362823186137494 0.000134864164292321 0 0 0 0.00126669151792891 0.00121615438481376 0 0.00179728045569409 0.00208377090220414 0.00917724061060773 0.000619883230934537 0.00130089739459622 0 0.000249254494730788 0 0.000533807603174362 0 0.000510859001038886 0.00368198284853504 0.00403048530639987 0.00254770083874029 0.00181266519086238 0.000543630451903206 0 0.000848701156170834 0 0 0 0.00500850422227353 0.0385105097220495 0.0024900948069843 0.000133307923808751 0 0 0.00930600254158639 0.0013656889817899 0.000972673928690775 0
0 0.0942249726871448 8.7057715793433e-05 0.000117827154693684 0 5.51199918278505e-05 0.000277572929266149 0.000125820677476874 0.00170529893025513 0.0988410022181304 0 0.000334179735660584 0 9.69962661757917e-05 0.000411889626260312 0.000950258895821115 0.00324988686258664 0.000976440316006341 0.0707656396140869 4.59317386791002 0.0149709977755774 2.51006436087548 0.0171686123198412 0.000110106850260548 0.00568142319372438 0.00124035604332183 0.00926525941313142 0.000428265951067666 0.00163367146005339 0.221918882999226 0 0.00301775575247815 0.00254305155041834 0.00217160699009628 0.0035301876270651 0.00313853527199461 0.00559689825741313 0.00765866609014149 0 0.000614564715646575 0.00317437936898066 2.01523633203989 0.00176726093893755 11.5910111157273 0.00507045124108235 0 0.000846030165183505 0.0212614479429427 0.000872600696927739 0.00511792954907497 0.0793357365078143 0.000876110412532702 0.000103191997092324 0.000956866770524735 0.00381423337744321 0.0199891243417172 0.186720016414413 0.844220362070265 0.0268410910754065 0.0165138394819802 0.126711069668033 0 0 0.000283009488877373 4.80445334384589 0.201717691144942 0.00487486792670223 0.000518782387086881 0.00189254251245546 0.000150909832176437 0.00144852349346872 0.0208905453460186 0.021404403120937 0.00671243704776159 0 0.00652398204460846 0.000508969053542403 0.000115714294246262 0 0.000248386175360671 0.000120722180733182 0.000160468454145724 0.000512861395574452 0.00116082144443523 1.00187693152649 0 0 9.88670897250424e-05 0 6.80925339960042e-05 0 0.000117880354844703 0.00700908596050776 0.0535324832555152 0.00324658084708516 0.392973754691827 0.00542881302584421 9.89158305763141e-05 0.00332696794011547 0 0.00475092557090601 0.000142839766639649 0 0.00446167774560107 0 0.00035483494765115 0.00032765275773259 0.000305712682367688 0.000649321849414167 0.000372344396439718 0.000880356159075617 0.0010036901876998 0 0 0.000309990615429898 0.0276528992117903 0.000273370272917694 0.669464196305698 0.000358094394035339 0.000524187364367837 0.000317421218287053 0.0014242086752324 0 0.00286189755589237 0.00547419358990932 0.000122038855610174 0 0.000277790040059233 0.000159406928710025 0.0103059308897699 0.0124858625983771 0.0148205502258986 0.00243671383859931 0.00411103266762392 0.0223829352436112 0 0 0.000402278784458413 0.166933405746627 0.0452591270773147 0.000482751278316688 0.000106291965492474 0.000138928334111194 0 0.00365725831881905 0.00569591459132061 0.0030363984186257 0.000329316316974845
0.0071123966192345 0.00050192968878957 0.00584101847339487 1.21311870070778 0.00241618480405863 0.0168745435418704 0.152171657820258 0.0288186703666369 0.0015726977603602 0 0.000334179735660584 0 0.00317168936365109 0.696890897949203 0.19805895894229 0.170849877178178 0.0177784167836907 0.0357033573154963 0.00108245999667764 0.000626453875185886 0.000630834520221162 0.000722617400331907 0.000849154449347033 0.00252459077947907 0.0111506196949478 0.113307341800517 0.00602656489081842 0.0217621632614105 0.281009958312358 0.00382689036141363 0.00025753748990783 0.0114735359342814 0.137783392077728 0.152543907259467 0.0341886329124177 0.0538660826154316 0.0090878808913244 0.0351861683119887 0.00579492741990557 1.97057334627567 0.126791865789655 0.000398999417141819 0.00172890362123414 0.000160824226752828 0.128317851846218 0.00737707397640665 0.00816685697907744 0.0345817312062069 2.40749294276412 0.00197385348225785 0 1.09414926723103 0.0283147203011725 0.28197333157865 0.0418098177086333 0.0152468238988853 0.000942902796989421 0.00204176530075593 0.00217866707157961 0.00634770877660536 0.000431646564625634 0.02002426294677 0 0.00156279418984718 0.00220633555959512 0.0246322622676268 0.130267993392886 2.78798658262061 0.0872424573622552 0.000696415322963995 0.00330216250232194 0.0318100188330302 0.0732700407197425 0.012073080747089 0.00058629108817523 0 0.00107096602417879 0.000663810412687941 0.000587418623099358 0.00818372004930928 0.0576369318800389 0.00979141250469721 0 0 0 0.00245945061025338 0 0.000796727894766543 0.00980791641021099 0.0184292496180934 0.000300389926800601 0 6.84742764786549e-05 0.000292549282898297 0 0 8.14830267267426e-05 0 0.00022644085450696 0.000543453554917694 0.000447294805465017 0.000249065301530578 0.00211437803041109 0.00114306379587241 0 0 0 0 0 0 7.28476741907805e-05 2.49789749853522e-05 0.000524607857889499 0.00131876059740862 0.000658631856751048 0 0 0 0.00166694116169017 0.00255981798297873 0 9.58282212441073e-05 0.00245294189137151 0 0 0.00906668903996207 0.00420438209389485 0.01991451065729 0.000253651638261512 0.00152105128186391 0 9.9976719738477e-05 0 0 0 0 0 0 0.00015383344581477 0.0245185063619588 0.00100504256204749 0.00355783930343569 0.00536784872888988 0.000754357592441076 0.00188119996107297 0.000149552388377138 0.000715922411983378 0.000428406382310176
0.206014467704245 0 0 0.000211253044333321 0.0796723342935841 0.0529921221795538 0.000463477092514774 0.00060204573738426 0.000273179030114479 0 0 0.00317168936365109 0 1.08012144725184 0.0176544760009138 0.013679082422172 0.00533938041192472 0.0763768545707682 0 0 0.000113700700701231 0.000111547724477447 0.000853565305991053 0.646813536142779 0 0.000234785480859327 6.86899632999921e-05 0.00033700765605865 0.00032491643227952 5.95996432931965e-05 0.00301849873544571 0.00513045130762778 0 0.000514106057552854 0.00241060238934183 0 0.000572932404575691 0.000621950021170045 8.48418030181101 0.0354190971440758 0.00073210427513834 0.000688981744629259 0.00125060810203105 0 0.000636982669613463 0.000663178991063862 1.69543412461616 0.00145717797585405 0.441737565170035 0.00119867474946389 0 0.109781658573502 0.165046510878248 0.00203312532682206 0.00156173925785769 0 0.000268492657856797 0.000144033374989479 0.000447101601347465 0 0 3.38657620783759 0.0110794867036613 1.06617215048594 0 0.012883866680847 0 0.00574923781998835 0.00100071156968412 0.0276863238926354 0 0.000740572661645032 0.000818365171201771 0 0.00386801259355123 0 0 0 0.0028050461406038 0.0144933118720397 0.000141896218470913 0 0 0 0 0 0 0 0.000434896480086772 0.00114354322431223 0 0 0 0 0 0 0 0.000691072924589568 0 0 0 0 0 7.20088410089918e-05 0.00156496733467519 0.000693782952916722 0 0 0 0 0 0 0.00261191343565387 0 0 0 0 0 0 0 0 0 0 0 0 0.000251226057385395 0.000780782403984071 0.000286758569593284 0 0 0 0 0 0 0 0.00349495725321652 0 0 0 0.0110123377625125 0 0 0 0.000464493534892637 0 0 0 0
0.149851243233246 0 0.00176037761324707 0.00404025065293792 0.0412517972723073 0.0742254132869578 0.0274084129016436 0.00414439688291254 0.000666678097816373 0 9.69962661757917e-05 0.696890897949203 1.08012144725184 0 0.116748694688735 0.0857778119985272 0.00859960718807549 0.0547146701397783 0.000235328769867567 0.000292905928036595 0.000172325465971622 0.000328238388022224 0.000481058692673472 0.0657824698641477 0.00204179716814814 0.00578804692571972 0.000579225506426185 0.00222564695681164 0.00874388640193498 0.0002691265336492 0.0017032752935235 0.00366376171809939 0.000752244985854516 0.0018203361187095 0.00106581167436878 0.00596051024446685 0.00111610900803696 0.00371194053133263 0.773070098720697 2.50094544839915 0.0105564462863862 0.000306324826104777 0.00182169551318557 0.000367577846130933 0.00841848596656997 0.00150432893371252 0.0370406414080422 0.00388916047369808 1.04821739182968 0.000870699881028109 0 3.32424459278016 0.262341136036599 0.0675430100591432 0.00403698339885677 0.00223704351905416 0.000124659740608074 0.000543132868073355 0.000823701644375876 0.00127927930731749 0 2.03481555216478 0.000585791276068674 0.0563543057733815 0.000382433791927914 0.0270817962574699 0.00778056860172271 0.12180488030898 0.00709798078588699 0.00512495329539853 0.00180620128443978 0.00482668446539318 0.00660013144440848 0.00200544024246261 0.00223742963311406 0 0.000682522033065956 0 0.00387889646495498 0.0238371794172533 0.0113148150978781 0.00137397141376508 0 0 0 0 0.000642982495352912 0.0013232529516749 0.00368110150410821 0.00635116416437743 0.000136725319006485 0.000141154180200658 0 0 0 0 0.000325109720870936 0.00102900336887598 0 0 0 0 8.06540525129435e-05 0.000342046335673103 0 0.000670514602303923 0 0 0 0 0 0 0.00138226646053371 0.000420753229792509 0.000434699044517001 0 0 0 0.000720102647821769 0.000508381004307894 0.000205614321649707 0 0.00103511589268421 0 0 0.00278925555405824 0.00641080016486145 0.00411911735110781 0 4.73367332727063e-05 0 0 0 0 0 0.00164790779750843 0.000482451320118239 0.000662351053963625 0.000204186860381225 0.0166847629790361 0.000219924810203439 0 0 0.00086172697895652 0.00012560539359528 0 0.000134790985982576 0
0.479086097619611 0.000987141435804034 0.00563870936783331 0.00569571883462161 0.362935899395202 0.126920917254888 0.082270206625732 0.0188266554679434 0.00128484329369173 0.000833715650692393 0.000411889626260312 0.19805895894229 0.0176544760009138 0.116748694688735 0 1.01340011817436 0.010412096179841 0.0202408712828238 0.00154984158256522 0.00125384943776296 0.000777535619277431 0.000450760714559023 0.000681591072392114 0.126546490338558 0.0175407028847476 0.0092079308499167 0.00883105074994191 0.011965094260259 0.250146722938873 0.00348633694783398 0.000478620290969956 0.00683123432980697 0.00050364909924763 0.00100539254554021 0.000957361750238247 0.00357165076906167 0.0019845812524895 0.00916648125557166 0.0210328580879993 0.0584268919510354 0.00776938005307627 0.000279812881241611 0.0006900394075233 0.000305264962586732 0.0726813370523737 0.00501924461422993 0.0074842619450947 0.00398081592728427 0.1862956831021 0.000838335837789978 5.21571219538755e-05 3.58143236333931 4.05656684683733 3.5212296492877 0.00960078031164471 0.0243868440263631 0.000379625991654697 0.00481934735057596 0.00384112261293131 0.00276618499888926 0.000240383011793624 0.191214809781401 0.00015295048737987 0.0262373392965331 0.00269928659442523 0.0634484565504929 0.0447298390312609 1.06137422252248 0.578278332769094 0.011442631419257 0.00356222387041472 0.0118008083478199 0.0277316279960882 0.000683311858209479 0.00218477319401096 0 0.00150760096205725 0.000238163937552349 0.00360019446354318 0.0538593933887153 0.078164943458722 0.00932954295341526 0.00027875767195022 0 0 0.00384884109990456 0.000596596664697108 0.0029434778887237 0.018156120138393 0.0374924475431543 0.000245832487500252 0.00092463735550557 0 0.000264953501987878 0 0 0.000130226976290119 0.000530082558907845 0.000728908670461714 0.000233814411594922 0.000434733060156217 0.000115396024032605 0.00132192466511655 0.000993127097535032 0 0.00120069248780165 0.000130392816473833 0.000367125186771869 4.55659610716233e-05 0.000107645150752491 5.6784798721139e-05 0 0.00136437192975482 0.00242536129050736 0.000919539098982034 0 0.00014401774560807 0 0.00288569478967804 0.00182729080198074 0.00104139250035846 0.000727801029525241 0.00513585466941209 0 0 0.0117590618728791 0.010710730657772 0.0323043756073762 0.00061586089778887 0.0021308992400811 7.17214209050784e-05 0.000214427983486587 0 0.000103309400139506 0 0.00199119622240736 0.000620795887616848 0.000360439119518283 0.000130097619517322 0.0483973185175023 0.00143270132115544 0.00450626202844394 0.00670497027016901 0.000958075027286632 0.00179123609877921 0.000325815691784567 0.000564932729102286 0.000415448829643953
0.147903207464089 0.000736372669360742 0.942063074989488 0.0315393875059032 1.20779633544313 1.30268231589166 1.47662938630761 1.53569111965463 0.0147026957350762 0.00360101526819521 0.000950258895821115 0.170849877178178 0.013679082422172 0.0857778119985272 1.01340011817436 0 0.024618094448708 0.0276104682174782 0.00132301445056335 0.00135212730371291 0.000592672408030229 0.000589622623369949 0.00178176263057846 0.0153384334173986 0.0101464895635605 0.0133839544367462 0.0555612649503886 0.010421833997421 0.428077810952281 0.0574971259459228 0.00183596940382706 0.0143354746090877 0.00160738503347969 0.00134967877190512 0.000896023173493787 0.00518399568357439 0.00274909095226321 0.00901945975879496 0.0149575208188645 0.0756142787432039 0.0143845022039878 0.00075531091813295 0.00178462527434314 0.00135269281448955 0.200528507927816 0.272591199647024 0.0107735644850785 0.0105796816278464 0.224252563043542 0.000652201348964943 6.3148756418508e-05 0.406274001537287 0.657779004144907 2.28808798209851 0.0065883219426084 0.0282924812127278 0.000699619686077866 0.00431945820710505 0.00198540770196368 0.00161335360774168 0.000405119414484307 0.0406791218624883 0.00110039673167118 0.0291298863200705 0.0116994758652454 0.470930601164386 0.0479688807304794 0.184980751629112 0.690667325177644 0.0726450365397789 0.0235139654280123 0.00617530493589914 0.0243492875947454 0.00209345599021168 0.00360460090803645 0.00010748870621376 0.0503641914256902 0.00359212610767149 0.00658895325990199 0.112976681691278 0.250353369141955 0.133690283470054 0.00160485796941398 0.000199384170952568 5.55747614776267e-05 0.0087768349951451 0.000750716523004342 0.00739544922390423 0.0516659144123647 0.234658092486702 0.00206424699558141 0.00199540877036695 0.000450950023087855 0.000426458938499002 2.69822832339572e-05 4.72465235575592e-05 0.000565683253316365 0.00141334477419253 0.00168332279000547 0.00219891423313277 0.002725644926249 0.00195201825254814 0.0606664920315114 0.0068242676243771 0.00015606456124042 0.00416442343817312 5.03200028585237e-05 0.000340509414965522 0.000245495677858616 0.000565390839807002 0.0001108339519649 0.000293980447939748 0.00308301438826218 0.00693958994760631 0.00229980120606908 0.000462415396846837 0.000181303616161102 0.000369377482419202 0.0547022869923846 0.0254563707900243 0.00124935606138353 0.00100656530532511 0.0107205888535584 6.66300482362573e-05 0 0.0298536715579651 0.024429723070964 0.0989333856569386 0.000881170563631876 0.00627484222476391 0.000389574508432213 0.000729089097161229 0.000234004581755671 0.00018315201627449 0.000174476960656186 0.00299345976585857 0.00099312741347585 0.000755320986347288 0.00182905080843763 0.255697967089917 0.00923295454174264 0.0228388740660391 0.0918047595257604 0.0005429795153901 0.0052540090539398 0.00118772321042059 0.00362808301351211 0.000189515110623566
0.011349052799758 0.012839147727217 0.0238953522444199 0.0979253579317046 0.00364389723507001 0.00396083772281589 0.0107891381392232 0.0173835124555287 0.00367563384511329 0.00124323186009745 0.00324988686258664 0.0177784167836907 0.00533938041192472 0.00859960718807549 0.010412096179841 0.024618094448708 0 1.91514584326783 0.00826109920179753 0.00853275169543756 0.00893993635557104 0.0164503408024178 0.400262203737379 0.169546099744393 0.010660752179715 0.0408470000311581 0.0124913400636647 0.0290014036951551 0.0502097984197372 0.00594711429468362 0.00213957412659151 0.492347713519708 0.0365512992524912 0.187183243101971 2.37463337096786 0.019013982962855 0.0419496036947527 0.0376181422469718 0.0113777083379081 0.0164773074125623 0.567499393122679 0.0137423210487031 0.661460056583844 0.0111688918098096 0.160335916197776 0.0173825788185143 0.566653597364062 1.58658665672828 2.20878234483444 0.107699312307704 0.0152426903987173 0.0143104708153071 0.0055665727164698 0.027348257131434 0.0170992190851134 0.024726248140365 0.0217686240865316 0.0173350987012494 0.0260625151050156 0.0375163475548869 0.036502671044034 0.00633680593809244 0.757147597767838 0.0453006044710847 0.021027321693499 0.0235047798575861 0.139477116276622 0.0278825847239078 0.0412950030316213 0.00693497391020717 0.00962589116038916 0.113818471141819 0.0746085040704242 0.0286446572636984 0 0.000191785711791057 0.00297030772357111 0.000308735340941233 0 0.000974300912687283 0.00609664916675893 0.00429765241960719 0 0 0.000648697898830431 0.000402543055637515 0 0 0.000877352575997287 0.00374006663771718 0 0 0.000519655739702486 0.000312528606413225 0.000307611052892062 0.000102360771258786 0 0 0.001028376749756 0.000596116510437833 0.00117837413022037 0 0.00184030746003316 0.00286287773567763 0 0.00642133825004713 0 0 0.000147174192616228 0.000442315443976646 0.000245842266117543 0 0 0.000860159668449153 0 0 0 0.00191606012654029 0.00188982321212361 0.00565503754081723 0 0.00104267358229704 0.000410685670968046 0 0 0.000537450719345824 0.00022979650266872 0.00201972010081696 0.000693494811444734 0.00292804863249503 0.000455247996907471 0.000667076280256029 0.000626775024992587 0.000519539865275115 0 0.000256667936875947 0 0 0.00232152700264621 0.0220196289124544 0.00185777502886163 0.00157943375185371 0.00612019266847145 0 0.0026754209233694 0.000770179105750394 0.000953684461524183 0
