0 0 0.000596949207351806 0 3.54845118197306 0.366587430914605 0.035586330105312 0.0175686010885946 0.00670234525972285 0.00131618302758523 0 0.0020529105384173 0.0156617492119164 0.092586217318352 0.988191867143594 0.252980406647904 0.0126153511819685 0.0397716604096238 0 0 0 0 0 0.565746274736024 0.000239893213846987 0 0.000375061892476918 0.000478464152965527 0.000732022745698084 0.000859840648674674 0.566148882349203 0.00542900931685392 0.000234892549858198 0.000411823918047738 0.00583358698857954 0 0 0.000113131946757279 0.146044850877211 0.00363150738783169 0.00211384635963583 0 0.00088940125763464 0.000560458170100766 0.00210949630127576 0.00339719006232082 0.351192723475602 0.0130983924499223 0.124798392786146 0 0 0.196979863242484 2.85952809070671 0.0933711422475221 0.000921102482422134 0.000635974056336149 0.000143069609911547 9.96832685370621e-05 0 0 0 2.75880218556745 0.117918363051912 0.501547458364115 0.000955526950746272 0.0693117442222685 0.000616816264807957 0.00318137510460442 0.00405922226434495 1.42826924081122 0.00848950557221886 0.00117511796127995 0.000556544922752315 0.000437934226591176 0.0670124307171389 0 0 0 0.0513783438996338 0.107745147123081 0.0146326569096759 0.00659052797658484 0.001319083138168 0 0 0 0.00122590082234871 0.00244672043901852 0.00617034673253919 0.00765446258583122 0.00019923161449794 0 0 0 0 0 0 0.0123864238037349 0.000126871241162577 0 0 0 0 7.6444158177761e-05 0.000770047742516067 0 0 0 0 0 0 0 0.00405140038963718 0.000740454195069323 0 0 0 0 0 0.000136490348946326 0.00880647637947542 0 0.00179887554805547 0 0 0.00273083470890187 0.0329047511889765 0.00100170411882061 0 0 0 0 0 0 0 0.0257956904170647 0.00355552348165276 0.0248534816836676 0.000134718441788958 0.0940301555921591 0.000122354005312084 0 0 0.00951315050639208 0.000498030793754944 0 0.000122041485702051 0
0 0 0 0 0 0 0 0 0 0 0.0193350681376283 0 0 0 0 0 0.00110769262259294 0.00033139330880344 0.665207871517586 0.0590094870154644 0.28128268209845 0.0822807756799611 0 0 0 0 0.000539058167459304 0 0 0 0 0.000462590854681359 0 0 0.000233632907298959 0 0.00429247620982647 0.000402259385052419 0 0 0 0.923282966380346 0 0.0433449583379703 0.000121737524705118 0.000318917228428165 0 0.00306762625504499 0.00048917169364235 0.000490006518266417 1.79345807431131 0 0 0 0 0.000597437998022154 2.02776579358871 0.108766522198769 0.505908713016846 1.40243125320555 0.402710694239234 0 0 0.00012622184197272 0.0132338713795566 0.00155313105796831 0 0 0 0 0 0.0508339997886076 0.00801455587863811 0 0 0 0 0 0 0 0 0 0 0 0 0 0 0 0 0 0 0 0.0003131269719082 0.000297689177607478 0 0 0 0 0.000631955512641163 0 0 0 0 0 0 0 0 0 0 0 0 0 0 0 0 0.000114104738346943 0 0.000128575110380144 0 0 0 0 0 0 0 0 0 0 0 0.000420743204850083 0 0.00153062969234077 0 0 0 0 0 0 0.00107935877620276 0.000181283245626676 0 0 0 0 0.000337916422265619 0 0.000193493761493592 0
0.000596949207351806 0 0 0.00560937721999376 0.000893599760577891 0.00638585229530907 0.0252177005912798 0.307873696077137 0.0585483113333821 0 0 0.00271102108351297 0 0.00111736881909642 0.00574062714949014 1.69593095482198 0.0130399892926201 0.00149753482509688 0.000213060465746675 0.000250382379750242 0 0.000118301341660548 0 5.27677830504726e-05 0.0105025688344624 0.00699403366417062 0.911564598150284 0.881181456479766 1.43115265296829 0.654164354124008 0 0.00371293386011343 0.00231176427303471 0.000206263842705151 0.000629358116230923 0.0040424635437142 0 0.00102895938003575 0 0.00154003026621587 0.0496222348650219 0 5.45080320803106e-05 0 3.24171897629905 3.35624351764678 0.00144389949575966 0.0149233923112854 0.0581929955856342 0 0 0.00960619505291536 0.00153067226198534 0.016955071503888 0.0143597693066213 0.199923660954065 0.00337537751890326 0.0136675116655111 0.00204683958482322 0.00102593877409964 0.000149026782054256 0.000504309610640561 0 0.000425554603955144 0.00573347335683925 0.0404046000540127 0.965870345667503 0.0149364519436021 0.0703568717737926 0.000183278388350784 0.0081005922119441 0.00301566142747306 0.0215544167129569 0.00241470962499157 0 0 0.0102148522188905 0.00140793229568498 0.000195097220366479 0.000858552317299151 0.00570568872804788 0.0527813390164536 0.0269378668942394 0.000643430035270814 0 0 0 0 0.000837429002217699 0.0047930710474855 0.00123297109477432 0.000891111029709832 0 0 0 0 0 0 0.000175054037223993 0.000858983145932508 0.00372218228836405 0.00329824543325898 0.0101327770445238 0.00465516710718659 0 0.000497120916736159 0.00100370464230568 0 0 0.00110847726360286 0 0.000281430841543129 0 0 0.00705280692106318 7.690820440788e-05 0.000165327458144973 0 0.0222615193085849 0.0405331631190679 0 0.00176144273282683 0.00248138610906315 0 0 0.000238644706864598 0.000608651372747981 0.00291357586397803 0.00231074295635985 0.00311631003557574 0 0.000433505628194615 0 0.000488073434805633 0 0.000328525787728785 0 0 0.00098551590098158 0.0626139823897146 0.0115114357953534 0.00178471915915932 0.0108231473284331 0 0.0059284750407603 0.000586455312404598 0.003251484826599 0.0014535950995347
0 0 0.00560937721999376 0 0 0.000211158862255301 0.00085312822354874 0.00116360742223696 0.000880694318156489 0 0 0.689426639222641 0.00025442831607389 0.000443789043799054 0.0023097791278214 0.0048287026630602 0.0862932056061901 0.00369835735310284 0 0 0 0 0 0 0.00162739507920748 0.455000607665856 0.00227723228004085 1.20343961447535 0.311971644933206 0.00101549873165778 0 0 7.81505678436854 1.41235476812203 0.319299438748923 1.94304320404051 0 0.000944830190500428 0 0.00414175156600034 0.197225349986631 0 0.000641200123458723 0 1.35535491141689 0.00145619340429412 0.00306377741084999 0.365899912264334 0.701874310075209 0 0 0.0109347642327685 0 0.00416273096033347 0.0120372536650207 0.00555310415067395 0.000427640115725349 0.00115307856785925 0 0.000495841715653225 0 0 0 0.000171368699972063 0.000343777608997795 0.00106972119316809 0.647077837124834 0.379643875330661 0.0138712367303528 0 0.00120494127180588 0.00101518266774603 0.0149752495345805 0.750801781994868 0 0 0 0 0 7.4253047858415e-05 0 0.000432268182045965 0.000707437260984794 0 0 0 0 0 0 0.000181664925912926 0 0 0 0 0 0 0 0 0 0.000148122602431787 8.13207492006635e-05 7.94325868210891e-05 6.90703855427584e-05 6.73074357191794e-05 0 0 0 0 0 0.00015992974365615 0 0 0 0 0 0 0 0 0.000642627187308367 0.000291670679403346 0 0.00050163275251329 0 0 0 0 0.000171765532889683 0 0 0 0 0.000278799721250451 0 0 0 0 0 0 0 0.000525264438892638 0 0 0.000119561259525232 0 0.000318456539361942 0 7.8956217305283e-05 0.000728645583840427
3.54845118197306 0 0.000893599760577891 0 0 0.34544007367707 0.0367748088552694 0.0126794816948572 0.00476809408780716 0.00276955568008399 0 0.00111627994263029 0.00955072599240561 0.0294194075045503 0.701378750479568 1.42549255942384 0.00386015918501519 0.0101591810322085 0 0 0 0 0 0.0393244456108389 5.25155771177936e-05 9.2431750152e-05 0.000126312810962692 0 0.000104061472798733 0.00128167797487067 0.0556610646917752 0.00212827452376274 0 0.000504576188351167 0.00116429691446747 0 0 0 0.114496580554155 0 0 0 0 0 0.000337183891705797 0.00257081073816679 0.110808950093569 0.00254703636689955 0.066175653710265 0 0 0.0827229660150524 2.33212541223339 0.0541404558033685 0.000188233050108094 7.24066238241934e-05 0 0 0 0 0 0.528724783626127 0.0252627186265403 0.0796371819992351 0.00036829359005099 0.0392147932112636 0.000854406633202613 0.00120119915411406 0.00051662764330662 1.835813964045 0.00552229437291092 0.000967666861192845 8.91145666548371e-05 0 0.0343704959458694 0 0 0 0.0197532362109777 0.0559559868439149 0.00841871696371404 0.00396757351444904 0 0 0 0 0.000236407920098661 0.0024947531489696 0.00390497256879365 0.00277346151701431 0 0.000252252401882966 0 0 0 0 0 0.00528799417948137 0 0 0 0 0 0 0.00164224226302952 0 0 0 0 0 0 0 0.00566155781069912 0.000363545160735751 0 0 0 0 0.000133955519581549 0.00115621813889508 0.00423940985162994 0 0.000168190444847801 0 0 0.00171955670782016 0.0158555625965059 0.000588935053805948 0 0 0 0 0 0 0 0.0084328418166192 0.000806196907839705 0.00927586167689551 0 0.0527982902936758 0 0 0.000161275436299541 0.00337994699078104 0 0 0 0
0.366587430914605 0 0.00638585229530907 0.000211158862255301 0.34544007367707 0 5.50356730211881 0.585852987197932 0.120078691443358 0.0273155263785156 0 0.00127546857872086 0.00620130724309901 0.0392087625472212 0.152030022652643 1.47746429754926 0.00798160956049682 0.0160377848038781 0.00033001408781895 0 0 0 0 0.0617789808144784 0.000510317782697596 0.000528586290205192 0.0096446281539285 0.000931247227453223 0.00191709179129557 0.0312069156251233 0.980254212815981 1.23036853651308 0.000295001136465533 0.000185411555085893 0.00125159090160645 0.000868973345408944 0 0.000232839942571864 0.113872927308842 0.0102955772232825 0.00579475573082604 0 0.000340402271368001 0.00148399289854619 0.00783053523256046 0.0901928684383298 0.184314579131665 0.00359842387472638 0.130643555744608 0 0 0.14437236817403 0.279514383598556 0.215444776206173 0.00131177917511289 0.0071066586020483 9.20287464429917e-05 0.0010749186728701 0 0 0 0.244468009028303 0.387441467450205 0.266471653288622 0.0112777463047168 1.69664144851151 0.00816326387007234 0.00617839031502193 0.00295408905703624 4.80882949401585 0.1517902092722 0.000383671250102649 0.00256538822764871 0.000501840341976889 0.148769665881795 0 0.00029845906806564 0 0.160996502537735 0.870456141644692 0.699650006182386 0.102960511692938 0.0123532266326464 0.00367219578422068 0 0.000490502150435399 0.0104536312606903 0.0183019841225931 0.0507647275446444 0.0365040890155756 0.000128087704898416 0.00310932333573197 0 0 0 0 0 0.043517742179124 0 0.000178475715468859 0.000359038444206692 0.000210643810479571 0.000398230867861771 0.00143959314456703 0.00541937370409725 0.00868301981964569 0 4.92209882498366e-05 0 0.000474056579417989 0 0.000131845102880285 0.0401642146477009 0.00211545065681074 0.00157290757627059 0 0 0.000381290239703825 0.0013802913444936 0.00574584525056293 0.0164483956917295 0.000281943097616467 0.0184121184899412 0 0 0.0341742907702203 0.173499318668628 0.0148218394718318 0.000370421664399198 0.000598467254985472 0 0.000128256694686523 0 0 0 0.0740322871941682 0.0119000628196303 0.075522708119875 0.000587670882281214 1.09829311106317 0.000423665109596659 0.000767502281317407 0.00235916266572808 0.0253953820830375 0.00626472511830497 8.13324977282839e-05 0.000280814205919131 0
0.035586330105312 0 0.0252177005912798 0.00085312822354874 0.0367748088552694 5.50356730211881 0 5.07211241054548 0.121786025396433 0.0212363674239625 0 0.0194298070514357 0 0.0153348281426243 0.136347002418953 2.37294681183793 0.00547201980778711 0.00507300712715301 0 0 0 0.000256664446004959 0 0.00351604318508911 0.0007843620895193 0.000791617419999141 0.0224364157125608 0.00291172279413365 0.0129968985912694 0.0632758444316949 0.00258145302185421 0.0193647313216791 0.000698420787988128 0.000192363294965204 0.00032697865407607 0.000587741642009879 0 0.000337675968869735 0.0187772698819225 0.0407678065240514 0.00888644513022674 0 7.75992938975185e-05 0.00365417938533571 0.023024208846231 0.37721160106446 0.00835312695279349 0.00299416376139191 0.0760700213667802 0.000230635492706837 0 0.136558301694664 0.124860626132787 0.307786204169935 0.00363518830725289 0.0223542654553877 0 0.00552186332120395 0.00014060217601275 0 0 0.0363063881844865 0.00576076252371551 0.00758783803513927 0.0123926008387296 1.07537400050987 0.0109488604363454 0.0350025470583417 0.0420211336899429 0.0828761540161498 0.234523971742844 0.000166718198191762 0.00404269298472072 0.00125613026397961 0.0172340019055288 0 0.0030907433129356 0.00025156203205861 0.0345358807359304 0.370157103427177 1.465180859943 0.534016280856952 0.0321545801273783 0.00133094582199675 0 0.002627255023467 0.00272219445906109 0.00782860231592182 0.0429343116580945 0.0415781404142943 0.000683436780044969 0.00188823624602099 0 0 0 0 0 0.00363001635527195 0 0 0.000961424011046793 0.000251884402384374 0.00347360401161934 0.00153380847913755 0.000596809042159276 0.00376845458604502 0.000464173857350331 0 0 0 0 0 0.0201092862517299 0.00553249938276568 0.000877681257525322 0 0 0 0.00412473217294414 0.0143588057921858 0.00165541991939496 0.000491772902849158 0.0351672156715716 0 0 0.0290905350473436 0.102378208025372 0.0623179819175311 0.000917286078726612 0.00155203202266589 0 0 0 0 0 0.0232932423064563 0 0.00151887858533794 0.00142983043360036 0.703574619194117 0.00146074864911941 0.0110431972675357 0.00879227044971771 0.00202399234168599 0.0168724556734891 0 0.000354305269215664 0.000781518495487805
0.0175686010885946 0 0.307873696077137 0.00116360742223696 0.0126794816948572 0.585852987197932 5.07211241054548 0 1.87004473285198 0.0333103608987144 0 0.0058808520790034 0.000270500410391093 0.00239595934414335 0.0248235332531388 1.48683942394804 0.0111293464849808 0.00128283834515982 0.000418264406240707 0 0.00030284339220478 0 0 0.00105648294955051 0.00620606738522429 0.00260265450629067 0.193018791150873 0.0126033084969196 0.0715349387408386 0.558003367340193 0.000775864905906476 0.00585919639369972 0.00455215552122244 0.000431604612574226 0 0.00448105053596477 0.000105874180400842 0.000368172323369031 0.00770387946822539 0.0103922222604439 0.0294986092924833 0 0 0.00331396942889442 0.217598887324942 6.52684445509816 0.00233068364884997 0.0113536622225382 0.0321119130605732 0 0 0.0287759352848318 0.0206769454281022 0.0641370831117442 0.0194464295735944 0.160834967064782 0.00143350628776392 0.025729415600804 0.000799958986419132 0.00251638883091382 0.000593600000110371 0.0158328956253136 0.0023377993338702 0.00260720972195173 0.0530151428003993 0.668229550833672 0.0660636281033089 0.0261957097400596 0.119839567335494 0.0408602286307272 1.17833396855781 0.00144925646575177 0.0152577837595827 0.00288517560407339 0.00589951179532764 0.000171095824543673 0.0552631655669742 0.00256100953167574 0.00449090250537741 0.0889120023025774 0.501215584493682 1.6974319651171 0.38984820491963 0.00902687860610496 0 0.00239818825420453 0.00139628756824095 0.00425226197827719 0.0283932661811286 0.106261840476217 0.00370251321631646 0.0019315999013085 0.000432686321022349 0.000323332819977006 0.000174769475818737 0 0.000409032359453526 0.00146396789024372 0.00140215604409188 0.00122749602105447 0.00862763979358737 0.00794682848744227 0.0909766198985874 0.0138762069136628 0 0.00959313390271794 0.000223158589936177 0.000186672033697223 0 0.00161526662596297 0 0.000160706357340015 0.00509051356845906 0.0042370144150681 0.0118078385436028 0 0 0 0.114935311996141 0.149445742035193 0.000682924124728132 0.0026731021402298 0.0359770985295222 0 0 0.0142917037062926 0.0297640818443289 0.0560946858548138 0.00439445321149702 0.00909757550941273 0.00174164012032529 0.00469480082383131 0.000485636601882842 0.000201821803013398 0 0.00704954751773014 0.000280974891416097 0.00240376611197995 0.01220170898687 0.820266028238344 0.0131090469714825 0.0255693836164488 0.151854184359019 0 0.0329996538972076 0.00108739346681101 0.00330799610813033 0.00263140481185629
0.00670234525972285 0 0.0585483113333821 0.000880694318156489 0.00476809408780716 0.120078691443358 0.121786025396433 1.87004473285198 0 1.10123912173733 0 0.00101874682140691 0 0.0013712536474853 0.00324294610575383 0.0186098994131224 0.00304680812361387 0.000369777206592179 0.000700004375797238 0 0 0 0 0.000210941858597574 0.005447824378941 0.00486914695879159 0.0419846225982773 0.00207423411764282 0.000746570328976367 1.83453565659199 0 0.00432662072803647 0.0211469053524162 0.000253395725975485 0.000744415744101182 0.0103286075098554 0.00012326888482574 0.00113092855377639 0.000461440733965021 0.00352037630610136 0.0788212105053886 0 4.63843061529671e-05 0.00447126460529325 0.0125656144875302 3.22423082115559 0.00146100707835761 0.0207280262785999 0.00634298207263806 0 0 0.00561941317888068 0.00934961763873376 0.0110041437763967 0.0541255470016529 0.060355590881944 0.00317833181292995 0.016340384649245 0.00105817540548897 0.00312825814595002 0.000152519788196206 0.00715374949967103 0.000273028272094113 0.000700091602196095 0.133254781194098 3.70660900042778 0.0382361443709736 0.00321381507574442 0.00380763947238336 0.0205363472796978 14.2787996149587 0.00363546316686114 0.020515688178742 0.0116063134261809 0.00182663863340638 0 0.0216200114087413 0.00340268063733168 0.00168272546087193 0.0209778006699274 0.0779214683605495 0.248035875940132 1.8164937621784 0.00990457554562951 0 0.000218596349163745 0 0.00167445081631455 0.00326994414511045 0.00754228723798112 0.00221229284300671 0.00189604800235935 0.000696745981035177 0.000362725471554672 9.25990905396275e-05 0 0 0.000225216960562269 0.00207198915503865 0.00798956234205253 0.0317444006845304 0.0147583836127196 0.00882083672145558 0.0387778334338729 0 0.000906559750055713 0.00292015439099353 0.00124616840066292 0 0.00517709288888976 0 0.000660192162205328 0.00121034935104523 0 0.0428396219300708 0.000396476954232713 6.40589052981352e-05 0.00204626928453468 0.0371929635631334 0.131089268677662 0.000817320280759516 0.00787997735980015 0.0066835106663469 0.000464245165230838 0 0.0018213945862229 0.00280826881762876 0.00833177941308971 0.0253475847892508 0.0279493270297633 0.00247802527711533 0.00415279033637121 0 0.000465505799035469 0 0.00364382825185093 0 0.000936184370549998 0.0186308864518447 0.654587250596433 0.0652099813358721 0.00214693984104165 0.0134085317350143 0.000805943157336383 0.0845732747344678 0.00372731007157901 0.00933109877906948 0.014246327021756
0.00131618302758523 0 0 0 0.00276955568008399 0.0273155263785156 0.0212363674239625 0.0333103608987144 1.10123912173733 0 0.206665447583959 0 0 0.000345319962502318 0.0015187104435884 0.00273234866390971 0 0 0.00102870717364885 0.0159379062997915 0 1.27467086122345 0.14097116097331 0.000403858765504727 0.00068210892967149 0.000585646380562759 0.000802024760041042 0 0.000100485748140245 0.301796653259776 0.00150055552690667 0 0.00203289864479946 0 0 0.000951495750299056 0 0.000155320093282897 0 0.000528847183299579 0.00801533068054415 0.00152987879509649 0 10.3598210218143 0 0.00506055879972707 0 0.0023055988999884 0.00149502487254311 0 0 0.000703219656997237 0.000938830132130664 0.00284151600877754 0.0143931814501182 0.000875918895203413 0.00313208296536749 0.0102567945110144 0 0 0.0823418279660643 0.000535995324289044 0 0.00106329510649173 0.644095545660173 2.70744835340413 0.000279518921131108 0.000417447915634604 0.000583146533606877 0.00386659513669645 0.240523237830069 0.00015912486480963 0.00161390190611124 0.0017683408960081 0 0 0.000925911151370805 0.000199925227090073 0 0.00145964243953945 0.00326823823099944 0.00177612853148033 0.0314258619973609 0.000883532111824348 0 0 0 0 0.00025134816314018 0.000306842515852515 0 0 0 0 0 0 0 0 0.00015023817986788 0.00011697577618138 0.000469567640070393 0 0.000951053223884356 0.00059779261083542 0 0.0044364035628946 0 0 0 0 0 0 0 0 0.00271756507013103 0 0 0 0.00275851857717054 0.00486461361217076 0 0.000508372883248134 0.000195482432489521 0 0 0 0.000181948225729027 0 0.00116463569505676 0.000573754239758192 0 0 0 0 0.000854152114882337 0 0 0 0.000752592335754088 0.0154219103805874 0.000322538257706683 0 0.000587054654993618 0 0.00277393399588804 0.000459999030481932 0.0013236854836328 0.000755589144205808
0 0.0193350681376283 0 0 0 0 0 0 0 0.206665447583959 0 0 0 0 0 0 0 0 0.014905917668308 4.89716527266861 0.00818314933915026 1.47045773630177 0.0016091106913259 0 0.000193569350417502 0 0.521070418174957 0 0 7.5245179636889 0 0 0.000170641708429432 5.10028570625135e-05 0.000184346431575994 0 0.000213014281146397 0.00130070019410805 0 0 0.000710225882924602 0.303057045528437 0.000264573752779454 11.7913913787245 0 0 0 0.0148447503791401 0 0.00042781274450634 0.063930220846944 0 0 0 0 0.0024071547507507 0.0643401023022847 0.185886015362064 0.0449249381233083 0.0455133581052902 0.61591139811291 0 0 7.57609779035422e-05 13.5051929643454 0.142485198271616 0.00050056632589672 0.000164212372491834 0 0 0.000509261059616607 0.00755313776499255 0.00795251584040911 0.000258247077342261 0 0 0 0 0 0 0 0.000294580283976545 0.000469861835665775 0 0.0621426287874023 0 0 0 0 0 0.000466477078088015 0.000300172460368604 0.00114353141194515 0.00218835511018372 0.00193881198691622 0.61037924570358 0.000328001087224455 0 0.000162910470697414 0.000232661249497848 0 0 0 0.000836550688530354 0 0 0 0 0 0.000172083029378341 8.55302763755391e-05 0.000192515776117581 0 0 0 0.00210668214490174 0.000224431649559686 0.167562385766856 0 0.00116944057108341 0 0.00256252426513248 0.000152737858835867 0 0.00510137868594547 0 0 0 0.000226918456922451 0.00247326576800482 0.00342894632520005 0.00235093013260535 0.000628673936048258 0.00303197663045788 0.00833165285867206 0 0 0 0.00740118031625775 0.0149729645247029 0 0 0 0 0 0.00288975124585231 0.00146921008356742 0.000489173589365552
0.0020529105384173 0 0.00271102108351297 0.689426639222641 0.00111627994263029 0.00127546857872086 0.0194298070514357 0.0058808520790034 0.00101874682140691 0 0 0 0.00427588737446227 0.104706933338389 0.13496191488725 0.0423305063395317 0.0947170236586744 0.712655849153266 8.0837316492036e-05 0 7.31855930307269e-05 0 0 0.00294275978891278 0.00145430266142823 0.00629200925530054 0.0013974375476575 0.0122965159975239 0.724096814876311 0.0014350800100025 0.000234561312832199 0.000642563761852812 1.12482330238607 1.17236602593401 1.46420960427738 0.0068465551366854 0 0.00105297901449933 0.00471994272744934 3.9127331202778 0.014710687048819 0 0.00157380600655953 0 0.154141917489744 0.00430830196480138 0.23377385521339 0.237612039850881 2.11048424927317 0 0 1.08388335951124 0.00819466161003721 0.0823915868677587 0.0160408867862334 0.00641645894424515 0.000287186881186743 0.00218527544154608 0.000238576472948648 0.00096991299198617 0.000713784039636855 0.00506351191501469 0.000378843483486324 0.00910023775508723 0.000854694719629602 0.00203801753022315 0.0137703931049548 5.36193011166546 0.027720180238827 0.00136318671150147 0.00245119640181885 0.00234540503925016 0.0417123238722549 0.0313811986074775 0 0 0 0 0 0.00101405056095681 0.00497470825426971 0.00153533926626934 0.000373305569705645 0 0 0 0 0 0.000220298382201387 0.000206916137640506 0 0 0 0 0 0 0 0 0.000257151404088739 0 0.000358375366751112 0 0.000148887957727 5.84442495689431e-05 0 0.00016362310439816 0 0 0 0 0 0 0 0 0.000164964390868085 0 0 0 0 0.000819142735335233 0 0 0.000561657850213334 0 0 0.000992164534509732 0 0.000113781706256101 0 0.000291684268973347 0 0 0 0 0 0 0 0 0 0.00181450285461435 0.000186746029232465 0 0 0 0.000296350769400331 0 6.20638892173467e-05 0
0.0156617492119164 0 0 0.00025442831607389 0.00955072599240561 0.00620130724309901 0 0.000270500410391093 0 0 0 0.00427588737446227 0 0.255492877398289 0.00389085781230175 0.00108219221944409 0.00215139488867536 0.0200946029730861 0 0 0 0 0.000556939154893125 0.0264356876012365 0 0 0 0 0 0 0.000203571951346999 0 0 0 0.00167134190823775 0 0 0 4.21783130724892 0 0.000919834248964597 0 0 0 0 0 0.546469908046444 0.00147065193617381 0.387704685354976 0 0 0.00591576277074881 0.0137253910544084 0.000557021011802284 0 0 0 0 0 0 0 0.518382084329196 0 0.290210277384911 0 0.0037608211540251 0 0.00095507692297269 0 0.00371301832038697 0.000552450368016443 0 0 0 0.000288729373936557 0 0 0 0.00271644144649062 0.00131555113897365 0 0 0 0 0 0 0 0 0.000451620563602444 0.000338407701414552 0 0 0 0 0 0 0 0.000630985254184353 0 0 0 0 0 0 0 0 0 0 0 0 0 0 0 0 0 0 0 0 0 0 0 0 0 0 0 0 0.00151477329494447 0 0 0 0 0 0 0 0 0.0018006337032983 0 0.000576395079798493 0 0.00229408229916725 0 0 0 0 0 0 0 0
0.092586217318352 0 0.00111736881909642 0.000443789043799054 0.0294194075045503 0.0392087625472212 0.0153348281426243 0.00239595934414335 0.0013712536474853 0.000345319962502318 0 0.104706933338389 0.255492877398289 0 0.693174874777572 0.0409868257164779 0.00307379220540415 0.0134795761648541 6.17420394796869e-05 0 0 0 0 0.22001718400735 5.07570338945974e-05 0.000589218958989069 0.000447787252137327 0.000458582665375786 0.00524983124333759 0.000358532193735796 0.000633032061364426 0.00119196731627819 0.000989487463945756 6.20307185781634e-05 0.00173723586438688 0 0 0.000118429117124562 3.12809634410054 1.0996494697827 0.00253535972222556 0 0 0 0.00677758714305901 0.00124626277523057 0.0656505578385929 0.00278520569408224 0.333734461033126 0 0 7.91090354360717 0.201843541670018 0.0603680438185583 0.00265439121065541 0.000594253450754009 0 0.000239639604360476 0 0 0 5.19662961787375 0.000455898594046093 0.0265526627134333 0.00025947516573982 0.00674965140028102 0.00218631753875521 0.122414851194654 0.00523162125509209 0.00689202310573462 0.00188301143628052 0.000272146442478881 0.00129222903839354 0 0.00224517798840586 0 0 0 0.00511695219456661 0.0133968238452078 0.00248193047051257 0.000605507849359537 0 0 0 0 0.000307549359239052 0.000373473455258485 0.00169191811549502 0.00059979888438896 0 0 0 0 0 0 0 0.000394165697756758 0 7.05131051483444e-05 0 6.98929695431508e-05 0.000205314509190941 0 0 0 0 0 0 0.000242723351155097 0 0 0.000617510667032875 0 0 0 0 0 0 0.000115427535426386 0.000576937966850148 0 0.000141803120100786 0 0 0.000268409220202402 0.00633878594982851 0.000104086934343158 0 0 0 0 0 9.56071494275352e-05 0 0.00331673198547696 0.00025704743497466 0.00218687597184828 0 0.0101303714472682 8.04253953838431e-05 0 0 0 0 0 0 9.82028920731726e-05
0.988191867143594 0 0.00574062714949014 0.0023097791278214 0.701378750479568 0.152030022652643 0.136347002418953 0.0248235332531388 0.00324294610575383 0.0015187104435884 0 0.13496191488725 0.00389085781230175 0.693174874777572 0 1.3427420439533 0.0110497726096329 0.0212120245448034 0.000223987328184863 8.45021733571444e-05 0 0 0 0.200680916724845 0.0068567249292703 0.00353292206275552 0.005926713390446 0.018512585937886 0.503806106014546 0.00356695910313557 0.00277864094306841 0.00333979083773435 0.000584514735955092 0.000511784596030742 0.0015553045546542 0.00159773999914217 0 0.000865781293746853 0.043090756295091 0.0396327704758319 0.00750655043796271 0 0.000180752609323605 0 0.140164299297672 0.00857173466679559 0.0193237714487876 0.00700123218601976 0.207911675217351 0 0 5.72907528533826 5.798928541714 6.33212584639123 0.0165031021399023 0.0248028384513135 0.000845251985588655 0.00451432290708546 0.000904706533585795 0.00127951888964924 6.58216593836863e-05 0.701906030435288 0.00189737567574038 0.00789572004837888 0.000798564763685384 0.0125734587523333 0.0390386092579107 0.976973701733132 0.622818161062143 0.0384251162073531 0.00585308799689852 0.00105271791434222 0.0211389496578227 0.000532477617100192 0.00397376849202262 0 0.000219850020375623 0 0.00722882919533259 0.0265357561145149 0.0303814789864324 0.00984266208483726 0.000476348701171435 0.00018454154168052 7.70467456722816e-05 0 0.001352800715558 0.000261710150722651 0.00407407910886415 0.00363051758632783 0.000120662388645902 0 0 0 0 0 0 0.00261617660155874 0 2.58319870888059e-05 0.000281028519023914 7.80745943034064e-05 0.000442343161645614 0.000215416468711336 7.35171725330941e-05 0.000342777824817507 0 4.91986779631074e-05 0 0 0 0 0.00108312940061378 0.000236759037067033 4.84981784685771e-05 0 0 0 0.000372959854326987 0.000778943433970233 0.001109654377695 0.000417586034952556 0.00142312304023046 0 0 0.000697710793337001 0.00672322482367419 0.00492021727774822 0 0.000596085591366632 0 0.000204987363075498 4.08765477421247e-05 0 0 0.00325934283305247 0.000149889693188262 0.00214141418699546 0.000583620415394058 0.0184517188071731 0.000486282381416687 0.000581256773544443 0.00127073127703208 0.000131529959309387 0.000332068304960567 0 0.000219723653827362 0
0.252980406647904 0 1.69593095482198 0.0048287026630602 1.42549255942384 1.47746429754926 2.37294681183793 1.48683942394804 0.0186098994131224 0.00273234866390971 0 0.0423305063395317 0.00108219221944409 0.0409868257164779 1.3427420439533 0 0.0242858032212618 0.0187835979159305 0.000535221197790201 0.000304313483784124 0 0.000179005890902879 0.000100094622076739 0.0177500817148416 0.00735333247439636 0.00359918047768574 0.0718517846400693 0.0370492462359686 0.872332635454639 0.0573227516542353 0.107212123555146 0.00444041821816542 0.00303988034114415 0.000562329545147094 0.00145299971976566 0.00138224771712447 0 0.00130771683332509 0.0305282156702277 0.0383213039237164 0.0166536974659525 0 0.000425281060239767 0.000544341067057199 0.663365685975268 0.370790184286577 0.0244472831606769 0.0120451627438808 0.221756017224333 6.72522923709142e-05 0 0.292869738887316 0.789292719405413 2.95066509213297 0.0108830085885685 0.0903644118445715 0.00139719361495232 0.0094205375099877 0.000528601128940612 0.000811940812640927 0.000104026224274499 0.0927992650872689 0.00595548903626688 0.0228669321103961 0.00584428977692311 0.0573784228725647 0.0980579621347272 0.169966859219127 0.845028576573708 0.419989760226909 0.0349472520124802 0.00131755306510075 0.0245755498814503 0.00131478186836008 0.00637543765727998 0 0.00423055407104036 0.000950194199014657 0.00770127383551336 0.0446293354954888 0.0910494856755793 0.134181930086244 0.00933972061534562 0.00065161244075725 9.69939018684004e-05 0.000463484178736039 0.000379313969253052 0.00155811027428346 0.0119403161965001 0.0321041096926569 0.00070096188543816 0.000618772450956486 0 8.65287607417936e-05 4.51133367881476e-05 0 0 0.00303503284916718 0.000423182476029936 0.000303571627277982 0.00239894675820469 0.000839389858439787 0.0154664189147018 0.00330429749446081 7.22282527697102e-05 0.000293029822712555 8.88093785731221e-05 0.000151381113532525 0 0.00023229553494492 4.32907013705813e-05 9.05465269085322e-05 0.00148027004820269 0.000363908193497709 0.00147642988684603 0 2.87818977147104e-05 0.000226477372623111 0.0133096984697575 0.0136795356433573 0.000695664301998335 0.00057800122298322 0.00642386242941898 0 0 0.00497790898308814 0.0145910956567662 0.0132347155122325 0.000635939982506109 0.0020572060384334 5.62882186263729e-05 0.000379412412263908 7.22510107316549e-05 0.000180753721153123 0.00015012327121937 0.00534951213955104 0.000468098877983999 0.00310248145236436 0.00178759975428598 0.0846233744954095 0.00249072254886963 0.00434445688298761 0.0165132268044828 0.000649629069216964 0.00395030705728544 0.000359008803399412 0.00146153098535683 0.000398203164457049
0.0126153511819685 0.00110769262259294 0.0130399892926201 0.0862932056061901 0.00386015918501519 0.00798160956049682 0.00547201980778711 0.0111293464849808 0.00304680812361387 0 0 0.0947170236586744 0.00215139488867536 0.00307379220540415 0.0110497726096329 0.0242858032212618 0 3.15648540762373 0.0023811164837702 0.0019264907072754 0.000379681276189023 0 0.699574410021331 0.00887151097591635 0.00472341395751719 0.0415232094497791 0.00540672894846556 0.0093696012482394 0.0274641557782755 0.00567038436516571 0.00119812309560105 0.307764832008675 0.607469461296637 0.318728449598145 6.22583391424642 0.0315051872099652 0.00152714690422455 0.0591203219190509 0.0183843728782192 0.00554215741731485 0.836153010543073 0.000773322320036848 0.678568927452766 0.00102902386179362 0.0975332752287078 0.0103875240172702 0.409344487583708 4.80189916148421 2.88504612977156 0.0312800916569145 0.0012951943596993 0.0199674995152215 0.00983629290641994 0.0167241684310993 0.0460385225065672 0.0307319143989058 0.0147367401264208 0.0260222285340451 0.00766462352964586 0.00780968667654071 0.00455354575456874 0.0200378296287971 0.018503495609202 0.053387871546174 0.0155581888148545 0.0133680971526954 0.0373068092989959 0.025518158169109 0.0521232177973575 0.0212669118205225 0.00901006902063001 0.192181208214914 0.331634923159392 0.138067616074779 0.00112172723328276 0 0.00013295107936985 0 0 0.000655044570780663 0.000358322724255372 0.0019891432931613 0.00270139086768935 0 0 0.000249033972835643 0 0 0.000371503039633396 0.000493572067795481 0 0 0.000425691091309639 0.000421335317352 0 0 0 0.000100587434922361 0.00101012199693123 0 0.000948703123076986 0.00011225436223336 0.000739897630259334 0.00257262062784775 0 0 0 7.94604186054194e-05 0.000317153427035947 0.00163749116987088 0 0.000527986009756974 0 0 0.000697496140350171 0.000317665997258744 0 0 0.000464431953708575 0.00188913933257663 0 0.000289931250551581 0.000744960118377958 0 0 0.000233863939529469 8.21136824695557e-05 0.000559150884462945 0.00265214762891326 0.00347760599122285 0.000192742929306239 0.000382811607515403 0 0.00227805279734079 0.000185599709248958 0 0.000481654348054097 0 0.00316471078558883 0.011266367148945 0.00120787144135783 0 0.000699236220290431 0 0.00585165498435601 0.00015682672006152 0.00170126813247016 0.000831193614872869
0.0397716604096238 0.00033139330880344 0.00149753482509688 0.00369835735310284 0.0101591810322085 0.0160377848038781 0.00507300712715301 0.00128283834515982 0.000369777206592179 0 0 0.712655849153266 0.0200946029730861 0.0134795761648541 0.0212120245448034 0.0187835979159305 3.15648540762373 0 0.000220903320037356 0.000466877938246874 0.000110068304420271 0.000339285123976532 0.0521301540574516 0.0632196513667942 0.000565524315955383 0.000902729227911667 0.000791962299732381 0.00186740104145535 0.00843793535160304 0.00080863600551209 0.00294675182559478 0.00641505872520601 0.031277866094028 0.0960448967287878 1.17117417579899 0.00205048378680347 0.00100514724965855 0.0162429925015789 0.143471241728056 0.00571760520606758 0.0459361309475071 0.000449469677732974 0.144261745267068 0.000246577324145476 0.0203303528051818 0.00220852362323884 3.69571167164818 0.625012308395359 6.26885349647267 0.00474422950838657 0 0.0319552041831718 0.0230737411761258 0.0150237374204433 0.00410147695745769 0.00427024416369703 0.00326601939279406 0.00316350070956782 0.000772595627459007 0.00146003670155277 0.00301606048597501 0.0821480350654041 0.0655042789281136 0.182692857663914 0.00261141129785471 0.00270431000979458 0.00553817681119906 0.0111944903881115 0.0139829126751304 0.0356514928505818 0.00104800106223084 0.0512158931308024 0.0547212011100345 0.00287915393702752 0 0 0.000167960103491695 0 0.000501919709010989 0.00340186179301469 0.00116609604678791 0.00055191813842697 0 0 0 0 0 0 0 0.000227447281955804 0 0 0 0 0 0 0 0.000267342356785522 5.53180358294522e-05 0 0.000183654178704392 0 0 0.000586662877804802 0 0 0 0 0 0 0 5.01309443231299e-05 0 0 0 0 0 0 0.00044189010552885 0.00105768138995651 0 0.000416508507706611 0 0 0 0 0.000441672702185387 0 0 0.000669326207097684 0 0 0 0.000326124798903659 0 0 0 0.00236099715452753 0.00118017205831276 0.00452803392385182 9.69535268361375e-05 0 0.000212921247299472 0.00061297031609775 0.000935522007405598 0.000158949107582077 0.000182899136226147 0
0 0.665207871517586 0.000213060465746675 0 0 0.00033001408781895 0 0.000418264406240707 0.000700004375797238 0.00102870717364885 0.014905917668308 8.0837316492036e-05 0 6.17420394796869e-05 0.000223987328184863 0.000535221197790201 0.0023811164837702 0.000220903320037356 0 1.09257372359952 0.0214017199066567 0.0021355618645616 0 0 0.229602476161361 0.000153091589130456 0.00334988871578457 0.000226525588550123 0.00123952402792129 0.00166306962793287 0 0 0.000147955323209756 0.000547789362010041 0.00127124906702158 0.000646177677569914 0.230135515131735 0.00245885626948463 0 0 0.00406656551107645 0.74478341682752 0.000566437496702925 0.0226427838092852 0.00217442409737763 0.000447800168326905 0 0.035477702847866 0.000689313533842749 0.00244141758775198 0.0117627594477112 0 0 0.000205885016630856 0.00222926547820084 0.0372617210893745 6.39979992660478 3.80955082233153 3.41725769987457 0.225660467189112 0.0872343761300821 0 0 0 0.168729040869911 0.0303229246293598 0.000711216948106607 0.000112482614318499 0.000969154343848868 0 0.000725243699707103 0.0399708722573294 0.568203490860745 0.00125196292719375 0 0.000308354305018917 0 0 0 0 0 0.00061891090292678 0.00062324366143664 0 0.00178819950851283 0 0 0 9.04944995956548e-05 0 0 0.000215684673292868 0.00118217727158736 0.00217417811642578 7.65269225364643e-05 0 0 0 0.000524985992231528 0 0.0011304892240807 9.93000298229289e-05 0 0.000997681955131565 0 0 0 0 0 0.000463795248860588 0 0.000125888839647339 0 0 0.000169381100231271 0.000831869096230304 0 0.00306717588227323 0.000327996872181114 0.000350470210118982 0 0.000743743756384789 0.000190721954829512 0 0 0 0 0.000469111406642547 0 0.00111017170380957 0.00042605677149251 0.00326985866105209 0.000307056110609123 0.00172253961993325 0.000694491546222933 0 0 0 0.00481248058872529 0.0056883151539535 0.000111666587902416 0 0.000106173719218864 0 0.0002508607125466 0.000859763768634456 0.00137012174438716 0
0 0.0590094870154644 0.000250382379750242 0 0 0 0 0 0 0.0159379062997915 4.89716527266861 0 0 0 8.45021733571444e-05 0.000304313483784124 0.0019264907072754 0.000466877938246874 1.09257372359952 0 0.0249826587060668 0.372542207656133 0.000456922751528401 0 0.156620470344332 0.00017485201189622 0.196729023571399 0 0 0.0622074359989372 0 0 0.000993598677466012 0.000421137981812283 0.00138508315041983 0.000417177465383299 0.000772629391908166 0.00314621991325349 0 0 0.00310952777232074 3.04851445926799 0.000660539436583531 2.80543349940502 0.000294510370741878 0.000692049748589732 0 0.0496214993190191 0.000809986645298882 0.00111248839094037 0.0619493189847947 0.000549875129574467 0 0 0 0.677730351958317 0.893636717673305 6.87735884237419 0.194383076713915 0.201849684892071 0.682242123763904 0 0 0 3.0458143801743 0.243552092401885 0.000361643077733571 0 0.000136131163965027 0 0.00122162563032169 0.0246306104126087 0.033636154657705 0.000495603992825906 0 0.00194474697792428 0 0 0 0 0 0 0 0 0.00634966588102318 0 0 0 0 0 0.00145904714034784 0 0.00364096238266127 0.00768696673389134 0.000858894887922283 0.0010413770631541 0 0 0.0011393210977184 0.000577324365609713 0.00115419668663419 0 0 0.0023560269493561 0 0 0 0 0 0.000611569057751954 0 0.000767772162406712 0 0 0.00106890606369502 0.00277250000225281 0.000104619986898454 0.0117519195804549 0.000290034271523325 0 0.000197969555405436 0.00353330285128778 0.000397929544221709 0 0.00142913530043355 0 0 0 0.000830967027172155 0.00597093412738257 0.0120759804133267 0.0127778475903657 0.00738806956700328 0.00847089776375929 0.0015855268154424 0 0 0 0.0212622026161746 0.032481444889893 0 0 0 0 0.00166845929968905 0.0032328872764997 0.00405766853638489 0
0 0.28128268209845 0 0 0 0 0 0.00030284339220478 0 0 0.00818314933915026 7.31855930307269e-05 0 0 0 0 0.000379681276189023 0.000110068304420271 0.0214017199066567 0.0249826587060668 0 0.313586038628905 0.424981257688912 0 0.000518500534879183 0 6.35032299339117e-05 0 0 0.000181906477500974 0 0 0 4.69972116395843e-05 8.34886953904636e-05 0 0.0751367429185838 0.00016171454207225 0 0 9.5173439996662e-05 0.00626221782003047 0.000294190988189265 0.00789980442912309 0.0013831711181593 0.000114753079376551 0 0.00199586419945539 0 0.0797449909978767 0.0811269047649865 0 0 0 0.000448521778695455 0.000660958666866926 0.0549694520030215 0.0627963799687771 0.0662576478731432 1.07812913302264 3.27717255255566 0 0 0 0.0148691309049213 0.00151547028534726 6.9005113695177e-05 9.22468641080254e-05 0 0 0 0.184234793327844 0.0078852771723386 0 0 0 0 0 0 0 0 0.000431180998934442 0 0 0.000505159663235038 0 0 0 0 0 0 0 0.000361763594132082 0.000221787468543663 0 0 0.000141818079724266 0 0 0 0 0.000408311005925332 0 0.000501212671710181 0 0 0 0 0 0 0 0 0 0 0.000212935740986275 0.000386914999988509 0 0 0.000165049181696873 0 0 0 0 0 0 0 0 0.000130856715133794 0 0.000175305272672122 0 0 0.000283809272544389 0 0 0 0 0 0.000105086026103882 0.000141845409768245 0 0 0 0 0 0 4.80707492444849e-05 0.000305136554199633
