0 0 0.000121585562811832 0 2.84650303054256 0.101016766610248 0.0209074686116833 0.00438665314854928 0.00122556139792045 0.00016108509094232 0 0.00622802381554963 0.0278392760744285 0.0673359036762416 0.351535118664216 0.252613537971193 0.00521564716329424 0.0227181420114865 0 0 0 0 0 0.371485623484532 0.00012667832195223 0 0 8.57432326927532e-05 0.000529036948615188 0 0.189417165974691 0.00169882678304423 0.000314535675411426 0.000341328875927398 0.00162506107623348 0.00026590164781138 5.88132330531141e-05 5.48725749866703e-05 0.288085098167315 0.00631571112005425 0.000479244185443317 7.90533325972617e-05 0.000872839155211043 0 0.000275440828867621 0.0010718489980087 0.244230295411342 0.00407589541601578 0.188048984343873 0 0 0.54672764354727 1.56860136422623 0.0360427877978014 0.000207953308961173 0.000278566947058105 0 0.000361629435841212 0 0 0 0.384688935117626 0.104964465409311 2.46305437640181 0.000295078898063684 0.0340443276373509 0.000464767179922013 0.00642006109321824 0.000620304675321774 1.09987068903965 0.00145135502201342 0.00142880415248471 0.00081656441002097 0.000199032333155616 0.0241339979871708 0 0 0 0.00681661007923929 0.0571401326122076 0.00132128152187878 0.000604118084019578 0 0 0 0 0.00029716066704239 0.000370738579694579 0.00127136592597454 0.00262322401377449 0 0.000127197468484504 0 0 0 0 0 0.00452375307576264 0 0 0 0 0 0.000111700006988472 0.000355505697325566 0.00165991422329067 0 0 0 0 0 0 0.00178853593044094 0 0.000170857328806374 0 0 0 0 0 0.00130266966841541 0 0.000752800541413846 0 0 0.000659120279751372 0.00903497299113233 0 0 0 0 0 0 0 0 0.0086427257488294 0.00118835542808686 0.0148029142011988 0 0.0166878952371674 0 0 0 0.00458602720016969 0 0 0 0
0 0 0 0 0 0 0 0 0 0 0.0349920181115607 0 0 0 0 0 0.000625790422177577 0.000608398082841116 0.428284605823034 0.11353894038659 0.265420719065876 0.273115102366125 0.000109774133873936 0 4.84914157699266e-05 0.000133552001933076 0.000257437821869325 0 0 0.000173166714834068 0 0.000554651761737349 0.000714041340667953 0.000598716965128639 0.00115825042859281 0.000425800154449829 0.000899163821814432 0.00114519482866479 0 0 0.000475785979617725 0.883762521094288 0.000879199067447552 0.218308957592026 0 0 0.000761056385957071 0.00673004456687524 0.00054238456604346 0.0161953839197638 2.26393138673976 0 0 0 0 0.000622933307283968 2.74005368608088 0.33902680329723 0.393081906316694 0.96156228820063 0.494715768908508 0.000190246824967023 0.000209731842769375 0 0.0233344605703491 0.0186074393536553 0.000148887047534503 0 9.50296483537738e-05 0 0.000118326644632724 0.021502705252414 0.0280791286742232 0.000163802778818308 0 0.000475127822580301 0 0 0 0 0 0 0 0 0.00049262054245195 0 0 0 0 0 0 0 0.000284201408722188 0.000839022563424226 0 0.000402661245709372 0 0 0.000173314049576337 0 6.50594293291262e-05 0 0 0 0 0 0 0 0 0 0 0.000110654792838828 0 0 0 0.000209201346575982 0 0.00238961152894654 0 0 0 0 0 0.00025982645498801 0 0 0 0 0 0.000541181224168446 0 0.000527919304451185 0.000541690677341139 0.000122144091427483 0 0 0 0 0.00143041120915742 0.00281332919722935 0 0 0 0 0 0.000262680579387175 0.000263439553417726 0
0.000121585562811832 0 0 0.0075361380097334 0.000334301218365973 0.0100150768643243 0.0328910094159869 0.322338872328883 0.0557977537201791 0 0 0.000770300594310717 0 0 0.00380695097652532 0.938749327813249 0.0104423234356799 0.000966300321340796 0 0 0 0 0.000116730402256958 0 0.0015564262131963 0.00597378542137327 0.331848681253239 1.46287851847996 1.1040726194307 0.654247063252119 0 0.00282590721608578 0.00246048332531618 0 0 0.00510477021407274 4.71228288570769e-05 4.76368353341098e-05 0.000195862809016081 0 0.0340439988844085 0 8.40217906684891e-05 0 3.4745434310541 2.28069472038736 0.000186068803082279 0.00883265807821712 0.0371934352988914 0 0 0.00221556414929775 0.00106923550668596 0.0154876118022494 0.00255796144764128 0.0447865434964842 0.000329839500916567 0.000738248601697982 0.000146085048014498 0 0 0 0.000131488631349857 0.00024482814948816 0.00108574145855457 0.0174529354857414 0.699161199613726 0.0134642215792344 0.140559726390063 0.000320879809947109 0.00596251535276862 0.00105347178931943 0.00207144750736406 0.00186172636797279 0.000107906544349323 0 0.0184607166224971 0 0 0.00208837294708033 0.00838318003452291 0.173319063824845 0.0105596803034615 0 0 0 0 6.40391951163581e-05 0.000215323867804488 0.0211595591990918 0.000621721438365563 0 0 0 0 0 0 4.58536398608746e-05 4.92591282674759e-05 0.000338822229467371 0.00118200487257361 0.00130057535064966 0.0131402424748415 0.00271854459033087 0 0.000964523299661979 0.000199695389474425 0 0.000352975527242894 0.000577722505116494 0 0 0.000562968593932442 0 0.00235613803314901 0 6.77336186158651e-05 0.000284784552887375 0.0146709623367211 0.0413192743493289 0 0.000218528926314559 0.00147901069971606 0 0 0.000539183368265982 0.000289417207442125 0.00113627868399681 0 0.00337947241935473 0 0 0 0 0 0 0 8.21825709223225e-05 0.000231443108752104 0.0662780574840846 0.00515726444092799 0.000416184741492886 0.0206458077286606 0.000245397692900468 0.00855557597403599 0 0.000308713398768095 0.000139644968141769
0 0 0.0075361380097334 0 0 0 0.000312112321348831 0.000992553517980406 0.000783083467846815 0.00060753588299834 0.000243018604200384 0.541986271496738 0.000212212462785705 0 0.00243876591244777 0.00468056211074369 0.0527461923267635 0.00218286497518283 0 0.000202775237607419 0 0 0 0 0.00600097841089384 0.66799100426887 0.00280414554924091 1.01795096840901 1.05467391127519 0.00163380988842353 0 0.000805315425207634 3.22255070096557 1.03196408991186 0.00460606740671889 2.8198675692221 0.000287375074077669 0.000618122642851748 0.000141315483186393 0.00207234326534501 0.288196938417771 0 0.000148044668153164 0.000258206974360409 1.19016995847226 0.00498991551538526 0.00328110069890262 0.119377067473408 1.67123450272993 0.000414322880724446 0 0.00234259014678263 0.000108468940875393 0.00404283690405111 0.0183726319825333 0.0147767371586181 0.000257634952795665 0.000268428443009433 0.000649984670400843 0.000360917225126548 0 0 0 0.000235760525611063 0.000964761481635771 0.00118435864950816 1.36381823578944 0.684164408184821 0.0144940354835425 0 0.00213397648751241 0.00244419824704191 0.0419317909388858 0.118843001423848 0 0 9.68445501657936e-05 0 0 0 0.000524456119297307 0.000222047743445081 0.000417416984265555 0.000248475939699891 0 0 0 0 7.30803987199612e-05 0.000130433552098319 0 0 0 0 0 0 0 0 0.000137927310245767 0.000296040940378021 0.000639717327202656 0 0.000177490854033895 0.000264152305539556 0 0 0 0.000127946686536814 0 0.000280467242933364 0 0 0 0 0.000563259321929568 0 0 9.94832619963205e-05 0.000441106348763221 0.00117149530263207 0 0 0 0 0 0 0 0 0 0.000898935259436451 0 0 0 0 0 0 0 0 0.000161722261243669 0.000620907620889531 0.000172079765906576 0 0.00032632937103098 0 0.00123488710983783 0 0.000173956701074985 0
2.84650303054256 0 0.000334301218365973 0 0 0.507253753317896 0.0260290625308558 0.00407903136666597 0.000448496474721279 0 0 0.00141224196727255 0.0163337416462953 0.00678656976235059 0.0653121572461018 1.40541413799555 0.00215311310138983 0.0137103269907257 0 0 0 9.41586921231839e-05 0 0.0387560483878042 0 4.72225888291022e-05 0 0 0.000366812819995021 0.000284169486836823 0.340517512589755 0.00202969073184449 0 0.000375259038154318 0.000702298345441341 0.000261112481573891 0 0 0.153451240451762 0 0 0.000115561694684287 0.000311267168829911 0 0.00034781419380803 0.00420808589303209 0.157673622182167 0.00267345691713983 0.0894429092628547 0.000274175912684513 0 0.101856869086511 1.67067027042811 0.0417120047445163 0 0.000272259762514819 0.000127527241693741 0.000126112307833414 0 0 0 0.0899145669939226 0.0307561157152938 0.393525000997693 0.000386688839107261 0.044728176575171 0.000485728598126943 0.00129676694468218 0 1.12095562547615 0.0021921841521719 0.0013826423133133 0.000235486525793118 0.000229298218095079 0.0183371251699319 0 0 0 0.0177409957813539 0.0707337636178025 0.00165213239494323 0.000291356507925089 0 0 0 0 0.00165084394172946 0.000273883166966339 0.000984788347272941 0.00258934787184732 0 0.000370883012196798 0 0 0 0 0 0.00429015558495049 0 0 0 0 0 0 0.000664477886189601 0.00258343849522863 0 0 0 0 0 0 0.00552161936148608 0 0 0 0 0 0 0.000221431564956538 0.00376041146123676 0 0.00149467757095053 0 0 0.000498083858760307 0.0139906230162617 0.000596884729874562 0 0.000102785155850257 0 0 0 0 0 0.00797309466451048 0.00251420061777286 0.018489662348662 0 0.0280894584595648 0 0 0 0.00475470680568692 0.000418560173558463 0 0 0
0.101016766610248 0 0.0100150768643243 0 0.507253753317896 0 2.76194683620003 0.503084642569602 0.0888280813631684 0.0254106087770468 0 0.00485474378795552 0.0130818504970198 0.00871328898847369 0.0387030565602906 1.65871709668405 0.00282842189744809 0.0189568903295128 0.000155497991485402 0 0 0 0.000208757592935578 0.0401822533396098 0.0010204936107068 0.000485715657165477 0.00464400729071998 0.000561219565586397 0.00140956937480612 0.01969096339351 0.893676616752886 0.560961293885191 0.000995267528198498 0.000396470976207637 0.000536864101334637 0.000529269479605337 0.000156301817889361 6.59287025586985e-05 0.0601876664277324 0.00411214511191906 0.00406285904612225 0 0.000459381647380346 0.00423165952623124 0.00659677829833242 0.128742034982987 0.205547187645112 0.0032912626786871 0.208232504151938 0.000169832467323305 0 0.124229352478316 0.207778844828548 0.0315980857924092 0.00185220356220209 0.00792845976884243 0 0.000801884623409795 0.00104518632777568 0.000164250669025527 0 0.0266365279366485 1.17766738142004 0.105403927126495 0.00734671747640975 2.60483752197175 0.00427402412489384 0.00391606243643308 0.00151055743905509 1.79461828881061 0.16143069164567 0.000925191072380022 0.00229328632627615 0.000716263770950742 0.0996339762158127 0 0.000578427735512138 0.000355938341392741 0.0964829173014593 1.24719835121655 0.205046205536935 0.0572630127724915 0.006429947510486 0 0 0.00153599358613145 0.00745527375796905 0.0035821564670568 0.0197412909155634 0.0412139740682933 0 0.00143131227023952 0.000105070927705925 0 0 0 0 0.0253899349191804 0 9.7955444911875e-05 6.43489245668203e-05 5.75486650605025e-05 0.00068068152558399 0.0014157526223054 0.00589308443350828 0.128490775729465 0.000226070760038586 0.000179728453646444 0.000199332740493708 7.84306360466364e-05 0 0 0.0270163767892263 0.000142857999162302 0.00067525753036032 0 0 0 0.00050966758603588 0.00352193111080833 0.0132269206695108 0.000510364888772624 0.0250933464189326 0 0 0.0162588747647753 0.0972723490190452 0.00962804887760411 0.000229540223584804 0.000404262774291836 0 0 0 0 0 0.0325204238595131 0.0288598517537539 0.0963114863189552 0.000116611363106396 0.852483118774462 0.000448558514673508 0.000185430591691583 0.00122999916342372 0.0383611528082669 0.00383001553897718 0 0.000214512845073261 9.24542089627105e-05
0.0209074686116833 0 0.0328910094159869 0.000312112321348831 0.0260290625308558 2.76194683620003 0 5.41802041981786 0.0993632554212121 0.0261277266691278 0 0.0678901525827669 0.00212353154491863 0.0128760438172656 0.14462623304937 1.00684077875835 0.00496017060340643 0.0133398132564952 0 0 0 0 0 0.00181087878043596 0.00060738434595699 0.00215687951248963 0.0104237790733094 0.00175899898409646 0.0130772513076543 0.0312355909946438 0.010682108873034 0.0163158930812816 0.00125055865350361 5.93911908898436e-05 0.000638363771211542 0.00224803201769605 0 4.16548601893316e-05 0.0040908718783643 0.0264483366282883 0.00983226818975545 0.000323456384500501 0.000431150557259109 0.0041480873165781 0.0219676027069569 0.638485611124368 0.00796657374815466 0.00439165194776631 0.26308531910971 0 0 0.351500337354603 0.101841740704112 0.371863624064176 0.00253120359337407 0.0185281782608369 0 0.000748562023942902 0.00137705239330816 0.000267872022185353 0 0.0039473531480092 0.0179442154677814 0.00547811734402699 0.00818202105792265 0.725732765970947 0.00975858128477906 0.100254434400754 0.0219946605817769 0.0190741622434354 0.237662617811073 0.000311449118094814 0.00223840640517158 0.000654220730105765 0.00829172815203517 0 0.000951048096142354 0.000244641138210648 0.0191665624263611 0.400279697474551 0.978281913193889 0.166468966072573 0.00730046024087919 0 0 0.0134528761839896 0 0.00642024791207569 0.0359083393355354 0.0711671363024916 0 0.00108198634669752 0 0 0 0 0 0.000939512833436865 0 0.000120342313059459 0.000192322211927873 0 0.00378163707961236 0.000714324749606889 0.000589694019908228 0.00534971577824432 0 0 0 0.000208231632570971 0 0 0.00479858831331473 0.0018644544080907 0.0004665686929731 0 0 0 0.00185580099375661 0.0110771148237235 0.00164166004784578 0 0.0416253492779955 0 0 0.0462213572600811 0.0473198434063834 0.0745138768244251 0.000260250005272565 0.000616139558991017 0 0 0.000163581229585753 0 0 0.0075358079653198 0.00621437153021696 0.00601234147943272 0.000129149383019392 1.07119910333607 0.000351993389772376 0.013788759227785 0.00511679768296976 0.00821745739468143 0.009794356661259 0.000165109932286439 0.000609361159308471 0
0.00438665314854928 0 0.322338872328883 0.000992553517980406 0.00407903136666597 0.503084642569602 5.41802041981786 0 2.0300069550793 0.0259114390304025 0 0.00949435210706798 0.000526169580926119 0.0040407098681197 0.0285777794789416 1.03050969194612 0.00750136996691879 0.00166436182845527 9.46484325301412e-05 0.000103029531861656 0 0 0 0.000485411704349814 0.00164442876261702 0.00228756881017147 0.0359815502448632 0.00317861325742806 0.0463717244079772 0.129991266194788 0.00659615073547313 0.00633555511328709 0.00284466473614183 0.000208416390889478 0.000187820600382471 0.00363977668477502 0 9.87814928938291e-05 0.00217732269795207 0.00305623846018114 0.0220622262493517 0 0 0.0029582451440562 0.0892667109646718 5.23783942845352 0.00577033969830816 0.00436642384357403 0.0472813545610921 0 0 0.045687844062935 0.0178756657968553 0.0583351821287159 0.00456883003225892 0.071171609959878 0 0.000702797887900265 0.000264313410096442 0 0 0.000516410479165601 0.00621629325527552 0.00341954259352727 0.0164609063941648 0.648924018743338 0.0221508795641505 0.0424991975854157 0.0773928396700761 0.0125756514851945 0.855965115297479 0.00127270171310479 0.00300681618561283 0.00170274968008851 0.000937463101645233 0 0.0187571565009918 0.00266349510322454 0.00219529983974077 0.0914677674337699 0.465675795632954 0.895415118632423 0.0676921926728667 0 0 0.00372305016229782 0 0.00121533258047099 0.0123297106397475 0.142192649467956 0.00364946083623328 0.00136904101584244 0.000137795895921122 0 0 0 0 0.000416291786973199 0.000113586004765243 0.000494787553886143 0.0023940781047475 0.00181251429753465 0.0348333506547814 0.00354925577379686 0 0.00512894250976848 0.000916987604887946 0.000135791626183462 0 0.00018704264211605 0 6.69516567365471e-05 0.000856440082474267 0.0010662114606709 0.00418762397269145 0 0 0.000602402401856175 0.0230731661913471 0.0549289621576259 0.00114354276415687 0.00174475348648037 0.0208447000006026 8.44935646807576e-05 0 0.0135096183111967 0.00970462232361821 0.051917952290512 0.000183058267993533 0.00446158571248182 0 0.00016829760552866 0 0.000278280713887108 0 0.00125462867662553 0 0.000752848847148387 0.00156530214955462 0.509328230359979 0.00504112501741035 0.0204942050018434 0.0799588822781876 0.00242257430699947 0.0141230840267149 0.000400081520441839 0.000477336921894274 0.00101940636313072
0.00122556139792045 0 0.0557977537201791 0.000783083467846815 0.000448496474721279 0.0888280813631684 0.0993632554212121 2.0300069550793 0 0.413879542114108 0 0.000515860789616985 0 0.00017189849251513 0.00242254439045434 0.109461860545445 0.00080244908171713 0.000103676638145608 0.000361583485199464 0.000591736950900546 0 0 0 6.85230267916549e-05 0.00835597174266081 0.00938214379818269 0.026203193257972 0.000955833876113723 0.00190826871973669 1.13081662470437 0.00146630698136853 0.00400189305353633 0.00667706318097472 0.00068638196372667 0.00191049464640186 0.0140686142720135 0.000356644592255966 0.00062215894514905 0.000479104259263202 0.000202025004547461 0.0501432389984743 0 0.00029570658612697 0.0196714098254899 0.0105591470905464 1.15446366192126 0.000424387739627261 0.0155000886934334 0.00667004500404927 0.00021227907042138 0 0.00406980350166472 0.0035533065972103 0.00231239062296988 0.0216903729077779 0.0781282485943831 0.000375050063323515 0.00269786377335742 0.00250883529914767 0.000489256890157174 0 0.0001918779001055 0.00207801156411169 0.000394106790047866 0.156104862736581 1.52712833789173 0.0174265078286668 0.00177626043967763 0.00214261231383134 0.00574050996847933 6.96152972493949 0.00538969036050433 0.0162850434849993 0.00778587852205672 0.000216530036192819 0 0.0148090246599948 0.000328336808310473 0 0.0049701727075355 0.0110554543931956 0.138511342707182 0.670994935055708 0 0.00013883789121426 0.000252034216978209 0 0 0.000268309066167101 0.0063913467688866 0.000603429465982561 0.000195578010264634 0.000103675871313267 0.000154041225573616 0.000192815861394191 0 0 0.000174377822018387 0.00109716462163831 0.00333729522366457 0.00983315591151053 0.0024523052759287 0.00472104904885389 0.0283276391144035 0 0.000202914744517058 0.00378691518370788 0.00020330325238116 0 0.00287222586567196 0 0.000992353819253303 0 0 0.0153421414149511 0 8.40880639832757e-05 0.00142952274645483 0.0161663629498227 0.12751554807648 0 0.00524525974040451 0.00179498051410384 0.000786547672245556 0 0.000693428850347177 0.00037344015624258 0.00127807141967353 0.00558839171887579 0.0206134006597335 0 0.000472794162645444 0.000264677816525689 0 0 0 0 0 0.00494186487334871 0.293859062528528 0.0164515391325804 0.000155837900637817 0.00525811223100585 0.000176195806791188 0.114085415739929 0.000670746690131591 0.00420547384805283 0.00383707097162426
0.00016108509094232 0 0 0.00060753588299834 0 0.0254106087770468 0.0261277266691278 0.0259114390304025 0.413879542114108 0 0.323711523131294 0.000120195899003936 0 0 0.00048017531760719 0.000742649022989067 0 0 0.000498418202441275 0.00342737823024659 0 0.478585761937638 0.114860085416019 0 0.00326718399381262 0.000860265816170238 0.00226682806165345 0 0.000742802909071106 0.351564735317189 0.000311724422832654 0.00353035907634566 0.000314315472774912 0.000218343427507095 0.000610522530029448 0.00341910432125869 0 6.56554836892462e-05 0.000902723640305546 0 0.00563177122808529 0 0 1.20602315803882 0.000336846698786586 0.00400562978326022 0.000351064205953162 0.00219731316639749 0.000839597959491966 0.00121133922200435 0 0.000797916087634602 0.000614904946098532 0.000567339766810218 0.00806793361070286 0.0193506771836469 0.00390281567957847 0.00536950675967262 0.0015980563467292 0.000528159364084943 0.0240632507743906 0 0 0.000448848334536518 0.849842070418342 2.19956875109499 0.0006848991501309 0.000144589606817602 0 0.00218125226621766 0.272366140206525 0.00249718765164368 0.0064525298110276 0.00265448174248395 0 0 0.000676574471387206 0 0.000158587959374475 0.000553430561049048 0.00373463683960577 0.00200767408377803 0.0161401148880313 0 0.000563117338158552 0 0 0 0 0.000147655507701862 0 0 0.000275169124133907 0.000852529391429015 0 0.000261630431619518 0 0 0.000235789650275693 0 0.000886889215496295 0 0.000185852797376499 0.000275078202591008 0 0 0 0 0 0 0 0 0 0 0.000316377729884729 0.000215158850848145 0 0.0161884444764236 0.0011324945936025 0.00237051883498136 0 0.000241581054435613 0.000168110159424893 0.00122642075681587 0 0.000626352893258394 0 0 0.00101769151563715 0.000681448271920124 0.00181882282964917 0 0.00222327016682291 0.00117926581550466 0 0 0 0.000824108460217828 0.00349818419320625 0.0222205627241203 0.000570362461984718 0 0 0 0.00287133493607219 0.000834394194094597 0.000389420364288562 0.000307142081809238
0 0.0349920181115607 0 0.000243018604200384 0 0 0 0 0 0.323711523131294 0 0.000112366541953181 0 0 0.000210828839752458 6.91451338664481e-05 0.000777271948184531 0.00028431281244494 0.0424975346882177 5.47586281732065 0.00277551183400221 2.01183589099367 0.000672339227781458 0 0.00846145883807314 0.000924488060957255 1.58673528039104 7.65902421124946e-05 0.000132166499902621 5.24282610053738 0 0.000965251079082454 0.000935340839812039 0.000309416786502538 0.0020285997876206 0.00356093924952853 0.000825528443635932 0.00172044742384157 0 0 0.00324094779452107 0.637755427141903 0.000447809725823225 7.63383199500159 0.000695414653365534 0.000251493938245789 0.000809017096147229 0.0143264598679233 0.000199133587299997 0.00312699831659729 0.0510294604508984 0 0 0 0.00103717737718435 0.0242662353018143 0.122482455185282 0.555350254151232 0.0225351032245474 0.0214601714747423 0.0704523611111127 0.000180399389697605 0 0.000184217264218452 8.67821888585048 0.0977819209542304 0.000874504145364375 0.000234654966140311 0 0.000136366836969471 0.00150158902457623 0.0117400478897291 0.0335781416352755 0.00258592651992682 0 0.00156311940136338 0 0 0 0 0.000247604673208248 0.000100016743607542 0 0.00148422084979442 0.0852415999682651 0 0 0 0 5.83812758256205e-05 0.000206643442787102 0 0.00229080638304756 0.00285539670070374 0.000250966915094806 0.014128470074914 0 0 0.00122583214988423 0.000147995162720403 0.000722869401032565 0 0 0.00511613981910438 0 0 0 0 0.000250067274842093 0 0.000165159620713201 0.000473888773378274 0 0 0.000353054550686176 0.00492393910360046 0 0.0539513044645681 0 0.00015192532535503 0 0.000290613762796774 0 0.000703536786535066 0.00161357868835314 0 0 0 0 0.00242257831674651 0.00313989310199589 0.00362075975745439 0.00237227582249556 0.00301005916327717 0.000665587362542568 0 0 0 0.0105453333564266 0.00955717134647674 0.000107635585910657 0 0 0 0.00188663487757026 0.00141158649819908 0.00191534720490831 0.000152851046510237
0.00622802381554963 0 0.000770300594310717 0.541986271496738 0.00141224196727255 0.00485474378795552 0.0678901525827669 0.00949435210706798 0.000515860789616985 0.000120195899003936 0.000112366541953181 0 0 0.895371125668979 0.335887292765792 0.0682557274224655 0.00768485738164662 0.00882458941183486 0.000214570809322876 0.000216478096576748 0 0 0 0.00129313183438907 0.00295535348010117 0.0136774495864706 0.00191573559092141 0.00943849167186481 0.480281101447443 0.00128258564202901 6.4634599873715e-05 0.000828587686806397 0.883638903156728 0.465999637371322 0.161220552202107 0.0154832299408936 0.000182818414473963 0.000366865828555019 0.00302081168131732 1.86319259989003 0.0288087120030937 8.83005669910725e-05 0.000298470130259749 0.000280959421661833 0.0290933666427854 0.00546817110213799 0.00269543102054512 0.131234394542072 2.46133447201649 0.000126630242954222 0 3.39119586591464 0.0181245775180135 0.12419106140917 0.00800561242031037 0.00792901033552572 0.000194768369640387 0.000139823072721162 0.000946749327316324 0.000928399472138587 0 0.00951148581173459 0 0.00153693858618598 0.000553079655288861 0.00213881843207408 0.0407553262448554 3.82728581173083 0.0156010420029017 0.00025570851667962 0.00169019654408665 0.00165044612667462 0.0107896447832289 0.0735350540859624 0 0 0.000246937479436043 0 0.000311660336458202 0.00446694946984871 0.0125609090285698 0.000458745946841721 0.000157388170732202 0 0 0.000654144713754046 0 0.000349980713700534 0.000906815237231704 0.00195157945826404 0 0 0 0 0 0 0 0 0 0.000139139058710867 0.000436337166044676 0.000145771077315255 0 0.000147248904186151 0 0 0 0 0 0.000108989589279518 0 0 0 0.000151417313129591 0 0 0 0 0 0.00109954302450576 8.46009356888465e-05 0.000127092173168905 0.000700444124846893 0 0 0.000837397875463019 0.00094953580516903 0.00176308444843789 0 0.000518085925459861 0 0 0 8.76327428414722e-05 0 0.000225538311148757 0 7.34769330455361e-05 0.000180701342942036 0.009258333550304 0.000275923644200874 0.00068609787665041 0 0 0.000196760626177329 0 0.000174580826994061 0
0.0278392760744285 0 0 0.000212212462785705 0.0163337416462953 0.0130818504970198 0.00212353154491863 0.000526169580926119 0 0 0 0 0 0.480017588694943 0.00608332824897744 0.00396433594036695 0.00174300896379698 0.00594451518144015 0 0 0 0 0 0.301381571751985 0 0 0 0 0 0 0.000923339320063258 0 0 0.000168786723660557 0.000707284258119624 0.000245382950938584 0 0 9.32629742015721 0 0 0 0.000242134040277049 0.000212258355020449 0 0 1.96791036947246 0.00107051070935376 0.205489206313442 0 0 0.0403933401453339 0.0338064188381251 0.000162764188353318 0 6.79400615530377e-05 0 0 0 0 0 2.5196095391973 0.00196136980581845 0.342163627107262 0 0.00149310676341648 0 0 0 0.00594705558270226 0.000402817650981043 0 0.000399491201735575 0 0 0 0 0 0.000176929374964444 0.000742011533088727 0 0 0 0 0 0 0 0 0 3.67151346356859e-05 0 0 0 0 0 0 0 6.34877432229355e-05 0 0 0 0 0 0 0 0 0 0 0 0 0 0 0.00169356801989137 0 0 0 0 0 0 0 0 0 0 0 0 0 0.000750291506002629 0 0 0 0 0 0 0 0 0 0 0.00111685894650562 0 0.000423635151862528 0 0 0 0 0 0 0 0
0.0673359036762416 0 0 0 0.00678656976235059 0.00871328898847369 0.0128760438172656 0.0040407098681197 0.00017189849251513 0 0 0.895371125668979 0.480017588694943 0 0.0776019628771128 0.015002539374793 0.000466283774883908 0.00321009438815194 0 0 0 0 0 0.140937185965895 9.77619171716529e-05 0.000162853860497056 0 0 0.00174979122707087 0 7.68886870381163e-05 0 0.000116654195991611 0 0 0.000118457156142187 0 0 1.27236125775527 2.51494247778497 0.000595823110526835 0 6.2975660227749e-05 7.61077240664606e-05 0.000666868528077968 0.000618869029859842 0.031177956764926 0 0.327953612057066 0 0 4.81045425075668 0.0485435609625547 0.021076508293171 0.000472491000680277 0.000305340763972406 0 0 0 0.000230387081599922 0 3.33369808995286 0 0.0406079662171166 0 0.00198119678599407 0.000997434139533926 0.0165849565136965 0.000916995650024047 0.00118094444291728 0 0 0.000293565856498257 0 0.000544514118315728 0 0 0 0.000538321441649449 0.00355906598870391 0.00106344580475255 0.000280282001982483 0 0 0 0 0 0.000269038449123658 0.000127347804413955 0.000304788710098054 0 0 0 0 0 0 0 0.000106510948784382 0 0 0 0 0 0 0 0 0 0 0 0 0 0 0 0 0 0 0 0 0 0.000285279222809992 0.000182560866495493 0 0.00014195848181001 0 0 0.000117077726185797 0.000466869645067503 0.000264131254469661 0 0 0 0 0 0 0 0.000128219166597235 0.000218575952320629 0 0 0.00370880338540833 0 0 0 0 7.70096052325037e-05 0 0 0
0.351535118664216 0 0.00380695097652532 0.00243876591244777 0.0653121572461018 0.0387030565602906 0.14462623304937 0.0285777794789416 0.00242254439045434 0.00048017531760719 0.000210828839752458 0.335887292765792 0.00608332824897744 0.0776019628771128 0 0.467962807716509 0.00535693440796397 0.0121266082194748 0.00021037283422061 0.000247227033901884 0 9.17157471770902e-05 0.000108280520363213 0.12133275988157 0.010911771767346 0.00946593754635388 0.0106495249409523 0.013288189320878 0.215505924851219 0.00277962705304346 0.00129506909984999 0.000614211431324583 0.000997625725140323 0.000211374275452327 0.000209772263517264 0.00389274521317175 0.000171095309060192 0.00103092419188308 0.0451466776908846 0.0077889051925679 0.0113579877739606 2.93022902906367e-05 9.14122929959174e-05 0.000169137403449482 0.100604911735148 0.0140289074697853 0.0145444674649313 0.00287304827687525 0.185114790154091 0.000105954317380365 0 2.40110070420643 2.82904783928192 4.11768346839997 0.00887036025058533 0.0357460115057264 0.000555768541633808 0.00149117300841144 0.00179295269927738 0.000680449754388451 0.000115175525344263 0.127048513524395 0.000722014880096503 0.0330495016328766 0.00205571937158257 0.0118065332579136 0.0377063214374274 0.810581858469325 0.796004809991986 0.00580708807771066 0.00483021012913543 0.00135672339051506 0.011338621262581 0.000577013086948549 0.00215140012052299 0 0.000257443796528012 6.54969742236939e-05 0.00220565885088163 0.0271906177179419 0.0353262722321209 0.00909748504736366 0.000824831856500348 0 0 0.000879680010191986 0.000271342259444191 0.000370941710163702 0.00323820589407295 0.011276401576594 0 5.69259446740918e-05 0 0.000106310467577289 0 0 0 0.00058051955546639 0.000103230976104115 0.000134517931557727 0.000290413066507372 0 0.000392770431240654 0.000823338457613242 8.63697706165473e-05 0.00032065515342548 7.12784463985008e-05 0 4.14385616859538e-05 4.51341821146607e-05 0 2.81009757035853e-05 0.000916447097831772 9.92309271870607e-05 0.00045070807596654 6.71164869659449e-05 2.5238710365399e-05 0 0.000322346172846012 0.00342783967517563 0.000276226166710369 0.000297870597825503 0.00243220895976673 0 0 0.00294786916007887 0.00395242489353898 0.00598662839078181 6.02347160199939e-05 0.0007596483515631 0 5.08044913252147e-05 0 7.41046475760555e-05 0 0.00092056697460682 8.19749410473376e-05 0.001994604418166 8.92998555754696e-05 0.027496447184115 0.00044346645921114 0.00126628145057722 0.000619109800254064 5.17730641546371e-05 0.0019574397839368 3.51772944634857e-05 7.36659269040027e-05 0
0.252613537971193 0 0.938749327813249 0.00468056211074369 1.40541413799555 1.65871709668405 1.00684077875835 1.03050969194612 0.109461860545445 0.000742649022989067 6.91451338664481e-05 0.0682557274224655 0.00396433594036695 0.015002539374793 0.467962807716509 0 0.0131677699385837 0.0147411119631041 5.59521107744265e-05 6.16828151116194e-05 7.26413158568598e-05 6.49883334457972e-05 0 0.0141840170869802 0.00260773408708867 0.00447959191237949 0.0255490356485928 0.0119627885578666 0.415249182467471 0.0621327923023821 0.104148570760947 0.00179561657107608 0.000755464803242935 0.00031734956292602 0.000356411714336232 0.00194016200160451 0 0.000131767093329299 0.0254760045430127 0.00875631792461763 0.00710850618247648 0 0.000233924664359592 0.000205467279313091 0.262486841011441 0.516206944835859 0.0247660666062595 0.00489955031475805 0.250604430193994 3.52588592575811e-05 0 0.316959496163685 1.05186713159923 2.54931721263527 0.00341739289612144 0.0236919252684962 0.000176314577355833 0.000486467399650276 0.000498688521638724 0.00024620615121109 0 0.0108498444997513 0.00909436241811972 0.0620870162034514 0.00142823920440171 0.0433211376993029 0.0477106075820658 0.1822296813582 0.606852199260253 0.169954185174276 0.0260571215252437 0.000921040112568754 0.00495841078698624 0.000502335561185659 0.00755025823046907 0 0.00219064283245609 0.00087126595175792 0.00504490803393658 0.0701856375519391 0.118335496066658 0.131396976205714 0.00243325838323179 6.18084692836961e-05 0 0.00258510497815359 0.000515239532879221 0.00083744550491097 0.00848174318450218 0.0858398845477034 0.000394793672116586 0.000343118928417993 0 3.91403116441406e-05 0 2.2073238203483e-05 4.3991337842747e-05 0.00327262932703158 0.000216294342858371 0.00014365028241136 0.000592449512558157 0.000215101311558125 0.0123559172938022 0.00119126516472533 0.000186422021360854 0.00129373419709309 1.84572497799956e-05 0 3.22737773304231e-05 9.96595524100636e-05 0 2.99201718328324e-05 0.00146805995309355 0.000118984529270559 0.000549177569733685 0 0 0 0.00367989832509962 0.0100945106167996 0.000885259772724885 8.45873860059565e-05 0.0063056307949646 2.90095327071076e-05 0 0.00580263664365948 0.00908156568770852 0.0203121238627602 6.67855531097012e-05 0.00102090000392977 0 0 2.80929732024821e-05 0.000100545545163617 3.26153180001841e-05 0.00231857444905939 0.000963565360639395 0.00615057961740656 0.000242701118720172 0.0683747185347443 0.000933548055261377 0.0083542208602518 0.0138191879425358 0.0014919780425739 0.00277407639224305 9.53735306144371e-05 0.000453291839114952 6.39147005885767e-05
0.00521564716329424 0.000625790422177577 0.0104423234356799 0.0527461923267635 0.00215311310138983 0.00282842189744809 0.00496017060340643 0.00750136996691879 0.00080244908171713 0 0.000777271948184531 0.00768485738164662 0.00174300896379698 0.000466283774883908 0.00535693440796397 0.0131677699385837 0 1.47065871387356 0.00229008432774266 0.00268679902071581 0 0.000820727607492713 0.471801684777795 0.00208505633889453 0.00244059347128311 0.0520964287852067 0.003142067388965 0.0089942376948545 0.0501607051308679 0.00197201799034656 0.000338842853519131 0.278678000467679 0.497590399377107 0.104217855796477 3.15564987917776 0.0170453092833396 0.0030781181889945 0.0068978070651918 0.0104433128688574 0 0.21421691546162 0.00155758870538749 0.673965283342111 0.00270476932987357 0.0998862942845927 0.00793146402014572 0.297119063136455 2.36266321345036 3.04324431538144 0.0894572682673597 0.000513363969231783 0.0104532110713958 0.00227792288534213 0.0114380423545515 0.0173376339226425 0.0150739665825288 0.00855366212783713 0.0118948761524314 0.00450333426779775 0.0109767387199918 0.00610365111851561 0.00182860145505611 0.0032975281788566 0.0206496075845923 0.0078744787095946 0.00626393067521095 0.0397440724484229 0.0222921949432549 0.0417005024894196 0.00381026415292642 0.00535602291986246 0.116710466826508 0.15742396243655 0.0420172314908739 0 0 0.000255213935835526 0 0 0.000300176065424928 0.00059561380599539 0.00266351040117518 0.00157623243155989 0 0 0.000312496690395118 0 0 5.87531771708821e-05 0.000389242678089821 0 0 0.000218127742305984 0 0 0 0 0 0.000292511729264394 0.000143386193908108 0.000966166195795369 0 0.000158874147775023 0.00087212294798512 0 0 0 0 0 0 0 6.7820853498545e-05 0 0 0.00062225791394982 0 0 0.00089091205599204 0 0.00205583381824828 0 0 0.000675464099798665 0 0 0.000162026524523302 0.00051596745143829 0.000248720362979925 0.000532238685445996 0.00101811798033292 0.000848996885956119 0 0.00169735380958068 0.000994946735103842 0 0 0 0 0.000956407996649802 0.00441459528230464 0.00054403902777124 0.000598051942331319 0 0 0.00228723662282305 0 0.00053786801381743 0.000321886307542409
0.0227181420114865 0.000608398082841116 0.000966300321340796 0.00218286497518283 0.0137103269907257 0.0189568903295128 0.0133398132564952 0.00166436182845527 0.000103676638145608 0 0.00028431281244494 0.00882458941183486 0.00594451518144015 0.00321009438815194 0.0121266082194748 0.0147411119631041 1.47065871387356 0 0.00115083462683416 0.0016711085314456 0 0.000513419601072956 0.0126969202826601 0.0553094191593476 0.000546148810585482 0.00224938239969665 0.000765843283457926 0.00099645800359594 0.00840277232201204 0.000637377620433013 0.00277232619834208 0.137986384896481 0.0151348532717589 0.0279608845314257 0.380149889548755 0.00458897221857827 0.00104006495952425 0.00305722377759809 0.107981911978165 0.00106495041788258 0.0189366130146142 0.00126319693818064 0.07072715833484 0.000853069468171743 0.00835961102915567 0.00109352180470614 3.0839110615941 0.605137653067264 6.2416692329779 0.0139102251379495 0.000197749890716884 0.0502323139979731 0.0278400138074 0.0128547430293498 0.00190294044295205 0.00304973821632179 0.00475577788988862 0.00277987736111149 0.0019855249263262 0.00479847100723392 0.00253004553299481 0.0197899914989105 0.0780188229264945 0.148655196256133 0.00220651192199326 0.0049211711389755 0.00282214535742094 0.0103138786864987 0.0105991050234384 0.0185704888336667 0.00177576420575173 0.0334586695292011 0.0601000047736066 0.0135822706907867 0 0 0 0.000120309261727935 0.000108590940612815 0.00164956070121041 0.00166349745169062 0.000529277454962019 0.000560434979191447 0 0 0 0 8.49211236441695e-05 0.000261247708909489 0.000420060106810525 0.000140010291426207 0 8.31194460664351e-05 0 0 0 0 5.46571261312795e-05 3.84255001685471e-05 0.000282229279789603 0.000549788238861299 0 0.000142178341871846 0.000657129321485248 0 0.0012327169915479 0 0 0 0 0 0 0 0 0.000599621985109138 0 0 0 0 0.000224820199285571 0 0 0.000123898133706482 0 0 7.96114192363907e-05 0.000567283746111271 0 0 0.000739433255268243 0.000347704931153662 0 0 0 0 0 0 0 0.000117713147348771 0.00469346584960226 0.000110448879099952 0 0 0.00057259680463019 0.000642107042061549 0.000142278330907092 0.000438727232292908 0
0 0.428284605823034 0 0 0 0.000155497991485402 0 9.46484325301412e-05 0.000361583485199464 0.000498418202441275 0.0424975346882177 0.000214570809322876 0 0 0.00021037283422061 5.59521107744265e-05 0.00229008432774266 0.00115083462683416 0 0.857247488417505 0.0152972282666007 0.00717127893722823 0 0 0.219331311989894 0.000709849537042748 0.0048822806890827 4.21046105242356e-05 0.000341156108018807 0.00212419427180931 0 0.00114177588897861 0.00087315221579718 0.00116188049456567 0.00222415225066686 0.00326954170587528 0.00180413223141512 0.0568287474525637 6.21009569977864e-05 0 0.00285963593913109 0.518943218318352 0.000927538666830446 0.0552786518693971 0.0016714961497769 0.000152441602174723 0.00119340308653104 0.0126985585233554 0.00119103787866719 0.00587457183129697 0.0591086330254321 0.000436558952905245 0 0.000136317124701616 0.00200098570426747 0.0387510490503789 4.77476348708727 2.14460194136789 0.676140694060259 0.0810333701104485 0.058197966157458 0 0 0.000159373046141616 0.097287500018669 0.0275564690533221 0.00308431981308256 0.00128117526542922 0.000816940485767118 0 0.0017879132191755 0.022470046828883 0.792375701810775 0.00273171594623834 0 0.000688846005995641 0 0 0 0 0 0 0.000225539241464609 9.46487843618499e-05 0.00106434768041953 0.000122464343812898 0 0 0 0 0 0 0.00111498109592445 0.00131347545473904 4.29130987979979e-05 0.000193293718575892 0 0 0.000323696582047278 7.5903167540298e-05 0.000746674855193642 0 0 0.000517221759536989 0 0 0 0 0.000296679733878648 9.62691388059489e-05 3.38368087205759e-05 6.40330718332166e-05 0 0 0.000190663540740769 0.00117861336781152 0.000108088265461615 0.00770177353416236 0 0.00017895688023141 6.79144322738526e-05 0 0 0.00011891025101295 0.000353713780489491 0 0 0 0 0.00209462744618111 0.00197979233899874 0.00168669422695061 0.00326258264518432 0.000571144817792364 6.15730544015441e-05 0 0 0 0.00792332144213649 0.00541447143624499 0.000117293355379546 0 0 0 0.00161897777573082 0.0014472335771697 0.0014385246838919 0
0 0.11353894038659 0 0.000202775237607419 0 0 0 0.000103029531861656 0.000591736950900546 0.00342737823024659 5.47586281732065 0.000216478096576748 0 0 0.000247227033901884 6.16828151116194e-05 0.00268679902071581 0.0016711085314456 0.857247488417505 0 0.00758423082003369 0.0534682084493214 0 0.00011731922615942 0.140746951534725 0.000103827326549172 0.48440837963954 8.90603665999433e-05 4.75265550092452e-05 0.0107673716808599 0 0.00212332166290882 0.00199789802913483 0.00167226724952509 0.00429254777507399 0.00431877998652281 0.00126631775953831 0.00240016788130024 0.000467493530292643 0 0.00405189532789257 1.85716939706515 0.00084586853632809 1.75669537507133 0.00051288295185584 0.000584586909310196 0.0030651560726363 0.0202257007346849 0.00168471613608169 0.00626475301149262 0.0532491769657756 8.62674312125528e-05 0 0.000832158243659749 0.00168798854503036 0.34285445865331 0.536086724825161 5.23927032295991 0.0475284163499855 0.0547530271966195 0.0526031501503141 0.000203357727050806 0.000216310373840761 0.000594398844239391 2.06719423156984 0.127399977487877 0.00147658079634988 0.000225159264390406 0.000865305438088318 0.000145391786329168 0.00255409796125454 0.0237410653923919 0.0790368969628883 0.0060068388076646 0 0.00171742998910773 0 0 0 0 9.22591394275727e-05 0 0.00033007611838861 0 0.00371939589558859 0 0 0 0 0 0.000162544519808091 0 0.00275807036378833 0.0027982103208896 0.000182918551543076 0.000725130844878113 0 0 0.001045698076261 4.61654674884598e-05 0.00075940645973294 0 0.000214787201754951 0.000714156928920503 0 0 0 0 0.000160060273453043 0.000141775175338315 0.000353585037853435 0.000258067206069474 0 0 0.00010543364271723 0.00268065578054773 0 0.019864318782569 0 0.000109412116168948 0 0.000128087857115163 0 0.00127466604628401 0.00125725682072119 0 0 0 0 0.00534104884567746 0.00566976544871534 0.00397919173966958 0.00511490229386881 0.00267740073100747 0.00150841879306367 0 0 0 0.0156682684548312 0.0150714058639834 0.00035996300955787 0 0 0 0.00206033630439566 0.00307749907865358 0.00125974324988656 0.000612210277377097
