0 0.00121241459327459 0.00121084191001523 0.0018091379432069 2.95785671447936 0.468158617393509 0.0231823219929288 0.00062408996230473 0.0019546354942177 0.00268928828158566 0 0.0219055912955857 0.302829279731802 0.313641879403771 0.496818274079279 0.48921346820614 0.0602058010193442 0.12443356182565 0.000849647804738958 0.00138615467281253 0.00115165737248539 0.00149365137722529 0.0035692568431731 2.33824644797151 0.000951048797959408 0.000336469604533637 0.000595288697898116 0.00065261274345715 0.003101057414079 0.00333823658293799 4.31483475460741 0.00762783884117353 0.000643192608777996 0.00109428911960164 0.00646420726421667 0.00147006110228114 0.00253557697127941 0.00293380413299903 0.381375793799486 0.0782132708874209 0.00210077008828998 0.00105391207184443 0.00677920110516593 0.00253939452495611 0.00263619541485275 0.00273170495341564 0.411418969028881 0.0207751134433721 0.193458186124349 0.000376260178098893 0.000663675138439078 1.13329829208002 1.82256141300838 0.0494228672257979 0.00111362469062153 0.0014476127310101 0.000310590337820231 0.00122203158655282 0.00278598204325331 0.00294397613390915 0.00170315911433749 2.98699306471016 0.317709372156713 4.21343104222436 0.00162074438834454 0.115183648886201 0.00162142264735042 0.0110808184836755 0.00513365950950088 2.38249259676422 0.00339571424386905 0.00527315397026864 0.00511377681149078 0.0012714871505571 0.0246675168864494 0 0 0 0.0385237726922204 0.109905949322767 0.00409234725895303 0 0 0 0 0 0.00296331577583097 0.000958171613373214 0.00735521043802618 0.0124516861713778 0.000582296679327271 0.00114540536787816 0 0 0 0 0 0.00784171279206038 0 0 0 0 0 0.000362597969537893 0.00359901578437904 0.00758442668182226 0 0 0 0 0 0 0.0034226969374602 0 0.000152203501045611 0 0 0 0 0.000218175774581813 0.000269964740001516 0 0.000342828226395538 0 0 0.00426760472690179 0.0235191334745295 0.00238515178461906 0 0 0 0 0 0 0 0.0067637014206044 0.0111722661181464 0.0111306403967797 0 0.152160690669452 0 0.000144657416887364 0.000251782920060147 0.00819563629874991 0 0 0 0
0.00121241459327459 0 0.00183650159387971 0.000340380686058227 0.000105592295918038 7.03859339348323e-05 0.000855764666586573 0.000402675616817588 0.00400360447624814 0.0140403304717181 0.0705190584214945 0.00172709747832335 0.00112451939547201 0.000234022683817561 0.00260976939637033 0.00107427867527029 0.0252774154547149 0.00607225411225521 2.779692841307 0.197856627195853 1.79709411065764 0.292925703957266 0.0154048439923117 0.00149674831879896 0.0430911612634905 0.00160100299722642 0.0201156351570867 0.00214249775347407 0.00640450458405871 0.0212582614345398 0 0.0105220891432252 0.002648784966611 0.00524121314472575 0.0101945435532259 0.00174032222045115 0.0707272924168917 0.0140084935566411 0.000770587488140365 0.000496992643759922 0.00319836805331619 2.78397536870199 0.0271266519345343 0.514379675614568 0.0157026798971149 0.000412784284312261 0.00684069669972341 0.0267830303164423 0.0034524781007657 0.0500852011628806 1.93803527985381 0.00589236805098747 0.00117262234177889 0.00376712145136723 0.00539472417614539 0.072839399000816 2.6768606300039 0.565637200411132 2.88462394241044 1.48255679616863 0.506085801836041 0.000669898821530755 0.0048124857973575 0.00312917037675879 0.1328433169688 0.0363420138057847 0.0145073917957863 0.00761547277347864 0.00723734531912414 0 0.00402002034703642 0.852511230353419 0.194275242472071 0.00136444991688975 0 0.0025182068890739 0.000660655808760652 0.000141873991139511 0 0 0.000373136536884909 0.000418787209797536 0.00032642961161447 0.00275453800894145 0.00491531839769723 0 0 0 6.55136340600619e-05 0.000386447663401505 8.28225483913009e-05 0.00114096624793501 0.00288329772152796 0.00951984078603507 0.00345149084817148 0.000607837881543977 0.000409708991012538 0 0.00243639292922561 0.000134087654187404 0.0051255956691235 0 0.000127558977934008 0.014379640498365 0 0 0.00100191312559268 0.000574455214902179 0 0.000324006846993612 0.00177421348572652 0.00178375982060965 0 0 0.000124233895597844 0.00466215644129496 0.000298108819749689 0.0195082614680381 8.74573941532231e-05 0.00100462197516746 0 0.0030343618191566 0 0.000547265283604086 0.00166481827670005 0.000434053436687024 0 0 0.00105229832541813 0.00358941256819645 0.00392224403180654 0.00415481237434658 0.00499634640021455 0.00215777540415264 0.00246648214221897 0 0 0.000574081992340061 0.0365110482268374 0.00963053332228119 0.000525229351367134 0 0.000874633805707262 0 0.00508882523167887 0.00351211266147135 0.00338298840526873 0.000120148498752164
0.00121084191001523 0.00183650159387971 0 0.0138435695719057 0.000566865416859012 0.0303715637210183 0.0857356585801895 0.5279520950837 0.0381028640644195 0.000276598129434938 0 0.00522893766075812 0.000744121095439004 0.000538905110208585 0.00261509027607127 1.53649088469905 0.00902179894475011 0.00193490269832763 0.00280476762025441 0.00327750581168111 0.000390743144615272 0.000216580236672381 0.0109640936880489 0.000648950773717595 0.00959061371090074 0.0450334451223316 0.773563311397763 0.704546590031448 0.7061378074811 0.521495890393415 0.000127817755058442 0.0191541257338835 0.00513144650685463 0.00213100333802316 0.000781849482427229 0.00938898687671961 0.00135888143642045 0.00296517941574155 0.000558021029822955 0.000831813374603529 0.0762671525110041 0.000673457607183792 0.0010339394064013 0.000645664647793198 2.13449528966584 3.33779995614474 0.00266335284633876 0.0349771646465307 0.0167524461000941 0.00203625549651265 0.000229896817560412 0.00385124936516556 0.00248070654887426 0.0189743927045047 0.0106083418426466 0.07610474124239 0.000836592796917741 0.00833541934076034 0.000799117751556985 0.00178003839985134 0.000342303730137024 0.000643220236741612 0.00152427104105502 0.00147552713600576 0.0145180037796776 0.242365276056104 0.532239435103696 0.0139364448894876 0.561755153350249 0.00133544154282229 0.11375879983622 0.00349298941086578 0.00701083150908395 0.00537900186460815 0.000152120415672295 0 0.177384708507567 0.00372790493622754 0.000290062257635041 0.00105627026830956 0.0112190361112217 0.180747994307409 0.00914722230106732 0.00370991501639297 0.000252869887151808 0.0030449850092968 0.000184054818777174 0.000770570620787839 0.00320248235694446 0.0453846937113163 0.0013545886721077 0.000713092563270231 0.000112529757605867 0 0 0.000191331659894815 0.00145744419605488 0.000101789596245048 0.00133179729676969 0.00371845266859325 0.0089146131480829 0.0118909548956572 0.0911847142318479 0.0177987521523034 0 0 0.00193210146772202 0.00118955766448872 0 0.00222137200348242 7.51471477016675e-05 0.000530924303626071 0.000521608016139936 0.000260114168013394 0.0110276195443158 0.000299900906298948 0.000192976620979368 0.000508267294684929 0.0783836702659835 0.261365837391103 0.00165829526224462 0.00873211106906334 0.00995990677456233 0 0 0.00577060846654573 0.000765756442019718 0.0165111384829794 0.0015605672246656 0.00328753694659273 0.000124402560911859 0.000666133737381532 0.000259724930649123 0 0.000243959290333957 0 0 0.000501425465407268 0.00280026148430118 0.107536743555916 0.0287569357337888 0.0132633217598052 0.0910984194695034 0 0.0429570261898476 0.00055068568159567 0.00156121849407623 0.00116476346403482
0.0018091379432069 0.000340380686058227 0.0138435695719057 0 0.000302801189143755 0.00155623385625764 0.00618214055290522 0.00499535558972396 0.000323866850622467 0 0 1.35359158930901 0.000775466262927255 0.0117373624423734 0.0178374303592622 0.0323528398856721 0.170862637304283 0.0371562943319745 0.00129123781522853 0.000437912668013549 0.000413225928279609 0.000292161879921872 0.00186521449902357 0.000489784341088451 0.0161908633897317 1.56327146203527 0.00699867841620077 2.3008879621515 0.524970694702909 0.00273211517555981 0 0.00480944589733591 0.0069920579063355 0.00345000427980903 0.00137097481548965 0.0252277008841377 0.00382349008112952 0.0102730101407828 0.00135963878390841 0.0466658657338512 0.299865136698692 0.000442252748263764 0.000907844848526059 0 2.53824624710418 0.00305945794812611 0.00350878877947938 0.0756746407080817 3.04815909054181 0.000141549800564984 0 0.048951451583804 0.00821034269314487 0.0424974671164981 0.0305689125339337 0.0224006736987975 0.000587402371404906 0.00322592358631918 0.00135617989357013 0.00574244198301233 0.000763958303325983 0.00145501535650884 0.000805515698641552 0.00112525094539689 0.00195175287074687 0.00199596355237144 0.801439055762413 1.21030115389571 0.125337164490026 0.000164021109518311 0.00179732559960722 0.0152825754453059 0.0210420699376588 0.0111880834712816 0.000195506515103992 0 0.00343653688013802 0.000494609452509714 0 0.000166831886782634 0.00430278655193281 0.00429441342868588 0 0.000302240644793825 0 0 0 0 0.00119171808132981 0.00444375394999508 0.000297124560962009 0 0 0 0 0 0.000261908588273333 0 7.03882813008058e-05 0.000198731267614629 0.000928471416954742 0 0.00304082835495212 0.000538216204810306 0.000133600336363658 0.000582276496009837 0.00013352369204364 7.99264956202932e-05 0 0 0 0 0 0.000841992164582906 0.00025141923208499 0 0 0 0.00103191502918921 0.00296609890522358 0 0.000637043937629027 0 0 0 0.000495089788943998 0.000709102390385002 0.00124289133221055 0 0 0 0 0 0 0 0 0 0 0.000118063943223249 0.0044025509766585 0.000981451877994373 0.00263420126041297 0.0044883278238766 0 0.000733995344685226 8.96963527342244e-05 0.000132076186338435 0
2.95785671447936 0.000105592295918038 0.000566865416859012 0.000302801189143755 0 0.433824546700074 0.0178851444811594 0.00268515812118787 0.00176765267779941 0.001240317452786 0.000128199126473246 0.00400547902316246 0.0811600534929064 0.0377767995346707 0.187076351300231 1.14151765847394 0.0154316450335423 0.0458015058949079 0.00025700853043526 0.000235667223809655 0.000145921709079332 0.000603520006891268 0.00190189886804614 0.130490175072794 0.00037137156521647 0.000545465073073756 0.000432935429684922 0.000200714012544356 0.00112948912673695 0.00195213719599914 0.828847349008231 0.00354733962787418 0.00110265865093884 0.000434664553967149 0.00225486040808889 0.00063335675767287 0.000828861108822594 0.000919725039681075 0.0901065292508068 0.0107413167384658 0.00115558060539432 0.000612042284602744 0.00159936560144255 0.000734397550151274 0.00225711230473998 0.00297076744142949 0.121003884151623 0.00512965515674625 0.0901292484389455 0 0.000151487014220996 0.0986578953284016 1.24768524759975 0.027837021770374 0.000899926704734256 0.000300891838214296 0.000344578984233249 0.000476481873194752 0.000196083277303263 0.000971251019752772 0.000318717425724063 0.197735354439708 0.0446690429471822 0.370965835477634 0.000455173519287994 0.0463732144385275 0.00113907682787806 0.00304305266080067 0.00122066530797256 1.91683230698724 0.00190860791653143 0.00287883302162512 0.00129758767166622 0 0.0141766326960608 0 0 0 0.0218985537704993 0.0651364226945664 0.00259594563034584 0.000326261512746324 0 0 0 0.000133727958402267 0.00307311832068547 0.00129057590170407 0.00343364902430369 0.00633728512904826 0 0.000454485206611605 0 0 0 0 0 0.00441924140390604 0 0 0 0 0.000212130718096171 0.000112155374665175 0.00121708009486726 0.00451997314904892 0 0 0 0.000187171718107691 5.80217237275025e-05 0 0.00160084889040423 0.000336445411907079 0.000254446100573347 0 0 0 0.000280907780855169 0 0.0011804860975653 0.000149064945838108 0.000472168514230098 0 0 0.00368011101187962 0.0135277877492477 0.00105629913340742 0 0 0 0 0 0 0 0.00348751692711016 0.00352734051564379 0.00651998256030824 0 0.0909014370925483 0 0 0 0.00280802547680579 0 0 0.000120372773895199 0
0.468158617393509 7.03859339348323e-05 0.0303715637210183 0.00155623385625764 0.433824546700074 0 3.14361001021367 0.175565676506389 0.0574002328728666 0.049034135238518 0.000666153969809788 0.0155519510434049 0.0662068379382171 0.0303837172855806 0.0874216160452557 1.77316925352687 0.0251647564093124 0.0486238632164213 0.000622495215963758 0.00118016076895692 0.000594473216402127 0.000446900393052829 0.00558354868935004 0.0885425117077678 0.00132847880521775 0.00140158141203913 0.0108193494938052 0.00204553657335654 0.00622080638764705 0.083545132154778 0.756617256620811 0.369707944121913 0.00118577266870366 5.09961872277318e-05 0.0021079841289792 0.00107098786709123 0.000575199166014821 0.000946077445643945 0.049687675629319 0.0116945551871775 0.00273695130527829 0.000542948043646663 0.00304650106268316 0.00653968277774123 0.00724348662527027 0.100755914827802 0.090352059041495 0.00647050323973776 0.112905205505859 0.00149651286520653 0.000128926280778098 0.0603817420827612 0.263789441896381 0.049449816000308 0.000693734909031379 0.00288718388593445 0.000377500180589005 0.000903745923727273 0.000613729424705999 0.000820667526205561 0.00107683476614717 0.0926939369614889 1.90325075933113 0.266276469863825 0.0183107700704754 3.26435872244247 0.0051780218038359 0.00328560496709405 0.0054801792085681 4.91809500829679 0.108958616617503 0.00235410818351007 0.00307181919467663 0.000127680363204174 0.0733096284678276 0 0.00105386987823607 0 0.140755430158664 0.618607901038978 0.0709761019445079 0.00950209346119136 0.00095335047330744 0.00208881317217023 0 0.00310199739689994 0.00752234045118154 0.0163241971410282 0.0604210054793329 0.115903222224729 0.000487743408119955 0.00347483779846413 0 0 0 5.86912697386039e-05 0.00038376450783523 0.0328851663645014 0.00010450293881125 0.000335133257876235 0.000608439127470597 0.000318024252762363 0.00271207234850163 0.00100946227106656 0.0118017854298754 0.179574769765974 0 0.000160238114394822 0 0 0 5.02417329773285e-05 0.0157484553069846 0.00381574341276974 0.000513141079247787 0 0.000226287732069992 0 0.00109069540581578 0.00267976298579769 0.00875439232552928 0.000478030452934913 0.0122958650648957 0 0 0.03362379043679 0.151720962444852 0.0259655553372547 0 0.000356240334841586 9.6436167077385e-05 0 0.000168950521573476 0.000108789062883024 0 0.0237678069125572 0.0311671340375181 0.0357420020579851 0.000617033733836445 1.81443877612223 0.000609510928893475 0.0010113881723346 0.00352207406266758 0.0228853159335198 0.00205466984929343 9.016342691012e-05 0.000306857637461782 0
0.0231823219929288 0.000855764666586573 0.0857356585801895 0.00618214055290522 0.0178851444811594 3.14361001021367 0 3.61650577357608 0.19359090857148 0.0678173488946643 0 0.0812456238655118 0.00658482360196314 0.020499086724467 0.0593009956376629 1.56005171960927 0.0113268418414989 0.0336946638087593 0.00127486196397415 0.000823120017548568 0.000305702675170709 0.000629213875104284 0.00305957061492032 0.00413334129433441 0.00324243843379297 0.0043823860971382 0.0202599587546046 0.00449872020985277 0.0320886723910352 0.130593023913103 0.000627446824811915 0.00131286503482118 0.00085925293791551 0.000189488268196095 0.000266400299941119 0.00293903704763024 0.00137275267050031 0.000994582760943706 0.00830963564758698 0.0369806153243168 0.00702192603203373 0.000302113898911983 0.000182734511400523 0.00627842074357338 0.0199483513803642 0.438302653957101 0.00898858335193852 0.00627435301799851 0.113390588228421 0 0 0.0833976338075725 0.0664148264364243 0.321298567366085 0.00290773924860582 0.0102678229284296 0 0.00415738482846249 0.000232374261689636 0.00219328198530475 0.000278275638546959 0.0113383957323359 0.00663331437032801 0.00710361543619109 0.0322435905719902 1.8227167909173 0.00799050730264723 0.0432533326576666 0.0580035161744467 0.0181177960261543 0.265733397665699 0.00147003933784892 0.00260008179485749 0.0011106588002899 0.00426498855005227 0 0.0180821045555775 0.00147025359909653 0.00976328888971274 0.0749391588837212 0.425298469115371 0.158563659143266 0.0118485898424485 0.00133505030533804 0.000109157387619608 0.0197932132125206 0.000536736357643789 0.0126798480410457 0.0400278311183323 0.185140645039829 0 0.00292325024084534 0 0 0 0 0.00069928303460691 0.00135699687025914 0.000362788365730366 0.00108118812397415 0.00203539247250783 0.000880718062769998 0.0203205959829686 0.00398038260308205 0 0.00298366451495754 0.000243147271815652 0.000395966860434426 0 0.00092287419649454 6.84439502660538e-05 0.000107203321172255 0.00235524163075934 0.0157538968367679 0.00165418638318004 0.000360096971431314 0 0.000252908817604994 0.0068137449249841 0.0220266800187591 0.00343661287039529 0.000960710079316984 0.0232953281414614 0 0 0.0320602774724195 0.0420949210769545 0.109496944030067 0.000532079147409647 0.0007240414193611 0 0.000239570247975607 0 0 0 0.00243353893168006 0.00103102910380436 0.00228890537533583 0.00193201268153156 1.27785720999538 0.00290642995484471 0.0432986683743327 0.0427603871720283 0.00051999985358632 0.0111843615287632 0.00087821393144101 0.00162326393002709 0.000556438487522182
0.00062408996230473 0.000402675616817588 0.5279520950837 0.00499535558972396 0.00268515812118787 0.175565676506389 3.61650577357608 0 1.71896821563895 0.113011052607735 0.000599271807730103 0.00707526970588829 0.000817883154127863 0.00124695907910829 0.00967415485125379 1.26483148326156 0.00504970661352642 0.0045605828853495 0.00102201731191084 0.00185828223674091 0.000182412714012196 0.00039251739648612 0.0052757104401828 0 0.0046259964393871 0.00575867717444526 0.0724178733094022 0.0139055055171687 0.128787430625269 0.387305587814614 0.00045627637424956 0.0025158460738274 0.00239407433660947 0.00130587324897444 0 0.000478113848400418 0.000432965402631143 0.00115202010363181 0.00134424450754577 0.00202534546732781 0.0130776477012939 0.000395563729269206 6.27373929638006e-05 0.0157535790433007 0.0550885291965045 3.69369839282213 0.00323267415375615 0.00653634519476751 0.0222271869265132 0.000196764566987584 0 0.00878233841111872 0.00898880258778578 0.13756469849654 0.00545095115721879 0.0207013528033856 0.000907374663401371 0.00587814535554166 0.00154654823433686 0.00138490777784595 0.000682542960647042 0.00151129379332851 0.000606297328242186 0.000983976135636807 0.0708575233482212 1.58281146675945 0.0205948539054929 0.0236975597316686 0.167012333661464 0.00526992268131308 0.931458174992961 0.000632245451285931 0.00371662238319881 0.00164148743725828 0 0 0.090677240495632 0.00734638214909485 0.000353262287671595 0.00436896760330841 0.113375509454078 0.545445899462504 0.0061645735194722 0 0.000142540374197316 0.00925999381372309 0.000240618297315028 0.00280083130460616 0.0177496802640632 0.226771294830696 0.00443592027587661 0.00401642588815509 0.000454060616317808 0.000147606416987149 8.63997465645056e-05 0 0 0.000226217788405707 0.00104527958049235 0.00177842850412501 0.00860108738180175 0.00294409444624753 0.159968519640294 0.0131630184146522 0 0.000388958458192829 0.00102816345495727 0.000340517397465878 0 0.000203082648202325 0 0.000625778276011739 0.000493003688452516 0.00398125746929343 0.00456657172234021 0 0.000125627884085574 0.000958522390308083 0.0524859187450637 0.0935800122552918 0.000710904359133568 0.00277622953997 0.014579542059149 0 0 0.0132770107994446 0.00507338754649302 0.0661657261493643 0.00145833561444515 0.00215580306662448 0 0.000185561509576548 0.000414599530749685 0 0 0.000483537650124894 0 0.000215413134180528 0.00142965325929095 0.45459285508173 0.00586629190728148 0.0508135604491562 0.21593478218678 0 0.0119997564991244 0.00070402381522206 0.00132618259152448 0.000673681777483948
0.0019546354942177 0.00400360447624814 0.0381028640644195 0.000323866850622467 0.00176765267779941 0.0574002328728666 0.19359090857148 1.71896821563895 0 1.94485418551536 0.000964752279135863 0.000562293228686353 0.00029736472125548 0.000194601610681486 0.000646856689085242 0.00779479583091761 0.00359197527422989 0.000775744333462808 0.0058402296511581 0.0106889313507472 0.00340473668991705 0.00177616188377932 0.0508396479644497 0.000674364890450918 0.0316916258699341 0.00387879400413358 0.0413076486669688 0.00272457793653551 0.00439046732195411 1.05548819510742 0.000439443444352206 0.00168968074299074 0.0084779522987178 0.00344157885879478 0.000622478475805058 0.00938206197355079 0.00234649964227816 0.00417528473443993 0.000841543810237856 0.000390351327773202 0.0124949511332072 0.00142953634329384 0.00161655603266872 0.0771588750604313 0.00842032071790468 2.23571726706552 0.00328618894001669 0.0247867518234862 0.00165062657378213 0.00253424399567544 0.00024944072261524 0.00167832495712594 0.00386589822183015 0.00191490094419031 0.0238942513331561 0.0648460430205513 0.00430361983953303 0.0244316263042093 0.00922086423847072 0.0187881607413416 0.0130644033660013 0.000668884796880771 0.00352853220790593 0.00158392695619626 0.290206636394145 3.23784249341767 0.00853991069405843 0.00129011150164449 0.00347087679909541 0.00557567923575755 5.28258889017562 0.0141051857300894 0.0232688884670557 0.0147343558152945 0 0 0.0112075372188121 0 0.00076203251751708 0.000695368719878429 0.00103974773434106 0.0145906904110751 0.00202089300248597 0.000820646134299628 0 0.000172316225765068 0 0.00115946889238592 0.00100565659830873 0.00149096833031872 0 0 0 0 0.000126843612462877 0 0.000229874514630376 0 0.000527612294028363 0.000779280400229615 0.0032483561198486 0.000764986668028507 0.00458749106386053 0.010480952176538 0.000564851802546673 0.000604038827397325 0.0019794445108879 0.000532627572599476 0 0.000261721178514671 0.000221941584330882 0.000252668317801793 0.000344498138925347 0 0.000836997656416909 0.000609195487776193 0.000216301004946759 0.00307883250442195 0.00416993728149859 0.019829589828967 0.000236899661627375 0.00105987606996653 0 0 0 0.000198429784606359 0 0.000494629659925104 0.000442043658120242 0.00211770781123302 0.00114778509973945 0.000266569655001579 0.000266866292662461 0.000230758040828023 0.00051502567497707 0 0 0 0.00436691372722384 0.0614039733231345 0.00404097551653512 0.00139924999040634 0.00433726117958506 0 0.0225713075567101 0.000786358031564197 0.00168086803517063 0.00184961002398679
0.00268928828158566 0.0140403304717181 0.000276598129434938 0 0.001240317452786 0.049034135238518 0.0678173488946643 0.113011052607735 1.94485418551536 0 0.037470229050475 0 0.00123024529950146 0.000309647741426692 0.000360513464898792 0.00239569028551184 0.00136491559951004 0.000395958033255036 0.0187335164845514 0.0595737192803144 0.00562862828303569 0.022415620062697 0.701951492846436 0.000238956395626306 0.020466681534673 0.000232309461366786 0.0122258999731579 0.000226735908986312 0 1.447245556777 0.000741069036329233 0.00125637407839601 0.00169214888660879 0.00120476266414667 0.000921879351012199 0.0024951019679072 0.00122075591694703 0.000964030401644764 0.000531628132025095 0.000507767924026785 0.003466681413974 0.0124249492927079 6.92403042214206e-05 1.95194863464859 0.000135105978983036 0.0525968466727333 0.000847783757837471 0.00577016292161527 0.00210354957486222 0 0.00537594015706581 0.00039375510103733 0.00128429998300537 0.000990116360708421 0.00417685640613175 0.0365205255741995 0.0367996719455471 0.0780786205894346 0.017998973379236 0.0119491855178601 0.0497368411031785 0.000946838361453595 0.00470447518014572 0.00049729912194197 1.38660520432249 3.68024672341741 0.00174306656754954 0.000485179258086697 0.000394203305974509 0.00690384368880936 0.305568242369571 0.0109265787553132 0.00488129060673832 0.00284289988060123 0 0.000980020007517509 0.00739887786578514 0 0 0.00047157345493847 0.000906358384071097 0.00221906369723289 0.00551680879857589 0.00746427231507031 0.00325354110538225 0 0 0.000446339945737919 0.000272831489826171 0.000933619376190518 0.000804323610854113 0 0.000270522293984499 0.00363760668388096 0.000262493381628578 0.000324322582279248 0.000613085698207616 0 0.00099458940887667 0.00080607926590337 0.00599833124791214 0.00111132490620821 0.000674603392428063 0.0157581231334754 0 0 0.000406113368770084 0.001206226058585 0.000238402804529306 0.000960606889554655 9.55732651828451e-05 0.000586520296762474 0 0.00100667523723642 0.00181411940479161 0.000580252737443381 0.000101928471124313 0.00930896655597396 0.00100869955435156 0.0131776134209255 0 0.00524356368031825 0.00082361998852102 0.00126058291144641 0 0 0.000730593490187998 0.00188213842381657 0 0.00479950475721833 0.00275352026576483 0.000827122713220642 0.00218466544527659 0.00214282475459745 0.00151165322319407 0 0.000707481679207943 0.000336060111164629 0.0158298640386248 0.0643209844700324 0.00178350216832005 0.00135110417459283 0.000556481156956098 0 0.0365381083007879 0.00119035512005807 0.00300893367603424 0.00312110769306832
0 0.0705190584214945 0 0 0.000128199126473246 0.000666153969809788 0 0.000599271807730103 0.000964752279135863 0.037470229050475 0 0.000366604733943656 0.000264997955390058 0 0.000308131500441193 0.000400575525503965 0.00642746906842072 0.00125332276936649 0.117119469044197 6.34476981873204 0.0397423705794516 0.889414255544565 0.022575340545783 0.000828644760203001 0.00200807161750062 0.000120475420456586 0.00647800030855017 0.000338658778741658 0.00057227376292356 0.0124196341984841 0.000439283223974726 0.00390035948739782 0.00127565088854248 0.00265523083139789 0.00332122178243699 0.000631875283152991 0.00987109844751251 0.00358853124068862 0 0.000156459755053628 0.000536536276453511 0.464144078712118 0.00502598975192374 17.0989495309968 0.00171469835293673 0 0.00140673859431262 0.0120478013242063 0.000943434038307357 0.00654433028402544 0.0514998502134182 0.000387692204236552 0.000202694922602565 0.000628134868432238 0.000575669018542413 0.0110789529014985 0.275003213802127 1.13306570963029 0.0230634735482276 0.0313804336744348 0.231435586137375 0 0.00134188945726356 0.00154447676096868 4.94965671298934 0.192820920284264 0.00215091769898654 0.000843062124474954 0.000344940672361549 0.000144245910949368 0.00129341252642112 0.0216284766496409 0.00902389329988068 0.000597950578993856 0 0.00859582325051498 0.000124079643014809 0 0 0.000104999875580322 0 0.000121774549843277 0.000289224729638089 0.00673996888194658 0.219313678049392 0 0 0 0.00013196344168429 0.000343024904138432 0.000220024609937039 0.00150622332602501 0.0136409359433102 0.0452036230733588 0.016938982009929 1.044019660901 0.00465428702361414 0.000198850489450267 0.001434075423731 0.000146323081569988 0.00716349394998258 0.000119816426293301 0 0.015674437852919 0 0 0.00116720325569863 0.000809995894124312 0.000479475792362294 0.00114215195279015 0.00759685272613873 0.00392301627784615 0 0 0.000988929204876171 0.0478392342644106 0.00121596913494732 0.521688101949218 0.000437073847190828 0.000590320003392154 0.00194679810991446 0.0061018306038718 0.000444730551258208 0.00395712147160252 0.057513034231152 0 0 9.79697830594218e-05 0 0.00533814940808661 0.0282865089057274 0.0213138920816455 0.00971005882709544 0.0067815016474529 0.0844951111498839 0 0.000231344202903843 0.000434464550801294 0.172002096537561 0.03152079358975 0.000465070768424104 0.000227614176649321 0 0 0.00233992047495909 0.00790889291802163 0.00638756682402466 0.000677820768953513
0.0219055912955857 0.00172709747832335 0.00522893766075812 1.35359158930901 0.00400547902316246 0.0155519510434049 0.0812456238655118 0.00707526970588829 0.000562293228686353 0 0.000366604733943656 0 0.0130229721206653 1.11080025863877 0.168068770826635 0.195900016015621 0.0222918432349513 0.0586779659376252 0.000716488175186811 0.000871654585740927 0.000919731221534098 0.000147641757040496 0.00124844285648275 0.00386253817019502 0.0247394552282786 0.0811500516628539 0.00485716067366074 0.0478300403890812 0.257070757755493 0.00226677522057058 0.000387354411449038 0.00622720922379439 0.0160300399070939 0.0128447763799924 0.00543006140305552 0.0657843275202538 0.0181134286528954 0.0334918453941639 0.033084373460343 1.84764613723071 0.188732974150997 0.000565349742526693 0.00309008441365822 0.000583900754601883 0.179858307331224 0.00293692444218355 0.00921146063157286 0.0378643878832992 2.86860196647826 0.00151474958388614 0 2.76233533752184 0.125974179361717 0.494630004857833 0.0405949217428217 0.0196104732237831 0.000285859938185019 0.00158226163760539 0.00381230921022546 0.0231612100375986 0.000664598626929979 0.0214334597695175 0.00174590176776568 0.00880953029368126 0.00106443204568721 0.0170451217764926 0.115895335277422 2.41979011605116 0.0902258502892498 0.00126763026732004 0.000961795861886524 0.064494253797111 0.0712338674325704 0.0283767997554747 0.000137784653352777 0 0.00102763527920157 0.000239147921351632 0.00072738952783497 0.00494529271301296 0.0271958082385109 0.00536082171280523 0.000875493123872997 0.000398756835499905 0 0.00215463840784212 0.000167357776308455 0.000417743358440484 0.00329961215218738 0.0126546536554686 0 0.00055587333345497 0 0 0 0 0 0.000434911666110121 0.000362816614840087 0.000167412391170728 0.000352953365960069 0 0.00102738143578576 0.00122324183220962 0 0.00115162932765381 0 9.59048340899785e-05 0 0.00014453407477214 0 0.000138255567084515 0.000227838846980993 0.00163055617375913 0 0.000141098842789422 8.62150960217996e-05 0 0 0.00199128488649013 0.000406214241649911 0.000195084407967236 0.00175144345444531 0 0 0.00473372538699605 0.00495791119876672 0.0102052802403082 0.000380795690898309 0 0 0 0 0 0 0.000425736599749411 0 0.000116513317315547 0.000185192672036982 0.0378205618262736 0.000171512021090199 0.00211178920852399 0.00195071954777514 0 0.00138589140329113 0 9.72622449289832e-05 0
0.302829279731802 0.00112451939547201 0.000744121095439004 0.000775466262927255 0.0811600534929064 0.0662068379382171 0.00658482360196314 0.000817883154127863 0.00029736472125548 0.00123024529950146 0.000264997955390058 0.0130229721206653 0 0.868335772806487 0.0228129386040966 0.0288024185550791 0.0293249586276307 0.139226064996976 0.000749673692716224 0.000491401632700762 0.00095236437988447 0.00151531711932808 0.00385342577190032 1.06632434553279 0.000585485192925511 0.00161954820396939 0.000671682642478072 0.000248859450375885 0.00226361526434373 0.00100561367767974 0.00627254963635984 0.010627544035184 0.0022913216440951 0.00182015204679719 0.00687286967822454 0 0.00126958317791977 0.00229985609961388 5.90759927943605 0.0633877309952698 0.00463627299781888 0.00112499134652703 0.00489572581475355 0.00150204889607956 0.00202927021290496 0.000472202131307706 1.96676134645866 0.0206236946477128 0.406479576493637 0.000554850139023278 0.00115246558765923 0.183525167383481 0.171877491470162 0.0144438569704037 0.00106075434743708 0.00174431860280455 0.00130780018322223 0.000853021418202253 0.000233152376103496 0.00314988379888764 0.0029932692267076 4.25823257450315 0.0141239335923073 1.50911820203232 0.000365815276897074 0.028866670789758 0.000597659240130594 0.00312467889753823 0.00123165061907842 0.0206914349470366 0.00140639720840979 0.00525502870520549 0.00291699135127612 0.00118586040747445 0.0103005216278482 0 0 0 0.0141312787402383 0.0357882536790258 0.00158185066662241 0 0.000312048003268329 0 0 0 0.00138881994728952 0.00104443695921818 0.00269086830037114 0.00352592163466252 0 0.000507877403055135 0 0 0 0 0.000149031046981733 0.00211911196770767 0 0 0 0 0 0.000204116022001185 0 0.00117956397462943 0 0 0 0 0 0 0.00213722009867272 0.0004816130354563 0 0 0 0 0 0 0.000687703652096805 0 0.000293938755806218 0 0 0.00242192393984876 0.013229333447648 0.00056637075940425 0 0 0 0 0 0 0 0.0063509111531293 0.00536021111501124 0.00301127191073089 0.0004110864242763 0.0349355437417404 0 0.000254302362448205 0 0.00211602496002568 0 0 5.42692237210339e-05 0
0.313641879403771 0.000234022683817561 0.000538905110208585 0.0117373624423734 0.0377767995346707 0.0303837172855806 0.020499086724467 0.00124695907910829 0.000194601610681486 0.000309647741426692 0 1.11080025863877 0.868335772806487 0 0.148289685552294 0.0854045304453339 0.00635728454964818 0.0353231052222551 7.08842116508607e-05 0.000218118640605463 0.000401309326460038 0.000149297193024474 0.000285173576243856 0.0826131138218495 0.00208420623916596 0.00654792158341073 0.00060780994251173 0.00381362051315262 0.0128733865817616 0.000698593398840167 0.00107100716037145 0.00215898463855261 0.00201102687857912 0.00157753532562522 0.00271913040147764 0.00811187418307376 0.00159037280015656 0.00371724800123423 1.41745363342534 2.45533169202154 0.0228243521723531 7.73433799752228e-05 0.00111892150338728 0.000551248415754893 0.0181191175530858 0.000845004766223546 0.0407353268677841 0.0112389803622202 1.04559771469019 0 0.000263745780102909 3.84022692132782 0.488166297809304 0.145861364920968 0.00899871856708253 0.00374705913846311 0.000284915438782601 0.000438247517294755 0.000759551738779976 0.00382869722873245 0.00015619019002657 2.1955578083415 0.00293528757822015 0.125594674616056 0.000482488561872222 0.0156862087549025 0.0114034764231419 0.121263587823405 0.0081094517017022 0.00701594018346404 0.00049576792087553 0.00755557905423098 0.00838438719804312 0.00318563772893075 0.00119424623295109 0 0 0 0.00375820724466636 0.0239662619626585 0.00839920879617789 0.00137788219573446 0.000138437454702794 0 0 0.000183869442683542 0.000654637448796319 0.00127303072509814 0.00236159720332295 0.00543487940669007 0 0.000541554818193337 0 0 0 0 0 0.000842540392273321 0 0 0 0 0.000103927306056242 7.8480771715652e-05 0.000208046593957971 0 0 0 0 0 0 5.85639565116726e-05 0.000637106994822122 0 0 0 0 0 0 0 0.000396416810613603 0 0.000946290564059594 0 0 0.00244498525079605 0.0101257554569497 0.00233246526944467 0 0 0 0 0 0 0 0.000134679983838544 0 0.000291837789008959 7.65859258871097e-05 0.0326349600539333 0 0 0.000209225147861827 0.00126659340918951 0.000239361265800602 0 0 0
0.496818274079279 0.00260976939637033 0.00261509027607127 0.0178374303592622 0.187076351300231 0.0874216160452557 0.0593009956376629 0.00967415485125379 0.000646856689085242 0.000360513464898792 0.000308131500441193 0.168068770826635 0.0228129386040966 0.148289685552294 0 0.783621826794749 0.0206496346671758 0.0579440810386729 0.00450267882741793 0.00154051547396755 0.00151601114010746 0.000295550203101028 0.00102709034671972 0.0174247532418621 0.0298542827508469 0.00998800137407981 0.00623992023833326 0.0137505240088466 0.17676264906117 0.00227754231139188 0.00142481654361526 0.00644892053672242 0.00337011587821916 0.00272567480973037 0.00190754921167918 0.00553487885592389 0.00806251458891844 0.00970828097562789 0.0310158503507042 0.0671716487168428 0.0181570250052618 0.000483435379364882 0.00253092730975149 0.000735617679530853 0.113813080470741 0.00245742895994224 0.0225363376783342 0.0190249648146225 0.276911197914809 0.00047270628726891 0.000211240117291026 4.05107589377356 4.16682592116698 3.54439298272255 0.0102408820592382 0.0341768209127692 0.00120788626959429 0.00390732369626524 0.00564759057044614 0.0148844126066133 0.000891116435948025 0.161924460449608 0.00157678122236865 0.0333872803297881 0.00144225905320397 0.0408512704007438 0.0392493351378094 0.702115991774699 0.900073217175955 0.00550947202517935 0.00225067305661253 0.0197736341354089 0.0461254402746054 0.00255451773168864 0.00212146600605474 0 0.000260846498428524 0.000419950104141351 0.00690388804009643 0.047582751520428 0.0665207245510042 0.0115179143340497 0.000829167566084726 0.000323482571035431 0 0.00370876659097744 0.000453228390255742 0.00227913693583737 0.0118035731214435 0.0467935564636904 0 0.0015345515095338 6.86527429266939e-05 0 0 0 0.000202834436581877 0.0018289119566257 9.97217164766216e-05 0.00039364754756702 0.000322761770034968 8.00902800280404e-05 0.00235044059485219 0.0014682805073705 0.000802566803481394 0.00066436681746836 0 0 0 0.000175401800032687 0 0.000283257327235282 0.0016765697881311 0.00240315568846208 0.000385325817790935 0 8.95489868993089e-05 0 0.000800430982682912 0.00218573174154862 0.000358547633491567 0.000127532138047791 0.00394469160953211 0 0 0.00933655509160956 0.0210233161705691 0.0184110281770699 0 0.000212699593208022 0 0.000166422354732854 0 0.000212014778463865 0 0.00109370063169796 0.000915475370993728 0.00136807608763137 0.000380081323605773 0.112968858632129 0.000406253928511024 0.00802774505834645 0.00448928361988761 0 0.00338882647498836 0.000176263218067996 0.000313952918081774 0
0.48921346820614 0.00107427867527029 1.53649088469905 0.0323528398856721 1.14151765847394 1.77316925352687 1.56005171960927 1.26483148326156 0.00779479583091761 0.00239569028551184 0.000400575525503965 0.195900016015621 0.0288024185550791 0.0854045304453339 0.783621826794749 0 0.0368920615711972 0.0952177517220194 0.00284629643732571 0.00119246498439874 0.000643695457354026 0.00076059221395631 0.00336607590829595 0.0441770018368006 0.0120390172249489 0.0126506316037922 0.0875616615383408 0.0239133669332879 0.484444565650608 0.0957299313465063 0.0814032821566305 0.0136075279814907 0.00315916672175905 0.00284110141610362 0.00276187117158352 0.00478035715069893 0.00433602363670606 0.00567412676696723 0.0323050003880265 0.0589989255237626 0.0179565344965469 0.000623486828615285 0.00351087337849975 0.00161958896211263 0.13333395684069 0.422737121940928 0.0390612984942536 0.0213279732799439 0.379483264924259 0.000523496534202149 3.57657577269269e-05 0.292894289573486 0.662910802367219 2.50243293516131 0.00458977091009298 0.0283103067888969 0.00108609649502428 0.00402160490253525 0.00234067018009225 0.00470549460316621 0.000857578177010496 0.0409197043696448 0.024691405871064 0.0875019594664141 0.00826156167124142 0.263181209735407 0.0601947447899484 0.129677021479952 1.08572159662786 0.595783241888566 0.0409637518774657 0.00860639611635003 0.0178594279246736 0.00270705567140958 0.00641472427883709 0.000146458629560617 0.0301162292744777 0.00435508011372968 0.0174253472516661 0.125100360187981 0.207475286024393 0.251681753479629 0.00277809432846834 0.00150352959640552 4.72905308065976e-05 0.0117711274400607 0.00166079789411789 0.00904660795300868 0.0448698353780424 0.297388467571865 0.00152859544970146 0.00213252678877797 0.000233385820080719 6.2678478525669e-05 0 3.81182656445204e-05 0.00126469792441214 0.00364414629097273 0.000904290944707724 0.0011538676747127 0.0042311380383837 0.00266950850473248 0.092811093940974 0.0102236499567365 0.000888135155980102 0.00309427316089495 0.000186552386246607 0.000492363141400318 0 0.000411222019220905 0.000145312560617425 0.000597708741429696 0.00301392978905503 0.00564277863732701 0.00285756186050255 0.000202449615453519 0.000285586496829474 0.000249448873092077 0.0239842838759055 0.0419969670380723 0.0018564856603604 0.00130692665324828 0.0207991663120751 6.19367313321015e-05 0 0.0282393852589688 0.0451698737893205 0.0691417420160294 0.000250894425342762 0.00206571136302638 0 4.3342873444957e-05 9.65972693519335e-05 6.52974618720785e-05 0.000173676247742583 0.00387816113925658 0.00172590081078645 0.00350736354680219 0.00102869605378297 0.376045138660884 0.00670588988596622 0.0365912347934279 0.107993531194079 0.000826246237597434 0.0124686325535753 0.00085886164134211 0.00264351533835926 0.0002849614872108
