0 0.000400450692049144 0.000533497380980619 0.000400029745520119 2.53915160387647 0.336781536957696 0.0262915137497402 0.00793292157748562 0.00207538656273876 0.000694030122346929 0 0.00814976459450434 0.0788783317599994 0.112063214068488 0.890572749101421 0.752599662011815 0.00602623947509078 0.0330706436956116 0.000302671801984195 0 0 0 0.000520139795446919 2.54820580207871 0 0.000164303507633337 0.000451623445001443 0.000385159067876036 0.0032997398908102 0.00158795840933734 1.33444367953977 0.00481350787803447 0 0.000467068851058759 0.000800288763544899 0 0.000106691609292428 0.000382773270172093 0.219768092355753 0.0356035517820909 0.000253005567141779 0 0.00068272842828479 0 0.00150814049613479 0.0051734095275629 0.0799912734465117 0.00448819946655686 0.130402531928319 0.000597227752311889 0 1.08224336560277 2.36467870295296 0.0716967273948647 0.00110420526195746 0.000986247138732038 0 0.000187942347744285 0.000401099798745353 0.000168025748600351 0.00024224769467002 1.8301617077069 0.297029851500791 4.46658845607172 0.000119322232463023 0.00916208844498804 0.0008204857181392 0.0125954151130333 0.00461170736411151 2.3452468242449 0.00338556461738757 0.00145101617989254 0.00144357771340165 0 0.0101581304852498 0 0.000137338727604955 0 0.0127809203575337 0.0478898145770909 0.00465855654059611 0.00112037229748947 0 0 0 0.000363955879911504 0.00125878808171782 0.00154220703550182 0.00429295881484777 0.00675526604471261 0 0.000212882868239686 0 0 0 0 0 0.00243384528733453 0 0 6.99831844940216e-05 0 0 0 0.00129225727060628 0.000811710361786289 0 0 0 0 0 0 0.00262136408668241 0 0 0 0 0 0.000390561910137352 0.00065097316994717 0.00612439712193292 0 0.00100619951604209 0 0 0.00468338147279995 0.0288272432563965 0.00171241952231167 0 0 0 0 0 0 0 0.00660012128646987 0.000374548169009857 0.00192864187404585 0 0.0539330799132517 0 0.000127147088242253 0.00014759786647528 0.00431125190257543 0 0 3.80719495333484e-05 0
0.000400450692049144 0 0.000491533466107776 0.00069025469366104 0 0.000342422919414379 0.00113065828456331 0 0.00171132534011634 0.0100829100369117 0.0553868565134757 0.00013913001305345 0 0 0.000322558747337777 0.000525636710264639 0.0180860879227453 0.0160622528523574 3.33031746368819 0.16636450454425 2.44331182872946 0.98050539336585 0.0109210978195405 0.000681790164717547 0.00529040654485137 0.000561239057293607 0.0105381670669468 0 0.000118084501222537 0.0149768366332829 0 0.00471241974528738 0.00297049568150645 0.00740390899034936 0.0100748912088912 0.000409073083352069 0.0531561611540832 0.0140900606202908 0 0.000485595983815035 0.0025674705787764 4.05298657536665 0.0209612998822206 0.949486843876947 0.000998742267031262 0.000903118604608788 0.00764522153003559 0.027022381163209 0.00259716208428271 0.176876726010181 7.974550710112 0.000486731837900326 0.000249439440176996 0.000109504156557219 0.00202045264306103 0.0264419738804603 2.8361611553955 0.358488339978262 2.36570807295161 0.526928623288517 0.912548280996455 0 0.00178090837348811 0.00115838647573255 0.152949290955534 0.133335363316253 0.000967862195354045 0.00113403101432354 0.000318920711359185 0.000226725329058732 0.00661231956953724 0.293804167075807 0.0401421849753973 0.00252932000519707 0 0.0102194108470252 0.000712327598597608 0.000258389505275999 0 0.000101688688612898 0 0.000373109649478483 0 0 0.0165055125180011 0 0 0 0 5.83364968708821e-05 0.00155571625313506 0.00185938808958924 0.00827135190589876 0.0235192553876763 0.0116836196144401 0.00406160848332844 0.00143273359914394 0 0.00585895341834298 0.00044748612677201 0.00488866443901023 0 0.000192043849197371 0.0129478663033549 0 0.00410163687834805 0.000556724824407676 0.00109736818713863 0.00053831894545342 0.000692999944253973 0.00241249476298448 0.00276905765857043 0 0.000461227082919624 0.00171746004998159 0.0355172689308202 0.000985370025928582 0.0302405273647904 0.000744721131254534 0.00150275513335159 0 0.00229186519514091 0.000153531876618308 0.00352602096712559 0.00849024097465568 0 0 0.00045031552508985 0.00192605677200153 0.0130896797059868 0.0122451394563041 0.0212837809817595 0.00350736307133397 0.00884003507246067 0.0116800022274069 0 0 0 0.0635355752021164 0.0353697425086539 0.00284109447970012 0.000312792557925455 0.000612441562845182 0 0.00825037136999402 0.00630109096699072 0.0072032880832714 0.00144606615571492
0.000533497380980619 0.000491533466107776 0 0.0266846306444655 0.000466471281397249 0.0341088262152761 0.166254931306517 1.50579859909408 0.0219723313094689 0.00110600765412392 0.000333452940505151 0.00552792289216682 0 0.000866584231550024 0.00536836453657099 1.50173004928939 0.0148852727108295 0.0042064261373331 0.000849853108746898 0.000392658434563701 0.000214435708687066 0 0.0261638064524982 0.000510660827331348 0.0067776107405049 0.0301726938414032 0.446126043585287 1.39028298403967 1.94360719648482 0.36523258965027 0 0.011042414926031 0.00396093360638411 0.00220434301893074 0.000552255575954072 0.00618580881256853 0.000575464124817329 0.000762600127514454 0.000229231793911964 0.00359100463147072 0.0481537200004891 0.000101748306888229 0.000685124835491505 0.000376089203249011 3.81972528066983 3.28653133222728 0 0.0335609882828684 0.0503507578783279 0.00114425444792869 0 0.00561612574958302 0.00230789289590132 0.0271475925815846 0.00925412143816278 0.0616578766531688 0.00165664442182085 0.0014707225732964 0.000718932327146036 0.000609519437873407 0 0 0.00179748576476924 0.00261967238829738 0.00133832506539006 0.246861202085058 1.40794988022926 0.0118181095221301 0.070157572732296 0.00344806824551715 0.0302800042761957 0.00313127117214898 0.00903574685226117 0.00489718560466623 0.00049151297644924 0.000335254320507211 0.242821845993481 0.00319001451666985 9.97536050945762e-05 0.0019034058872633 0.00952286779587902 0.217405369656986 0.00554790841659573 0.000376545201386545 0 0.00373501045484217 0.000147855466211533 0 0.0067984524654311 0.0672615082566536 0.00714651994343513 0.0016369869905096 0.000191883004447477 0 0 0 0.00473260328296739 0 0.00108683050056983 0.00650951898744617 0.0413126672537949 0.0258432592726624 0.170161809031215 0.0550863114179834 0 0.00120340585490302 0.00263260412904765 0.00113937801918592 0 0.00315688885650503 0 0.000534268062073769 0 0.00105006253288822 0.0131890236332233 0 0.000211084540775779 0.000365011589832315 0.0928539201752903 0.27661032709679 0.0011166798090199 0.00412006078650401 0.0125273267571459 0.000335793020836948 0 0.00441742567356009 0.00183837944224763 0.0229746659538835 0.000998272532042044 0.00977293749995586 0.000117846780134781 0.000982528481057746 0.000439106445676456 0.000142170715111205 0 0.000245959155021357 0.000756090825293158 0 0.00676930504828715 0.137515543920795 0.0580240957532719 0.00900849757208878 0.0863040332063495 0 0.0436103544544281 0.000303346498323448 0.00186683313386376 0.000394890082381838
0.000400029745520119 0.00069025469366104 0.0266846306444655 0 0.000251635726134715 0.00142564229327094 0.00206403690636358 0.00507845931156263 0 0 0 0.988432049196817 0 0.00270446116584946 0.0182832862284644 0.0554715298460135 0.12520232052103 0.0684190145370647 0.00133100203481978 0.00113477862983099 0.000352398408355103 0.000186236697327953 0.00762706990297328 0.000195852367901539 0.0219348440987016 1.66863488731561 0.0160948964381763 1.31499327961228 1.34957448685982 0.00456015372481002 0.00052827034848163 0.00245191707439508 0.0362327336301636 0.00413933866330023 0.000571331382971602 0.0551153438108936 0.00617831831519684 0.0142969362210299 0.000671715550430337 0.0281763702367881 0.566473161225903 0.000241566788186254 0.000967585927322864 0 2.74089055458147 0.00344781637597997 0.00279208847593181 0.0684704883317717 3.66359246524406 0.000616503048563987 0 0.0351921451627464 0.00212197727795869 0.0270683680490408 0.0733068159898727 0.0768837842118165 0.00135594632637112 0.000999384552574784 0.00377536863787327 0.00238728845801117 0.000426818272022157 0.00120118036494423 0.00100243352817491 0.000525726285874894 0.000332991577700616 0.0027834531752179 1.03281032467168 1.33133295356075 0.0959039605302531 0 0.0019889440113875 0.0234668175528187 0.0471518842525904 0.0119928218700763 0 0 0.00383510731686706 0.000110792419472195 0 0.00016451550882853 0.000883853042368824 0.00668642337272715 0 0 0 0.000549967147907721 0 0 0.000671951596658174 0.00506354306739998 0.000442394556132259 0.000246936134539237 0 0.000102352533018718 0 0 0.000529374500247076 0 0 0.000302966163417866 0.00149647857747903 0.000568570020448594 0.00402090205436357 0.00178789717138142 0 0.000392962542200836 0 0 0 0.000213785752509816 0 7.4999917725172e-05 0 0 0.000161896848152026 0 0 0 0.00196786255584101 0.00295759967344943 0.000205398551643407 0.000139648152129352 0.000833383678571081 0 0 0.000548103062266714 0.000757423002611215 0.00332604350085946 0.000335188111157961 0.00125093147588129 0 0 0 0 0 0 0 0 0.000203000692039219 0.00589966428352853 0.0018549118270603 0.00114007782675012 0.00255880703507496 0 9.94299762780006e-05 0.000316098891999629 0.000402731743194187 0.000197213669954699
2.53915160387647 0 0.000466471281397249 0.000251635726134715 0 0.408148267947404 0.0314508062833017 0.00896332916056878 0.00348308942152142 0.00199499176038954 0 0.00207001837527448 0.022736393544041 0.0282502024199729 0.254296104627272 1.28711984009489 0.00513666624592699 0.02009676587281 0 0 0 0.000139786191094587 0 0.0701944050633993 0 0.000153286361313587 0.000265218374710164 0.000139212321608555 0.000863977985579667 0.000560138424932297 0.0465346114181291 0.00433621390182427 0 0.000279236318468387 0.000191309945886051 0.000378918940564136 0.000264259177301931 0.000178879664442364 0.0680371356369104 0.0133100379572532 0.000554913174929865 0 0.000608116025819703 0 0.00182203389728874 0.00477911626760681 0.0365106158459915 0.00211809990065814 0.0657073260911203 0 0 0.113870246667191 1.04855913016632 0.0349228412265568 0.000316675054174577 0.000292682431434385 0.000211330009160099 0 0 0 0 0.0650385976501016 0.0296020742717575 0.307155690854565 0.000788734592352829 0.00915697627828439 0.000948104540026345 0.00228668284855563 0.00160528981033463 1.10979621747661 0.00543292365549003 0.000637305666266184 0.000504883975913659 0 0.0124606286815943 0 0 0 0.0167045233802278 0.0524459451145922 0.00367135287980395 0.000852593309444649 0 0 0 0 0.00107117284276672 0.00106448084584087 0.00426198453610162 0.00616589161254942 0 0 0 0 0 0 0 0.00197810327345331 0 0 0 0 0 0 0.000689093799438323 0.00107995485128877 0 0 0 0 0 0 0.00240552977774636 0 0 0 0 0 0 0 0.00434562690190305 0 0.000245249737983655 0 0 0.0047537860949511 0.0264883560448131 0.00111351604437122 0 8.28931906935552e-05 0 0 0 0 0 0.00382041454961986 0.000299967567611685 0.00298561682161749 0 0.0501070287663077 0 0 0 0.00350773160459331 0.000436516617114762 0 0 0
0.336781536957696 0.000342422919414379 0.0341088262152761 0.00142564229327094 0.408148267947404 0 3.60743737393657 0.504925043791795 0.110705176516596 0.0334499857787986 0 0.0175895315200744 0.0143792885099469 0.0506747140358226 0.179645402573941 1.90461326410899 0.00937548753539698 0.0540834296542703 0.000829205400799046 0.000224320293877277 0 0 0.00252838509558122 0.0756071406971529 0.00142473375402118 0.000942667252793274 0.00925386032581741 0.00319526187813178 0.00702082651646569 0.0582337512309343 0.645937492948351 0.484917017191601 0.000486255916737665 6.80797802651892e-05 0.000217913402900755 0.000350660060840146 0.000439462981645924 0.000506268067186895 0.0362403629015306 0.0541346780433913 0 0.000101777286284577 0.000551322545877701 0.00560106702192636 0.0053213957825076 0.209066414746573 0.0506905070253968 0.00257717895600581 0.214406221051498 0.000130806781501742 0 0.163711545693295 0.386519321826382 0.188352400743752 0.0015592923558833 0.00803870562029296 0 0.000130091238089089 0.000519696532224617 0.000449159952014895 0 0.0439863307528417 1.34630838687391 0.162425096999852 0.0127587633679187 1.69448904635245 0.00560602719267213 0.0124238638553695 0.00526680305572096 3.95338299690699 0.163066072373324 0.000935964060621916 0.00206983106569239 0.000911237846073058 0.12299734925471 0 0.00156301612518953 0 0.133506778131775 1.45965147638457 0.112276446396185 0.0115145809236196 0.00272869808752806 0.000301990844607494 0 0.00129984662382489 0.01165872580309 0.0145724350924457 0.0777464252594692 0.118885289225087 0.000202591469740214 0.00370272792106108 0 0 0 0 0.000339910584122791 0.0252986123326815 3.85390337985392e-05 0.000170073359020391 0.000330035945112523 0.000674628064939882 0.00214988244896222 0.00115114317007055 0.0127379670652792 0.15572252819989 0.000110427049068457 7.56901636166105e-05 0 0.00010897765786724 0 0 0.0246931883578915 0.00132626834519274 0.000267526312894825 0 0 0.000180685605856398 0.000423861527659327 0.00523628050949405 0.0401201605940018 0.00051921268683399 0.0168533092795425 0 0 0.0714250949029087 0.269108380871444 0.0414273541774303 0 0.000745081516313806 0 0 0 0.000118943024654646 0.000147895250405518 0.0414976220062982 0.0127810117591708 0.0331351058993111 0.00019940426389554 2.52880492105818 0.000724878976898239 0.00122724369785696 0.001622352466386 0.0461897414429943 0.00338558206879748 9.4874245350169e-05 0.000170215225859338 0
0.0262915137497402 0.00113065828456331 0.166254931306517 0.00206403690636358 0.0314508062833017 3.60743737393657 0 4.82414777075865 0.185216404999267 0.0562622165318842 0.000689129325378421 0.0199673828718231 0.000820672548895209 0.0160589131482631 0.0389893919260267 1.52329236492468 0.00996731010294538 0.0165325089502122 0 0.000276620295469458 0 0 0.00359479995777506 0.00250550276397739 0.00374033511948905 0.001125463795898 0.0289232401697722 0.00692163250246926 0.0318739529005712 0.100760571664183 0.0175203497747105 0.022046746301531 0 0.000196254262472776 0.000392006657969502 0.00033493749792024 0.000994307021083399 0.000470625433016362 0.00574731241151602 0.056247800225337 0.00215819824665157 0 9.49451567418521e-05 0.00769433628761763 0.0140894924516711 0.704532827856284 0.00673117709518389 0.00248556900768297 0.0893909787270826 0 0 0.0824120098178501 0.0466439508776679 0.138102629927014 0.00109077937341071 0.0148190375432733 0.00104597304154905 0.00114208579362936 0.00211667499871513 0.000890179737830829 0 0.00937544188717007 0.0824171438125487 0.00739822207631793 0.0232254469561365 0.720570474970573 0.0133815651003574 0.0314255026628192 0.0294617315481583 0.162901111317616 0.31914753498485 0.00249331815082863 0.00257397804633169 0.0010646957880307 0.00535943587694513 0 0.0136200796823506 0.00129851107713283 0.0131365457046345 0.177011727767308 0.897622696195638 0.130099226165953 0.0115245790743971 0.00488191846979603 0.000209759631225867 0.0208002035295854 0.00600672878492015 0.01049245084909 0.0944903683029745 0.207669368557834 0.00414604839902949 0.00690160467615355 0 0 0.0001122397782018 0 0 0.00157018217232356 0.000100940089132247 8.1127534585793e-05 0.00270217526278929 0.00289812314250259 0.0141255881035501 0.00273928549508178 0.000438827127896516 0.00782324530375858 0 0 0.00020718678882346 0 0.000153590934657046 0.000339829931473402 0.00747240058358246 0.0266755966078506 0.00164877735370239 0.000417365075038555 0 0 0.00399938803706028 0.0313919888637842 0.00748231472778215 0.001327297016402 0.0327859862556157 0.000208633758348486 0 0.0744348622303713 0.0822057819180564 0.248290315133339 0.000644570650040165 0.00176682889434518 0.00106072754094317 0 0 0.000416237170801657 0.000322023361822521 0.0105088547276623 0.00148598984239247 0.00179119811397568 0.000400446337516656 3.00694325729956 0.00231598097624509 0.0318589808420907 0.0187519463206391 0.000844214794262235 0.0154596968403404 0.00132604484677229 0.00128012795043304 0.00139372578902217
0.00793292157748562 0 1.50579859909408 0.00507845931156263 0.00896332916056878 0.504925043791795 4.82414777075865 0 2.07288118164414 0.0939037330319194 0 0.00715967105732015 0 0.00125662390164848 0.00766481389312355 1.52731084113349 0.00610409797330309 0.00506187658748037 0.000372486894327918 0.000358777647943136 0 0.000259100289770157 0.0131034122052995 0.0018814928712595 0.00737793705457413 0.00801550153757181 0.167778135995383 0.016958019906199 0.0905041852120935 0.427225989320633 0.00752808102035146 0.0140288057231935 0.000357109226298034 0.00083203812197146 0.00045125013781664 0.00550375501298245 8.46098880087371e-05 0.00080465161271432 0.000236411821228081 0.00560386040839505 0.0066765556170362 0.000306134721045259 0 0.0119810080524155 0.0728482288834192 4.69851282047589 0.00157714755162911 0.00905153579677605 0.0263990546929161 0.00100005149262759 0 0.00956529445437214 0.00893751875762369 0.0239189933195079 0.00745614617090525 0.0559815469287083 0.00124883113555828 0.00369048451251255 0.00112819099783405 0.0012454925817226 0.000225664989236828 0.000693548963554974 0.0347475433816021 0.00151696900416973 0.0372957873057231 1.75072459589618 0.0686800738093045 0.0143820946559158 0.0403050661974099 0.0516973989555763 0.979052489549285 0.00322053840756754 0.00381876459726331 0.00233550350303726 0.000793094804648675 0 0.173489341191922 0.00353644232811352 0.00117152837068704 0.0231702533677355 0.114512040770964 0.459844192435112 0.00570443347099865 0.00197584916470754 0.000106708471879907 0.0085515557658812 0.000306670323232002 0.00220584226227402 0.0205090125243442 0.228391674850421 0.00662037918365321 0.00535221188315649 0.000118570817891019 0.000480328294764364 0.000206379711627082 0 0.00333312013843431 0.000334072294159115 0.00177105468988934 0.00221630155343248 0.0207391162120011 0.0101429721463702 0.227352427049867 0.0270419578437829 0.000364794604781097 0.00320193340898981 0.000392850598394268 0.00023090830033404 0.000859241421409009 0.000493177207096631 0.000121828153206863 0.000468687245680204 0.0014490038657324 0.00435283759017098 0.00386480978249448 0.000378544572445159 0.000134400212994351 0 0.0646441662219085 0.162352322687338 0.00235989219924267 0.0035195263985315 0.0241147191191179 0.000419808279002414 0.000133849839949896 0.0109054185737272 0.0093528693638354 0.122535438744955 0 0.00481054606300479 0 0.000462841768134006 0.000803593420862395 0 0 0.000741503316137551 0.00173034624732429 0.000181328566654635 0.00269590077243841 0.834962355634046 0.0228669925639759 0.0392761763357022 0.170212839882063 0 0.0175531158936225 0.000652713140355555 0.00178785779243682 0
0.00207538656273876 0.00171132534011634 0.0219723313094689 0 0.00348308942152142 0.110705176516596 0.185216404999267 2.07288118164414 0 1.95777563445231 0.000577458461952021 0.000421984865725387 0 0.000345708970364185 0.00120342358575076 0.00560512705838687 0.00087921445260454 0.000375204669458215 0.000952496607474339 0.00145688413620447 0.00167570010190846 0.00160986997591474 0.0207653714407926 0.000819090626596498 0.00998087038919671 0.00191038534550342 0.0636053020833073 0.00142235350082255 0.000668366493401549 1.01943783394065 0.00343965435697837 0.00184442601552794 0.00040221910984993 0.000104236015967152 0.00121685510980699 0.0057082846223801 0.00212223275142254 0.0016923945953285 0 0 0.00969852852508474 0.000570122921797964 0.000869275985936925 0.168794538770004 0.00235210663276281 2.52550024215037 0.000722532697676616 0.0064615561651095 0.000883080409610815 0.00188992569633676 0 0.00277941196480929 0.00261054099890345 0.00185595631010213 0.0152168695123308 0.051758928567897 0.00198660102343307 0.00928360555806054 0.00130032539895246 0.00239088318449273 0.00625977663774489 0.000679979473428211 0.0124237175366185 0.000580466668347424 0.462303730403836 5.62132815459456 0.0101827558906825 0.00272419934116507 0.000187880331435061 0.0226012590281288 7.60334106546529 0.00968320202464515 0.0116243168343199 0.00117214346886035 0.000321047444035126 0 0.0150973419269542 0 0 0.00443378446521523 0.00190255632177109 0.00434744765273642 0.000582105826900367 0 0 0 0 0 0.00057248757107231 0.00179599364647405 0 0 0.000245811582908402 0.000459882416159016 0 0 0.000230437999202093 8.0134522155011e-05 0.00132353883072614 0.000872513774233599 0.00619015670111094 0.00150076679060892 0.00289900928711866 0.00877892104579163 0 0 0.00133812549651652 0.000559727181773287 0.000231033597611757 0.000572174033698185 0 8.32481929745853e-05 0.000356161227903037 0 0.00367812635482524 0 0.000125239386901052 0.00162043435859957 0.00403659702424002 0.0219603831113625 0 0.00561293316978194 0.000426407702764347 0.000264610734431646 0 0.000684602379663897 0.000646455033957117 0.00244985959448496 0.00125479875713762 0.00372664983262236 0.00054683705173935 0.00146794601748551 0 0.00147042966942916 0.000201668618075186 0 0 0.000793366561555875 0.00267673698310373 0.0918522807479502 0.00691047187119882 0.00045957498692531 0.00157701683453139 0 0.00776581512794243 0.000295464796673073 0.00197188783810498 0.000508888815173095
0.000694030122346929 0.0100829100369117 0.00110600765412392 0 0.00199499176038954 0.0334499857787986 0.0562622165318842 0.0939037330319194 1.95777563445231 0 0.0924381108954409 0 0 0 0.000252915310119018 0.000776846214421621 0 0 0.012712326357443 0.0845739983755193 0.0108905802517521 0.0485735916989475 0.435023579364381 0.000248048625830295 0.00732181163367698 0.00019261406873735 0.0309234883985865 0.000573605566374171 0.000422181811389935 1.44970337490305 0.000230923359552005 0.00180102192608904 0.00363708169471851 0.000249652198682773 0.00061826240802574 0.000244358908847775 0.00126323382385355 0.000954407944389246 0.00116168341513448 0.000756998930334984 0 0.027961909189936 0.0013235043374631 2.33526438287194 0 0.034337124857768 0.0027868126227748 0.00664028523804578 0.000240156569486482 0.00646039352480306 0.0161220362729187 0.000378370735372668 0.000983874599660206 0.000556777094609549 0.00265050095563803 0.0423861548316156 0.0322982190930263 0.060828675947242 0.00803126293127181 0.0136145322351822 0.238195226448842 0 0.0059697316821453 0.000490029293979087 2.61871840479784 4.95016224039924 0.000659419931155932 0 0 0.007758687746604 1.15224745566167 0.0114246097867678 0.00694440496323859 0.000793538058698601 0 0.000704179403555952 0.00777616306272451 0.000471388954595246 0 0.000727742734964829 0.00148590014097407 0.000537276908607887 0.00297529385134367 0 0.00205895254790973 0 0 0 0 0.000560688494046909 0 0.000855901774402673 0.00148605121622732 0.00194203556593182 0 0.00763050856232672 0.000206981144651664 6.82519542715733e-05 0.00315513744063945 0.000840516544037983 0.0105410765295277 0.0013897350594692 0.00103695157191222 0.0139055764410498 0 0 0 0.00162256195472879 0.000390189149674706 0.00314661603206387 0.000304620199716929 0.00116393944070924 0 0 0.00336073592242347 0.00226654248425663 0 0.00170359851955086 0.00335186560350265 0.0252456880323367 0 0.00541665633219228 0.00136887502856176 0.000918736847358506 0 0 0.000212849213207557 0.0014210182222496 0.000564992042794851 0.00597109553691799 0.000845772882122731 0.00124120586128562 0 0.00162123596467437 0.000364030915927654 0 0.000659849810795612 0 0.00567676623742685 0.0803902970619251 0.0077587491251657 0.00144687251418647 0.00240733699106064 0 0.010624235595378 0.00266429125510614 0.00228569314033788 0.000675448594963574
0 0.0553868565134757 0.000333452940505151 0 0 0 0.000689129325378421 0 0.000577458461952021 0.0924381108954409 0 0 0 0 0.000227320828693544 0.000155722069236718 0.00372431357686445 0.00348843194727263 0.130938917725477 9.65378304990868 0.0212112946983055 1.84047837356883 0.0299753051353063 0 0.00606031998945726 0.000406231666500695 0.0268398776755829 0 0.000364257834633891 0.00591396171826905 0 0.00296495884140132 0.00177950206335117 0.00160169652954665 0.000500980753940308 0.00187065614763726 0.00600801654997993 0.00454680642818662 0 0 0.000867847922799529 0.800197835245167 0.00382669786496319 15.8820390444553 0.000307360682906359 0.000281910107690252 0.00182753847815331 0.00964383674732287 0.000450277359628543 0.0177727246592981 0.0767208017150685 0 0 0.00010837189142268 0.000288273579052726 0.0355539093316568 0.136974712791007 0.973816096422056 0.069340002474317 0.025986887208682 0.163247939063004 0 0.000785730061463281 0.000257647365804887 6.60552172933096 0.617873194171056 0.00116902285732537 0.000664831285878936 0 0 0.00331516757051557 0.0346648762548624 0.0246977069457329 0.00112011053055633 0 0.0136512206103161 0 0 0 0 0 0.000862856430130076 0.00124555950564939 0 0.334840975017015 0 0 0 6.344883819301e-05 0 0 0.000675868547970887 0.0119497519075685 0.040618503586581 0.00972433188627961 0.00986487283669627 0.00163789417303979 0.000247728366238386 0.00460782251273822 0.000228013593541673 0.00394428638529106 0.000224623309353446 0.000361995835097809 0.0112968325673313 0 0.00157316213301646 0.000176493994882041 0.000910807120338886 0.000198655913401416 0.000298049984106489 0.00213245951135041 0.0016512018572954 0 0 0.000106820253532001 0.0481158883548604 0.000386249034115688 0.111426423088804 0.00023602467191866 0.000255997843080042 0 0.0028460560250583 0 0.00470757662676382 0.0071439667808723 0 0 0 0 0.00917631484831538 0.0134589938645353 0.0192205760561373 0.00628536209601501 0.00753763823372356 0.0135193222541113 0 0 0 0.1481395023895 0.0596680843479723 0.000396728341844482 0 0.000773848750291965 0 0.00509972993625037 0.00428414283699219 0.00473793782520394 0.000239871019047395
0.00814976459450434 0.00013913001305345 0.00552792289216682 0.988432049196817 0.00207001837527448 0.0175895315200744 0.0199673828718231 0.00715967105732015 0.000421984865725387 0 0 0 0.00694230509779808 1.19879898235569 0.122599735298196 0.103435268692451 0.0352937850300798 0.163141239481834 0.000435523400656924 0.000444510753641585 0.000374979501495147 0.000232622156596233 0.00270731863593612 0.00362852751857594 0.0104084545144436 0.0314983967034457 0.00620461985430043 0.0213022653497692 0.371998071363657 0.00303024792162364 0 0.00333695264144143 0.0368777527727014 0.00345759250551165 0.00164995441534344 0.0310073836162228 0.00238260451402439 0.00796451243698884 0.0161492847191154 6.81124017596226 0.0862276467406144 0 0.00102220208587153 0 0.0781779670728581 0.00485602051048459 0.0269064955830531 0.0262306282820033 3.69185224298469 0.00162223204172147 0 2.50295824672241 0.0428970995638015 0.239751083853012 0.0314958751740513 0.0291408690298675 0.000296237051970134 0.000886474877276906 0.00287827594466956 0.00172823123561697 0.000213898707753742 0.00961050034038528 0.00516428863398895 0.00834775010525807 0.0012162281680869 0.00239863533883189 0.0477693218428076 3.83219127169865 0.0905106673134591 0.00133931364681863 0.000386411742147857 0.0215506626545706 0.0404255296841393 0.0114957254645745 0 0 0.00112653613255304 0 0.000169782953238039 0.00877584470671012 0.0144901063865676 0.00275854545364972 0.00050819154711592 0 0 0.000540306143395557 0 0.000700372352921676 0.00464148836780656 0.00884472440407354 0 0.00021605198154212 0 0 0 0 0 0 0.000127981052112227 0.000176958396545801 0.000676204108664486 0 0.00118933170258675 0.000670932704231554 0 0.00114083641726205 0 0 0 0 0 0.000198922365902115 0 0.000374124416909656 0.000384296213088026 0 0 0.000205055718475344 0.00131147182308892 0.002765525648788 0.000371317397398346 0 0.00088725702912385 0 0 0.00655142509764894 0.00552927252402835 0.0114522439431483 0 0.000843295204868734 0 0 0 0 0 0.000199184285600285 0 0.000117626858257472 0.000168209990902687 0.0173838943678766 0.00143931153246161 0.000230957542619599 0.00105249974605498 0 0.000864504714465617 0 0.000308023687450323 0.000408038417355067
0.0788783317599994 0 0 0 0.022736393544041 0.0143792885099469 0.000820672548895209 0 0 0 0 0.00694230509779808 0 1.15286041237415 0.0127279297806367 0.0060204949210398 0.0082812721366663 0.0445670021365527 0.000122393221470108 0 0 0 0.000216934043681423 1.92738250177159 9.98632282751925e-05 0.00029843830486262 0.000340644366837431 0 0.000441112786615161 0.000390100209552672 0.00422336202674886 0 0 0.000444654038613025 0.000358023510549957 0.000709048021956765 0.000439615683245061 0.000964106659509745 6.09454481986487 0.0409162222556685 0 0 0.000260847499135419 0 0.00229661369851995 0 1.94996448190243 0.00393810181166892 0.41223350025139 0 0 0.324036334658326 0.0676623638013055 0.0106847963292068 0 0.000948885631571496 0 0.000217303896453431 0.000424511291157191 0 0 5.25971907233837 0.0123513923282017 2.48366277154121 0 0 0.000501670887320449 0.00752286201922745 0.0011298500230989 0.010164331655176 0 0.00104345714346823 0.000261245746095869 0 0.00164515484154354 0 0 0 0.000300597391112038 0.000665773584336143 0.00105627479667567 0 0 0 0 0 0 0 0 8.35994842315708e-05 0 0 0 0 0 0 0 0.000112036737868615 0 0 0 0 0 0 0 0 0 0 0 0 0 0 0 0 0 0 0 0 0 0 0 0 0 0 0 0 0.000485558288114783 0.000257620823883878 0 0 0 0 0 0 0 0 0 0 0 0.00178403332644327 0 0.000672508222193018 0 0 0 0 0 0
0.112063214068488 0 0.000866584231550024 0.00270446116584946 0.0282502024199729 0.0506747140358226 0.0160589131482631 0.00125662390164848 0.000345708970364185 0 0 1.19879898235569 1.15286041237415 0 0.106791759757825 0.0484742545597507 0.00833406477407495 0.0461574318224199 8.29297944312073e-05 0 0 0.000116203849722558 0.000432743042170892 0.135237237275213 0.00216493913991934 0.00420049778236768 0.000746137398527594 0.00352400384993086 0.013680590575095 0.000544555555072738 0.00123652225011077 0.00245233953291882 0.000277310862020763 0.000989518838137138 0.00174495328968984 0.00388845938830341 0.00193478573692222 0.00169869094642673 2.70460949228713 7.12291959100872 0.00925645672848291 0.000354241675084362 0.000127405083449729 0 0.00854965593588043 0.00150772309996643 0.0302331527677976 0.00857710048901382 1.03537626088878 0.000550565749188957 0 7.32553944344505 0.321575018035445 0.115717996479222 0.0049175417668454 0.00436604857423899 0 0.000167467763061511 0.000735049499090708 0.000953653619003726 0.00019442949348515 3.07910048265874 0.00571720824593383 0.285571217988857 0 0.000195085316171958 0.00751623054724723 0.185210694400899 0.0127099254577973 0.0032112606904771 0.000520245587720018 0.00668955863956663 0.00609455303982487 0 0.00019245625697371 0 0.000203590902690819 0 0.00106077608663373 0.0085998581299525 0.00788761055299415 0.000631285171086952 0.000507783463820294 0.000440740990230969 0 0.000139456699293518 0 0.000629898577047455 0.00341798284633628 0.00341870127054114 0 0.000611856306436225 0 0 0 0 0 7.135940194821e-05 0 0 8.68221046161459e-05 0 0 7.77315351757624e-05 0 0 0 0 0 0 0 0 0.00101269480360723 0 0 0 0 0 0 0.000242348846224427 0.000437986670007141 0 0.000868619050719339 0 0 0.0034467942370135 0.00309672134179351 0.00435184471175264 0 0.000137356320959126 0 0.000189015290319408 0 0 0 0.000914238400961449 0 0.00031197650061182 0 0.0146459448914834 0.000147563238992697 0 0.00054866437229311 0 0.000123554263130025 0 0 0
0.890572749101421 0.000322558747337777 0.00536836453657099 0.0182832862284644 0.254296104627272 0.179645402573941 0.0389893919260267 0.00766481389312355 0.00120342358575076 0.000252915310119018 0.000227320828693544 0.122599735298196 0.0127279297806367 0.106791759757825 0 0.898395420218346 0.0199226999055432 0.0570782198357722 0.00240214921751094 0.000579341076754784 0.000244808676580343 0.000307168219563496 0.00273846167868744 0.0620039381337679 0.0301189804588142 0.0199264867073272 0.0120959212302093 0.0555270414094719 0.269560001797888 0.00310875813014044 0.00206183820676233 0.00863229752750458 0.001521808301582 0.00141958555169432 0.000806326016079102 0.00643509804458656 0.00532315231723005 0.0107692366989937 0.0307386156622619 0.111173635036608 0.0124764361362045 0.000271680298268905 0.00122615637181321 7.65203415095473e-05 0.164054799005485 0.00190233739988002 0.0188281327120023 0.0149288200059409 0.35612619986535 0.00103836370904413 0 4.06663386739552 3.99746484893247 3.98202372498744 0.0258922213560366 0.0747212309139048 0.000786764007944195 0.0016896513320006 0.0051210045220183 0.00173143915370732 5.63785950975096e-05 0.150095369364524 0.00365275981090411 0.0548822768019251 0.0010573081053461 0.00236399067379699 0.0782453700116989 1.09339257678092 1.29447188839666 0.022209721914849 0.00207954576585546 0.0169976059978918 0.0340173149679322 0.00143731941485795 0.00327790698960488 0 0.00239080899813661 0.000208221024154299 0.00534865309808305 0.0403447154511963 0.0859906374986303 0.0174438461355151 0.00083362898450662 0.00058322118017566 0 0.00277174660315173 0.000564610211039424 0.00304436040996295 0.0290176056971399 0.0585474405766582 0.000216596711777693 0.00110316550251455 0.000133037624155739 0.000174958559168568 0.000135969319227713 9.12899781926723e-05 0.000827147538226675 0.000948502078976833 0.000493819880507979 0.000130998591371258 0.00113642981445332 0.000129491370611199 0.00268869678157756 0.0014179329749709 0.000312092135490724 0.000472022650307904 0 0.000266758492114281 0.000158448347542917 0.000351509021212747 0.000188871258528609 0.000255444448115401 0.00141087321934294 0.00154305267421838 0.00055553193786255 0 0 8.1018322530687e-05 0.00193349045870289 0.00241561659395924 0.00124562264543847 0 0.0063641739325518 0 0 0.0159269898036932 0.0192847143565916 0.0402246836275941 0.000126085749036623 0.000672750159281156 0 0.000160687722142107 0.000149824356068418 4.95641036216687e-05 0 0.00274489937087524 0.000765007606776939 0.00121806612537262 3.98862450976538e-05 0.0596280354433957 0.00132281475395193 0.00608342583970056 0.00285080662035139 0.000494239893278483 0.00159228080727087 0.000428874744692965 0.000943162303243674 0
0.752599662011815 0.000525636710264639 1.50173004928939 0.0554715298460135 1.28711984009489 1.90461326410899 1.52329236492468 1.52731084113349 0.00560512705838687 0.000776846214421621 0.000155722069236718 0.103435268692451 0.0060204949210398 0.0484742545597507 0.898395420218346 0 0.0267325815723658 0.064234162969598 0.00176857610579414 0.000816188324334173 0.000451180901974429 0.000144597816916247 0.00934836690586865 0.0759586588142498 0.0198930040929329 0.0189245617765986 0.129126504508421 0.0596422790945967 1.15763981487668 0.0837483193773163 0.041925356656205 0.0167668009300899 0.00112485037681011 0.0016814731633671 0.00116957052725453 0.00562983255905328 0.0028516164916067 0.00701529036974933 0.0191595257299704 0.0845563671539683 0.0148990398724144 0.000604804829665505 0.00149647208563605 0.000606135316106196 0.344390667374541 0.240334582641197 0.0221720411599161 0.02734937893325 0.365849681112967 0.00143729072276134 8.31101314253142e-05 0.218866968095615 0.535246072086998 3.09133270480314 0.012449856137208 0.0832945502813591 0.00106548842523001 0.00224963241274867 0.00271596327590034 0.00116146762445296 0.000607090264558784 0.021022293350508 0.03420257357429 0.131594172246632 0.0038590333329218 0.0949595708063804 0.188704155976634 0.2409423604411 0.780780901026795 0.556545312033128 0.0148290378166965 0.0113741830381647 0.0259154837486202 0.00167751518586893 0.00731664549595758 8.09955040712799e-05 0.0496392221071375 0.00303805510402493 0.0132676537349727 0.141255443782921 0.319968878246913 0.307018606962486 0.00295217724782188 0.000801477361675191 0.000283409775469746 0.0134007408562638 0.0013429361559593 0.00576005084565329 0.103926791403916 0.401398288608438 0.00274760977533556 0.00418169689514981 0.000290747102639098 0.000391443132952724 4.19228951398383e-05 0 0.00184431642146556 0.00274954854368173 0.00138300840630711 0.00136414990758505 0.0138379388201222 0.00458606334229357 0.116849452525709 0.0136637813913591 0.000672548293517197 0.00182946279249324 0.000315642867516082 0.000292487419774162 3.55246023854426e-05 0.000410555048594127 0.000620911254984545 0.00102942857383177 0.00509319119089303 0.00606356006141397 0.00238818945026741 0.00019499826338415 9.54623096654501e-05 0.000305938535781806 0.0305522961246649 0.0518117327891044 0.00711766856118547 0.0012152178096301 0.0328313177793529 0.000298021654249692 0 0.0610066024410408 0.0671778316483386 0.178528446101744 0.000323402443521275 0.00365034595824952 0 0.000566495928275145 9.95456197497259e-05 0.000110467755565466 8.56692477783738e-05 0.00785614083182045 0.00165626798838023 0.00271542727803578 0.00189204080118101 0.369276991448351 0.0115721954406211 0.0474879929881973 0.0828974595634527 0.00159761574456388 0.0127740092313721 0.00108493926969483 0.00361855704187204 0.000118694488858656
0.00602623947509078 0.0180860879227453 0.0148852727108295 0.12520232052103 0.00513666624592699 0.00937548753539698 0.00996731010294538 0.00610409797330309 0.00087921445260454 0 0.00372431357686445 0.0352937850300798 0.0082812721366663 0.00833406477407495 0.0199226999055432 0.0267325815723658 0 2.77498619535089 0.0236504470684726 0.00838145325919304 0.005929913559072 0.00707698673404566 0.552162083296429 0.0680152315711503 0.0196552498362271 0.032863584142501 0.0179110522669589 0.0421650924151595 0.0634920538699666 0.0162231709640756 0.00189986100265503 0.032096698947825 0.0795492375540622 0.217198718541042 3.0707464441093 0.0371184327541234 0.0653113070215581 0.0627843675951245 0.0128262746739152 0.0288425383760544 0.426506265356493 0.0161733011948226 0.783011395658584 0.0112803001567898 0.104344006477303 0.00661690263384994 0.386899256222871 2.59226036076008 3.12425626055758 0.127013948671555 0.0188229698820492 0.0426157003900118 0.0191730910983921 0.0386853335037892 0.0323554010135539 0.0407360606666763 0.0268458724898651 0.0205197669112291 0.0361215660899511 0.0229094446456576 0.0308413788119893 0.00679787662883186 0.0618526904875464 0.0581505124098625 0.0182869384232159 0.0108442461275659 0.0895934770617726 0.0566837548250985 0.0484916615566928 0.0133056707603719 0.00591826044281338 0.275264696908015 0.149635336489829 0.0423355750343041 0 0.00107613015552378 0.00206851829206843 0 0 0.00122886495655106 0.00323789400731394 0.00357746926812077 0.000928958018974815 0 0.000518709809059575 0.000762807205866776 0 0 0.00118777261204885 0.00194696411939428 0 0 0.000377877455445375 0.000267392246242962 0.000206864978239583 0 0 0 0.00244924259534037 0 0.00296670204214924 0.00149015665582071 0.000752864470719685 0.00357078364343622 0 0 0 0 0 0.000568372790142255 0.000362883894769008 0.000463955650442771 0.000806314130683529 0 0.000557231039503836 0.000188334834231512 0 0.00123359320931304 0.00207379674575506 0.00481500324101598 0 0.00141140496295615 0.000633890950453376 0.0015504662081812 0 0.000786015629601292 0.000619861806456474 0.00453805619794598 0.00446176769393952 0.00356123350377248 0 0.00205678184227853 0.000779794522955186 0.00136976213062433 0.000899506602539887 0 0 0.000350750985722466 0.00365494864597401 0.01172096062209 0.00416514937367508 0.000727058081903535 0.0030984460058661 0 0.00323520232340426 0.0010243962309156 0.00196222354039022 0
