0 0 0.000634591823886336 0.000957219284914226 2.86269492654132 0.626484112901655 0.0634292854665149 0.00604395773426565 0.00288322394874401 0.00183989725948363 0 0.00696021988889109 0.0618970616910647 0.0250458748896303 0.435745724917518 0.568968353959979 0.00344791950938945 0.0231726844196001 8.54668679966001e-05 0.000116678356764929 0 0.000149846597202484 0.000777478537339917 2.00302457542116 0.000535746817564224 0.000856695030059029 0.000392146993501605 0.00050830182129398 0.00221228053976359 0.00355867510943758 1.09128218900877 0.00619114814762439 0.000173762302897269 0.000130061328883738 0.000142873469601047 0.00104774637765689 0.000253845303474588 0.000539087311255612 0.132303341260386 0.016365472268507 0.00182427350506748 0.000372561232943852 0.000138923543450246 0.000288789106168361 0.00266119790640791 0.00630778499735197 0.135497447036692 0.0040517463597081 0.215507993520313 0.000398866540512403 0 0.652640534450233 2.00109006077583 0.12771211026515 0.000633592484230748 0.000598340582929851 0 0 0.000130833537552291 0.000628200040272763 0 0.913686312151406 0.284418001504827 4.1810085011866 0.00139890836724991 0.153291731561537 0.00103418715956907 0.0118981506400291 0.00266673551120512 1.67472128732521 0.00490968502825869 0.000591773118813544 0.000714820352945508 0.000665347972463164 0.0102607241068529 0 0 0 0.0101834726854073 0.0912984488815818 0.00398314290232392 0.000865670453723765 0 0 0 0 0.0004531853625101 0.000126431696855171 0.00155495083875947 0.00474848466766594 0 0.000484043247689872 0 0 0 0 0 0.00159426228112526 0.000154785608208588 0 0 7.01626930375374e-05 0 7.74835389177695e-05 0.00187424316654501 0.0109041708607272 0 0 0 0 0 0 0.00329268530763126 0.000180924535043057 0 0 0 0 0 0.000231544504935073 0 0 0.00274345821783648 0 0 0.00157328425487731 0.00700922798519854 0.000956201888290393 0 0.000146765252858985 0 0 0 0 0 0.00313156076602864 0.00638477020054821 0.00629677761696211 0.000104416561388505 0.0823129128518732 7.23435328243722e-05 0 0 0.00396149011675065 0.000390776453352728 0 0 0
0 0 0.000189332039129485 0.000167477856518092 0 0 0 0 0 0.00102891914947693 0.00904592836300313 0 0 0.000209236013558783 6.61116842495132e-05 0.000153599362736616 0.00451472052628447 0.00115657050153997 2.01555815473113 0.0606743997477836 0.801418307083811 0.0863717727086364 0.00188571278970088 0 0.00972520651384875 0.000744236067087862 0.00260613479294731 0.000383367958188292 0.000630069950086393 0.00264773637813928 0.000107981254968839 0.000639754371500344 0.000505162251695866 0.000645233626419844 0.00148580227314389 0.00189766489973504 0.00841315370791702 0.0108655031376294 0.000110775252336399 0 0.0021920625915159 1.27267188655655 0.00174297292921242 0.0414659693969519 0.00173924728436253 0 0.00152495395657005 0.00760175438659996 0.000384195148924007 0.0475202545743027 3.65021540860383 0.000533608565457108 0 0 0.00181829146039673 0.0144511737818935 1.15749919216515 0.426801809103383 1.94550375637478 1.10681492556407 0.350403950359863 0 0 0 0.0174306487562204 0.0135651433830017 0.00335274070978268 0.000967394466769958 0.000109435818387442 0.000128795059326428 0.000139793998922813 0.56763705632343 0.0337636025539522 0.00153368188041291 0 0.000506390589635804 0.000465016833433996 0 0 0 0 0 0 0 0.000919863154090654 0 0 0 0 0 0 0 0.000527127487267155 0.000156707573320316 0.00022248978050175 0 0 0 0.000514807686521106 0 0.00106463057088838 0 0 0.000919903161428093 0 0 0 0 0.000321852928474812 0 0 0 0 0 0.000275442237317355 0.000408513681981873 0 0.00126086871193621 9.11677411896961e-05 0.000282307280783012 0 0 0 0.000687341420543461 0 0 0 0 0.00145853865201289 0.00123469085201273 0.000690161288434181 0.000819633823622378 0 0.00066211878440533 0 0 0 0 0.00406063668259206 0.00134796349426558 0 0 0 0 0.00160066756113683 0.000176982437733736 0.000265918018628717 0
0.000634591823886336 0.000189332039129485 0 0.0213020507817712 0 0.00655890842285612 0.0573874311545428 0.915385807896184 0.0245278204591817 0 0.000687662045291299 0.00185550559229257 0.000493937350600979 0.000143752244548552 0.00456032584132926 1.03612942232201 0.0144978852305386 0.00312097759822644 0.0022186582511988 0.00123669305294136 0 0.000239779450928242 0.0109878462197354 0.000120558604044532 0.00969395758532774 0.0361520639133745 0.544510732412034 1.2757597343716 1.4969096881182 0.383002500581441 0.000105252749694191 0.0100224548521449 0.00177562399373029 0.000908413325634677 0.000789734482599317 0.00764587107122377 0.000255455036190047 0.00139302767052921 0.000378676872436132 0.000970927832120598 0.0618516922600343 0.000161299296886391 0.000433624618380801 0.00103811243059266 3.36588212746131 2.03845031666213 0 0.0184426973218418 0.0708875072316125 0.00147642661344761 0 0.00869790443201185 0.00210802592040019 0.0138361658856783 0.00762486079298577 0.0971809511262614 0.00224501424636734 0.00752711837583515 0.00480470541001245 0.0029834635949628 0.00019123852559336 0 0.00177566287894736 0.000461679738800722 0.00901464613950923 0.0315250121002135 1.03491384001944 0.0135450818334823 0.121411632400874 0.00123949099569646 0.0166070175687282 0.00663494434750507 0.0086458859520343 0.00678032601930493 0 0 0.120521420027921 0.00113996264223426 0.000125288587238218 0.00334778077803226 0.0138138224301286 0.274455401905303 0.0139861786196117 0.00136993795021461 0.000120662493851815 0 0 0 0.000570494693289259 0.0390294080897121 0.00076794212857063 0.000346775490955362 0.00061388116088417 0.000521274593200879 0 0 0 0.00033641363959562 0.00119668234783678 0.00286680607856429 0.0101547483404288 0.010265603647865 0.0354559567759726 0.0139782374632581 0 0.000610012256570678 0.00121598215688591 7.29634818098833e-05 0 0.00248064615484863 9.76989527389231e-05 0.000154596329275964 0 0 0.00438169948527346 0 0.000112369673884526 0.000405287877635332 0.0350572525048408 0.141510797587957 0 0.0022024960282916 0.00175154710878211 0 0 0.00106005750304731 0.000418930532938071 0.00230749938123631 0.00506692238803685 0.0108618184158855 0.00037695829926189 0.00095344471358912 0 0.00030411471730451 0 0.000255796375837457 0.000398114994350551 0 0.00787468117771906 0.124888523623485 0.0334605892328157 0.00141828177879432 0.0254466968207829 0 0.0163048714486874 0 0.00281615607376501 0
0.000957219284914226 0.000167477856518092 0.0213020507817712 0 0.000400111727311918 0.0018132889257562 0.0173806110735719 0.0343200063692316 0.00148511423445927 0.000247338261352481 8.89698308512918e-05 1.44708501622938 0 0.00690047849206865 0.00978045437282482 0.0362052751260414 0.0844004330966204 0.0123722528466522 0.000544913534248251 0.00110341970392677 0.000131617910135201 0.000119593862932146 0.001212033249703 0.000790334604550299 0.00689823403673444 0.471627150673578 0.0042549532377112 3.46889141876674 0.560068807500659 0.0020105632388227 0 0.00111692045496705 0.614513023214493 0.124469396009215 0.0116221124895648 0.0135083011504208 0.000671609748899186 0.00283268163699657 0.00053605499355553 0.0154951748728768 0.118752736674694 8.24986383058876e-05 0.000524446653742106 0.000258889905214646 2.5574936196728 0.00985114972852417 0.00199414331816059 0.082775317198704 3.77859735553122 0.00173103322685974 0.000105489919556133 0.111351976457835 0.00168011986836334 0.0357085642589708 0.0153766216568501 0.024404253589544 0.000944958864784906 0.00255471795349308 0.00457303527036388 0.00290908274043298 7.31562172839092e-05 0.00264963319051922 0.000521402787563061 0.00121633952888506 0.00228970398244519 0.0031325612090543 0.313748846183944 1.25153269672672 0.0830183351247123 0.000159602813849791 0.0021850287976766 0.00907422803003888 0.0186956871910697 0.0326575291026848 0 0 0.00197628167950604 0 9.11117191158221e-05 0.00119642884747754 0.00273470308757906 0.0069363615967994 0.000193117754168246 0 0 0 0 0 0.000844501461099459 0.00159926804427106 0 0 0 0 0 0 0 0 0.00026065479728945 0 0.00105407607191845 0.000118143832592349 0.000352916053067174 0.0015342360279088 0 0 0.000297718235935005 0.000359865958646909 0 0 0 0 0 0 0 0 0 0 0.000580374408187073 0.00338513030714553 0 0.000122038551740486 0 0 0.000257568187038426 0.000228561713481144 0.000254336457746937 0.000964580233673754 0.000381354626331223 0.00133929451777466 0 0.000254049338098018 0 0.000343010554197856 0 0 0 0 0.000986629457749291 0.00649525306236733 0.000946987254699258 0.000290737182896119 0.0014106393403283 0 0.00319113315014094 0.000265248519069415 0.000130691119561073 0
2.86269492654132 0 0 0.000400111727311918 0 0.992401213563137 0.0206546328010898 0.00197975480815285 0.000787633897817247 0.000489036999526122 0 0.00169441137758178 0.0173142059974197 0.0112409447784258 0.542182639142555 1.25493446697769 0.00044088087526082 0.00536860953558332 0 0.000124600179488002 0 0 0 0.0536657322342145 0 0.000183648625171154 0 0.000362830459436218 9.93002136719934e-05 0.000561236020632096 0.141151654035881 0.000447590242321362 0 0 0 0.000271892366294935 0 0 0.0423082649547452 0.00327005780988165 0.000709780386004508 0 0 0.000391839959592793 0.000217400839003156 0.00311397196019276 0.021388499538876 0.00134876116563014 0.114383195808796 0.000286041957057712 0 0.0683519793042223 1.05940881108074 0.0525810263878321 0 0.000397908665841318 0 0.000245259823658382 0 0.000196482403726748 0 0.0752715534516923 0.0413911718999083 0.130162683386966 0.000643277337522489 0.0468091602779805 0.000233197295471505 0.00190086760513029 0.000125550935228383 1.05991456030252 0.00293658923955367 0.000285557300643158 0 0 0.00185784328641336 0 0 0 0.0031031925919618 0.021060878398302 0.000508316780241571 0.000101334493462337 0 0 0 0 0.000229539144589553 0 0.000462529769689679 0.00109952110183192 0 0.000173130173072855 0 0 0 0 0 0.000513065453174839 0 0 0 0 5.02521867317175e-05 0 0 0.00131938910473798 0 0 0 0 0 0 0.00113347573944676 0 0 0 0 0 0 0.000112825146370639 0.000252108666504939 0 0.000238269421334043 0 0 0.000128608850568918 0.00234973818631909 0.000321974720788095 0 7.80237281418784e-05 0 0 0 0 0 0.00189113494270751 0.000799348385205789 0.00107932663821288 0 0.0299660846709975 0 0 0 0.00224321148079142 0 0 0 0
0.626484112901655 0 0.00655890842285612 0.0018132889257562 0.992401213563137 0 3.25163569619878 0.175443157542369 0.0363197837304451 0.0342249950901896 0 0.0198991518555658 0.0364786935390794 0.0423208780778618 0.221934897455754 1.24318996133222 0.00664544310140278 0.0301601907270106 0.000326780139159466 0.000333853924680068 0 0.000126875429160718 0.000280764550745584 0.122535928231743 0.00101415368189635 0.00211625328123044 0.0067708580387727 0.0023873956087342 0.00345471475617145 0.0476931488495888 0.239731941577926 0.501179571476789 0.000225808482330225 0.000125696546852584 0.00023183652460193 0.0019496855614235 0.000357424008013791 0.000587202656160918 0.0573307916615207 0.0394172341605949 0.00458322280977717 0.000144092755505575 0.000566150175632868 0.0102266256630829 0.00577967618948437 0.147286495684508 0.0847313237238373 0.00579234987977391 0.758918701793158 0.000212014774703935 0 0.345528430601516 0.437362390230242 0.237752594408068 0.000750377429006299 0.00540999977234688 6.47648121842011e-05 0.00058154204748396 0.000102940479086672 0.00033864857237679 0.000106121202360762 0.0999699630363805 1.59898656548548 0.334614065136223 0.0394856870814843 3.66453196594104 0.00547782205146377 0.0126350969051029 0.00271529043364527 3.2235070950341 0.0917099346346492 0.00173409348406723 0.00149458071962136 0.000410764820933843 0.0488066950937273 0 0.00230480547735168 0.000153088907075349 0.065513120880125 0.666509253463152 0.0394965406252706 0.01393772831889 0.00106149887362132 0.00142319987974428 0 7.04507129882601e-05 0.0040588045239647 0.00498628123606827 0.0147186430395408 0.0519916515382816 0 0.000607200419334388 0 0.00015838369077396 0 7.57137160697719e-05 0 0.014979080092669 0.000409900222823672 8.63518715049378e-05 0.000448443011051968 0.000120162455978862 0.00147877484578495 0.00143224787198764 0.00625609056339625 0.0457020446510646 0.000682022903414573 0 0 0.000125041111950342 0 7.50554277545927e-05 0.0191815839994901 0.00154082078793864 0 0 7.07405245486655e-05 0.00143092995471343 0.00101107451749324 0.00170454430855715 0.00649942975429104 0.000370559799262997 0.0143341446794725 0 0 0.0168652661375301 0.0682951433938325 0.0117479162403098 9.02171520870188e-05 0.00106793546107808 0 0 0 0 0 0.0155441356520638 0.0385596220361124 0.0219993765076798 0.000534728361159126 0.871109086198618 0.000775509753954816 0.000271882343652502 0.00118289224380288 0.0225814281024128 0.00383214750532884 0.000141477679331098 0.000388695676592346 0
0.0634292854665149 0 0.0573874311545428 0.0173806110735719 0.0206546328010898 3.25163569619878 0 5.699350809463 0.12362107905461 0.0465254849161809 0.00012206287633879 0.109537415468252 0.00630833752908403 0.0225362147445396 0.139439845901731 1.42047195293093 0.0258060643645353 0.0450838189178096 7.78018641626544e-05 0.000701651629504054 0 0 0.00233389011568518 0.0139285193415915 0.00217380162439866 0.00726159878279601 0.020131886966688 0.0142058371369637 0.0602425072210371 0.0918234579274331 0.0117124294019077 0.033087862690273 0.000422025914855045 0.000274201122544932 0.000266457424032338 0.00687913749882108 0.000408246852267759 0.00156317466467645 0.0162832415232482 0.0948316768453861 0.0164963370693358 0.000494726359312797 0.000637169882809913 0.0073957998700689 0.0480730621617612 0.83720808585638 0.0151091807118576 0.0103744953255771 0.764931214397209 0.000909305300339697 0 0.425547318801123 0.158188766541722 0.375834482433006 0.00121172523445786 0.0175754277970562 0.00239870813656084 0.00242684475143013 0.0029595285666127 0.00251933912561929 0.00011265367548136 0.0383187531518822 0.0639917346666587 0.0360231034848073 0.0512322645680171 4.17190210783793 0.0260446113290383 0.190489859386266 0.147134317278772 0.133283128134536 0.183101131790315 0.00859104719323935 0.00743824085101419 0.00110720479029498 0.00893753774437082 0 0.00848027158837727 0.000884270967179013 0.0171914246776304 0.396412109118237 0.66521641920188 0.122596627364925 0.00443753867230934 0.00613414276108629 0 0.00572473362677656 0 0.00739170665961242 0.0368712651794119 0.115715117733908 0.00149100737282547 0.00418827580760361 0.000258048206828253 0 0 0 0 0.00162832403325637 0.00130307175231628 0.00134384252422833 0.0034989162326727 0.000973176528442548 0.00490346450909582 0.00507807960535921 0.00444472106244926 0.0339487103349917 0.000174622625281522 0 0 0 0 0.000147537699505786 0.0151373578567097 0.0111564442933712 0.00226633365201411 0 0 0.000188207343308728 0.00118195783559658 0.0128105829645646 0.00518897329197876 0.00020524393919049 0.044279144597158 0 0 0.0600116730134588 0.111934422434607 0.13452623682154 0.000385921075708 0.00220756498382854 0.00050251292284078 0 0 0.000134243365516786 0 0.00674413092937888 0.0243133932367674 0.00418277685309733 0.00159532061958922 2.17229614831359 0.00427942264758764 0.012002478606473 0.0201199471752129 0.00454084358674725 0.00591918310187114 0.000122624873651257 0.000666061550103991 0
0.00604395773426565 0 0.915385807896184 0.0343200063692316 0.00197975480815285 0.175443157542369 5.699350809463 0 1.68857893933909 0.0424982934765136 0.000625796758920404 0.0106817243033671 0.000459446801731114 0.000727190916778132 0.018704322854109 0.904749979469645 0.00909847266639605 0.00627909725524913 0.000516104255243222 0.00292789256754639 0 0.000108759924784228 0.00397777602612944 0.00156734136877081 0.00665125366538289 0.0133456024352773 0.0778983627086114 0.0463373970314671 0.203870699846815 0.345046352457146 0.000956474385914257 0.00523577815720749 0.000247197520859756 6.66853389108199e-05 0.000225759614940018 0.00407849262435615 0.000236731664955646 0.0015171493959342 0.000463673319190209 0.00796819460644053 0.0245308263785072 0.000131503975622184 9.66025914072139e-05 0.00470010097575525 0.200423723280703 4.64839786811619 0.00121168995880518 0.00969482273460053 0.136214687045812 0.000170537443223984 0 0.0413350643426995 0.0113190095900855 0.0532388312115425 0.00632817630740591 0.0474380121580306 0.00132084851606531 0.00272698781105946 0.00188374753734991 0.00150439246509601 0.000123719061174029 0.00353652150640205 0.00986366645940534 0.0027014490092486 0.0889071492599745 1.75425945711343 0.0659915612944138 0.0595103441853111 0.295353775975492 0.0171811582650118 0.703471568058322 0.00402001917078331 0.00587185374340788 0.00347153912224326 0.000284774885541961 9.83127621391293e-05 0.15194713335813 0.00351654062927226 0.00118985369701281 0.0449729256618969 0.189583493619334 0.907925082126616 0.0121761718019296 0.0018625691526128 0 0.000793859724270395 0.00033646190737124 0.000905675850221693 0.0158604792705785 0.146301688035099 0.00130169703825651 0.000726087034617565 0.000288998570890904 0 0 0 0 0.000826032387159269 0.00154823370419931 0.00128912969123553 0.0110786148907193 0.00672197065998647 0.0949428267569061 0.0161733209260215 0.000964701387302397 0.00632144017329717 0.000323817962181578 0 0 0.000176806059667946 0.000243966569729174 0.000676570204033385 0.00104599817168355 0.00377526073742909 0.00262700110315164 6.71883477721381e-05 5.34626750730433e-05 0.000775805003297911 0.0379566745079214 0.132497025546944 0.000340223875987741 0.00260269321920628 0.0106276007655114 0 0 0.00645293207838307 0.010919312249507 0.0562970371538385 0.00201784798207877 0.0100896840501625 0.000751278220574501 0.000945357775980683 0.000472737732195673 0.000851906395521585 0 0.000406927030957432 0.00305277954755087 0.00146142470668774 0.00642025824030462 0.713476506000362 0.0182183838397263 0.0124274699493361 0.109497828194408 0.000265072568929228 0.01770470951873 0.000601992756256442 0.00167885881344759 0.000343940648492207
0.00288322394874401 0 0.0245278204591817 0.00148511423445927 0.000787633897817247 0.0363197837304451 0.12362107905461 1.68857893933909 0 1.64709303874817 0 0.000473659747709243 0 0.000262830813519445 0.0011160256392574 0.00289674627556053 0.0020961259926711 0.000165978890465344 0.00108406254260673 0.00391513247117276 0 0 0.00246680525580151 0.000484298430355297 0.0108799247091464 0.00833851537822743 0.0358006893031016 0.00677156404402279 0.00344731878187444 1.58065010206042 0.000545363649021215 0.000216035532148424 0.00256040747831793 0.000464054105941339 0.000305919498578163 0.0110927482554665 0.000535275345333159 0.00062543679543111 0.000443521788379923 0 0.032512748519444 0.00048689445843365 0.000263673846778183 0.0578213081867383 0.00579234379752853 2.03819733786529 0.000631646981437778 0.00680002004379664 0.00506509268574839 0.000325689724034137 0.000818693416577837 0.0033356151024608 0.00243156624333361 0.00157186475972635 0.0147409068458478 0.0297645100263551 0.00188271192664828 0.0109558128663749 0.00255052575170159 0.00413994431093133 0 0.00142214937471513 0.00577675994756883 0.00130335300838301 0.684344985291065 3.00490009012986 0.0233754526578188 0.00150178239914223 0.00241568885751407 0.00433623197525455 5.53180460180619 0.00209818111266349 0.00413355227807364 0.00553497427852184 0.00046989759702706 0 0.0132344960419767 0.000218162527561017 0.000278815895659473 0.00736435885108516 0.00659680421367083 0.125025726604732 0.233616863115386 0.00274579212511918 0 0 0 0 0.000563253579533339 0.00227330411788043 0.00128147965312186 0 0.000228194811381668 0.000202527470742076 0.000258772365252947 0 0 0 0.00411652319731836 0.00186662472149946 0.0103040984334039 0.00134044686214702 0.00197128092634026 0.0210228598785598 0 0.000654831723510385 0.00080182050700851 0.000407686503827831 0 0.00151174823694336 8.27616071929702e-05 8.57979168882319e-05 0 0 0.00383319441629775 0.00026030717447471 0 0.00303765140683453 0.00477456745262804 0.0448092763678564 0.000762265908814407 0.00243624197157845 0.00144667589880411 0 0 0.000180164247615699 0.00157355191722408 0.000193728275807492 0.0035466122433639 0.015438065417323 0 0.000392708301029845 0 0.000679364440430314 0.000200252294198844 0 0 0.000165988477321868 0.0139532757161873 0.309909639967367 0.0105560273603811 0.000448308455555685 0.00115729982090908 0 0.0746525657223342 0.000814262459018719 0.00314817929850056 0.00110627242950867
0.00183989725948363 0.00102891914947693 0 0.000247338261352481 0.000489036999526122 0.0342249950901896 0.0465254849161809 0.0424982934765136 1.64709303874817 0 0.329197181429361 0.000215547609084848 0.000248253454751969 0 0.000194820672949202 0.000745630672776036 0.00309318178815251 0 0.00455126671201952 0.0231134012065344 0.000911402378195276 0.594829612857828 0.275132944843837 0.000632060843781986 0.0143422043975037 0.00102704833350461 0.0114859438435079 0 0.000466087601590564 0.287939148867532 0 0.00393690223722394 0.00141095784962292 0.00059774844879588 0.000853913256901834 0.0102246490240725 0.000371059803048641 0.000213128543006085 0 0 0.00495181940610585 0.00356399037482712 0.000117358317799486 2.5700289393914 0.000201380804609947 0.011259317708393 0.00231822571263101 0.00504278887635034 0.00212749147649392 0.00207974605578112 0.00490595062647664 0.00158119512916911 0.00211943232551054 8.8815028699073e-05 0.00652809768383273 0.0319219772255022 0.00807869994435793 0.0254165436556642 0.00429704395019259 0.00264504600496187 0.201370622431481 0.00204519770884592 0.00851725947605177 0.00117810255128894 0.819005535183918 2.64027779200862 0.00247061329305742 0.00163060846605356 0.000321586565055963 0.00813114436641923 0.353927047664854 0.00369366800405435 0.00692710993873671 0.00153790187255608 0 0 0.00141308854558046 0 0 0.00339162467501441 0.00607192979886276 0.00604363874517662 0.0412310298178802 0 0.000946442089454151 0 0 0 0.000139506745092073 0.000800199748604245 0 0 0.00018508123131851 0 0 0 0 0 0.00160309517105058 0.000607418449744788 0.00537430618991489 0.000789990348391889 0 0.00797907909603185 0 0.00176355557692495 0.00053273516159287 0 0 0.00141564718905751 0 0 0 0 0.00584642561919518 0 0 0.00145042227305008 0 0.0243555459735315 0 0.000795643911452298 0 0 0 0 0.0011222750666582 0.000953897226524877 0.00129709230225361 0.00810845626399756 0.00207035383436929 0.000366596346465797 0 0.000687615014194273 0.000648415193707624 0 0 0 0.00822387640745426 0.0857955412145707 0.00670757704637625 0.000330063029145488 0.000644497716653428 0 0.0322320452699586 0 0.00324847693879994 0.00136493602037691
0 0.00904592836300313 0.000687662045291299 8.89698308512918e-05 0 0 0.00012206287633879 0.000625796758920404 0 0.329197181429361 0 0 0 0.000142663146387792 7.37822662898093e-05 0.000303506449087674 0.00622832195812147 0.0028264468748202 0.131879753648907 8.73206826813019 0.00355972135601313 3.61952891515311 0.00404185803704138 0.000120340668313831 0.0104403656804591 0.00196188598765042 0.0837870060201371 0.000281975541913182 0.000871712872811343 3.40391281801594 0 0.00159831457485682 0.00160492226214026 0.000957792249831075 0.00397673066281178 0.00617937774981599 0.00441108980065969 0.00507808902598948 0 0 0.00556672461381535 0.411953593991301 0.00106130708520825 11.310667239665 0.00239388692923272 0.000335420338464293 0.000149970929819698 0.0154847831208525 0.0013654351712142 0.0212260073784483 0.0565879241748631 0.00105990329537623 0.000159943946056625 0.000542176012312896 0.00260985659526825 0.049600516055501 0.0601317791680264 0.992588465162568 0.0182241810008385 0.0259533054830752 0.226197697706506 0 0.000167821304578901 0.000224619357869343 7.61784633776245 0.235736691615315 0.00563515896214049 0.000737398026953585 0.00101274087060229 0.000377451529151192 0.00338267521612134 0.0296319821759565 0.0173361413477059 0.005503451866183 0 0.00236277372398107 0 0 0 0 0 0 0.000207280637216992 0.0166554667029076 0.239977131813821 0.00014274348244009 0 0 0 0 0.00016148794611235 0.00159486730996311 0.00380618209507812 0.0101755182702127 0.00266875739312988 0.694647552802606 0.000334472154200081 0 0.00540570448552289 0 0.00530266100214882 0 0.000179303403360171 0.0517696614474316 0 0.000295964462689615 0.00027446235333603 0.000679163868407935 0.000443751719212269 0.00134107839002634 0.00105617143228926 0.000922177951157436 0 0 0.0015358799072115 0.0209702716791724 0.000158640371539197 0.278192320907925 0.00062523546577496 0.000603635847901793 0.000442597849182283 0.00263187540799668 0.000122767563743614 0.00258245989127291 0.0215960409057911 0.000440163260986591 0 0 0.00035794106040086 0.018791727838518 0.0134391004362256 0.0144578683366034 0.000731933160357879 0.00476923522779508 0.12286481529421 0 0 0 0.0908361127399313 0.0396027508529524 0.000404038915355454 0 0 0 0.00471836243848836 0.00277501777686069 0.00651899343333329 0
0.00696021988889109 0 0.00185550559229257 1.44708501622938 0.00169441137758178 0.0198991518555658 0.109537415468252 0.0106817243033671 0.000473659747709243 0.000215547609084848 0 0 0.00239353271877893 1.37514953632874 0.0579366730405191 0.0743601321273653 0.00477186906661991 0.00559728613302138 0 0.000593955067858714 0.000127679092965216 0 0.000383676781212856 0.0062174705574859 0.00105827430880604 0.00571537093623626 0.000960624817039475 0.0139881543291401 0.13443888941338 0.000869287383852538 0.000431087886628269 0 0.0030229212627479 0.00251590274443117 0.00497363274094371 0.00410011633486943 0.000617170583952006 0.00172935242886769 0.00760844840092048 3.21973109302963 0.00867967933167044 0 0.000266160342078901 0 0.0662160066723735 0.00532424067808007 0.00175157464831487 0.00214128707481896 4.2340779734871 0.000966539328508265 0 2.38009998349283 0.0197287124478885 0.102071510909456 0.00157530862615957 0.00343355329211794 0.000357103484776087 0.0011232272322968 0.00136541578106832 0.00403418432772444 0.000223361583440331 0.0358384881504205 0.000986606807089774 0.00505701703488108 0.000568121278847376 0.010640956272072 0.00948469262270957 2.07013729701398 0.0132448128348492 0.000337192881565269 0.00108279839039529 0.0062506260900165 0.00710948083330133 0.00117217460296631 0 0 0 0 0 0.00465001113701159 0.0110848550198407 0.00209846971341581 0 0 0 0.000124437681185093 0 0.000104241358689666 0.000569881271814716 0.00208007295154385 0 0 0 0 0 0 0 0 0.000101074871914186 0 6.68669663241167e-05 0 0.000132260021737982 0 0 0.000523005143450401 0 0 0 9.97577867283064e-05 0 0.000112192848455948 0 0.000234451354569856 0 0 0 0 0.000181938798900064 0.000309165054876622 0.000150930916933076 0.000253110521608035 0.000525981897600619 0 0 0.00142006492757219 0.00105922813808979 0.00274758608482213 0 5.51999999436851e-05 0 0 0 0 0 0.000326027455056192 0 0 0.000405011024344024 0.0182562258644351 0 0 0.000101942652124703 0 0.000147854644927492 0 4.43316017148046e-05 0
0.0618970616910647 0 0.000493937350600979 0 0.0173142059974197 0.0364786935390794 0.00630833752908403 0.000459446801731114 0 0.000248253454751969 0 0.00239353271877893 0 0.672108342145097 0.00859771162915407 0.00295269002821196 0.0028601822398221 0.0422517117649226 0 0 0 0 0 1.23639169489733 0 0.000137392319898187 0 0.000351839653050339 0.000388745572662591 0.00010209180693126 0.00229931943439346 0.000403166543707319 0 0 0.00174921612196675 0 0.000108798031109079 0 9.2128859416488 0.0137865120667317 0.000236173963937438 0 0.000158920438066493 0.000216596102223486 0.00137417909828855 0.000503099728980208 1.13268107403505 0.0035212109224759 0.462787814278319 0 0 0.102135856370898 0.020899456295462 0.00260998585050563 0 0.000171978938784318 0 0.000122685540236613 0 0 0.000171951041391449 2.78120982508583 0.0275520233547348 1.26060382599053 0.000257529302552272 0.012149667180774 9.77275164912132e-05 0.001591258796876 0.000253659538573148 0.0139207805095829 0.000850525066781226 0.000632370057647075 0.000313129381142982 0 0.00081563923207682 0 0 0 0.000602267819203257 0.00436242035345761 0.00133568667682761 0 0 0 0 0 0 0 0.000319004634491377 0.000310575683758691 0 0 0 0 0 0 0 7.31185242028726e-05 0 0 0 0 0 0 0 0 0 0 0 0 0 0 0.000453872029426414 0 0.000470857924316111 0 0 0 0 0 0 0 0 0 0 0 0.00041843695238176 0 0 0 0 0 0 0 0 0 0.0010445207549465 0 0 0.00561160531782777 0 0 0 0.000518823494792049 0 0 0 0
0.0250458748896303 0.000209236013558783 0.000143752244548552 0.00690047849206865 0.0112409447784258 0.0423208780778618 0.0225362147445396 0.000727190916778132 0.000262830813519445 0 0.000142663146387792 1.37514953632874 0.672108342145097 0 0.037586050298583 0.0180524105100953 0.00278078563920746 0.00376511509421952 0.000205032967621289 0 0 0 0 0.131923163160292 9.79100352207756e-05 0.00152695123102116 0.000217407544743615 0.000570222427675882 0.00505981999741597 0.000357907928942892 0 0.00233328118290815 0.000507480611760036 7.29328346107108e-05 0.000183153293164292 0.000986123622788604 0.000172826252628808 0.000216936141734757 3.88988599888747 3.31021517972388 0.00112239138713408 0 0 0.000267974294135252 0.00333273421254806 0.000791149897135006 0.00132119610445668 0.00116481634255965 1.02013316648706 0.00040895303022731 0 6.2321073063425 0.0397831939807161 0.019151984483031 0.00117924573814619 0 0 0 0.000311351553734926 0.000951372180088601 0 2.49117621925644 0.0012802102183922 0.0354384200044024 0.000328360972420505 0.00858292402612486 0.000788749879593605 0.121514239158319 0.000432545811087465 0.0019556816622617 0.000412308269104831 0.00212536218989035 0.00171835518756093 0.000578375370174243 0.000546560607288141 0 0 0 0.000505016127950869 0.0039203065929913 0.00154652450866209 0 0 0 0 0.000102263176721927 0 0 0 0.000870009074534538 0 0 0 0 0 0 0 0 0 0 0 0 0 0.000243265326365426 0 0.000180584556383045 0 0 0 0 0 0 0 0 0 0 0 0.00049118226437752 0 0.000238468586176866 0 0 0.00076385862902914 0 0 0.000784337082281673 0.000144264102803446 0 0 0 0 0 0 0 0 0 0 0.000164719176506003 0 0.00512110286139348 0 0 0 0 0 0 0 0
0.435745724917518 6.61116842495132e-05 0.00456032584132926 0.00978045437282482 0.542182639142555 0.221934897455754 0.139439845901731 0.018704322854109 0.0011160256392574 0.000194820672949202 7.37822662898093e-05 0.0579366730405191 0.00859771162915407 0.037586050298583 0 0.982761938131375 0.00990321351637268 0.0202216475109251 0.00105883026952283 0.000924295311300354 0.000115724900618167 9.00935768602274e-05 0.00110693876220751 0.0429289233233805 0.00633787100234764 0.0101824818064274 0.00334449370144282 0.0254585155431352 0.0970971697596114 0.00371365420811369 0.000694219266754905 0.00089567532313675 0.000907578330648783 0.000751962863779514 0.000606874558552371 0.00379103822766593 0.00136912062973892 0.00390773882732163 0.0275033958118675 0.0317989289118155 0.00728644647611959 3.57012532089943e-05 0.000358574701878458 0.00099243545125851 0.0971004792888793 0.00591982904239986 0.00662187940210074 0.00639851850866197 0.337138464364364 0.00113293046622141 0.000135358260557152 4.84017082563545 3.2263025156425 4.57562375295856 0.00359949172794503 0.0143192078429488 0.00043066032662174 0.00351922675424742 0.00510721918914604 0.0037035696238026 8.29816034527706e-05 0.118869778278801 0.00387348804526554 0.0379448862952383 0.00336522865035355 0.0386521200704268 0.027797889075015 0.731925480536354 0.684144452113195 0.00537867061622648 0.0031546469115994 0.00731264388096385 0.017563932531969 0.00125310686991576 0.000876477152137087 0 0.000618318358561075 0 0.00236957947348723 0.0290354950201768 0.0132178711629362 0.00190939256232446 0.000563277588741848 0 0 0.000218980282827874 0 0.000277873372303008 0.00194585521930099 0.00753072481025054 0 0 0 5.91724358622037e-05 0 0 0 0.000485930481491621 0.000128499794126418 0.000251664171836563 0.000572305787594147 0.000162362540705464 0.000262510666955725 0.000405487509854497 0.000162036206337553 0.00223240300630877 0 0 0 0 0 4.57412253048357e-05 0.000913457982279174 0.000287177740675555 0.000200466117437952 0 0 0 0.000461937258924967 0.000337875236625923 0.000669404301590184 7.70198105681718e-05 0.00128932743128664 0 0 0.00167274535447005 0.00620631727872848 0.00338482858950248 0 0.000967268027521448 0 0 0 0 0 0.000777070900368957 0.00171862012624472 0.000443376021407121 0.00030941860720347 0.0411531900682053 0.000545110396220559 0.000152199788589225 0.000193077753626167 0.000744685068892511 0.00103532483039514 0 5.03363826328933e-05 0
0.568968353959979 0.000153599362736616 1.03612942232201 0.0362052751260414 1.25493446697769 1.24318996133222 1.42047195293093 0.904749979469645 0.00289674627556053 0.000745630672776036 0.000303506449087674 0.0743601321273653 0.00295269002821196 0.0180524105100953 0.982761938131375 0 0.0177394568657721 0.030787989200244 0.000626986986289675 0.000689383944142921 4.54141382260111e-05 0.000132046289223422 0.00335564842728114 0.0281462912161957 0.00409076041597642 0.0143608351758839 0.0280412332145379 0.0445750126050785 0.69829805623642 0.0255839386998624 0.016657658534849 0.00565618700409811 0.000842343036303531 0.000682654062619418 0.000648355709707814 0.00488614478456458 0.00141929695311899 0.00318787291977728 0.00830971499364419 0.0314892035552234 0.0129565251859799 0.000421576748140473 0.000345741239944378 0.000664984014565224 0.226374317336102 0.146305872954676 0.00790277950429314 0.0113847984517076 0.487039561579567 0.000966870406737385 3.74163608917524e-05 0.295066057129911 0.527078477018027 3.13668419894314 0.00238057637903194 0.0202691551350697 0.00063488257249103 0.00152471107938735 0.00232598827868976 0.00344026247151693 0.000238777022440325 0.018875967074621 0.0103392834376247 0.0277787811090177 0.00469519520722527 0.0754886125920226 0.0586558153946132 0.166171183758629 1.17937275503727 0.257604029128184 0.00696854679259426 0.00691510294698079 0.0130823690587788 0.000861201089763632 0.000976768522393581 4.00437535432428e-05 0.0148765699731305 0.000397627390555752 0.00273234501570765 0.0536675066763422 0.0775991555916584 0.122662287145136 0.00176021784923045 9.51497497951115e-05 0 0.000909487640839864 0.000154343851730758 0.000284013265700921 0.0110525342941277 0.0648702285243183 0.000337469391526505 0.000306153082788538 2.74311397787672e-05 0.000266514958357897 0 0 0 0.000488767473836389 0.000715517811201816 0.000682360268619002 0.00274921163700808 0.000862798971137837 0.0162473141168721 0.00409290044470256 0.000508036462735494 0.00287154235576307 3.02924632598401e-05 0 3.51292553314921e-05 0 7.94752734906046e-05 0 0.00082292131133296 0.00120933058949079 0.000920943957122059 0 0 3.13321768388268e-05 0.00590482299915702 0.0164262129608976 0.000249408102865407 0.000116936817735718 0.00414036724315565 0 0 0.00602691882291572 0.0116674879702279 0.0248906977874915 0.000308469812098065 0.00252825814631156 0.000130639516694408 0.000264546169008756 0 3.62114318168761e-05 2.68071225347636e-05 0.00111540736653537 0.0019934766229341 0.000364219308602156 0.00116657624361986 0.145323843401568 0.00330204874991624 0.00339861569762222 0.0163324904284521 0.000111971229245769 0.00325047463742336 0 0.000729496074991473 0
0.00344791950938945 0.00451472052628447 0.0144978852305386 0.0844004330966204 0.00044088087526082 0.00664544310140278 0.0258060643645353 0.00909847266639605 0.0020961259926711 0.00309318178815251 0.00622832195812147 0.00477186906661991 0.0028601822398221 0.00278078563920746 0.00990321351637268 0.0177394568657721 0 2.27651589393457 0.012623032738792 0.0123590242314407 0.00202490514094814 0.022042890553201 0.565522697182681 0.0127273026219621 0.010936589238194 0.039264008480449 0.00761414455125355 0.0495409175702807 0.0445723203929195 0.00648568310015034 0.000279857608260815 0.113206402554494 0.112799924976013 0.106172778771698 1.78982308449356 0.0756679901165923 0.0529015878027343 0.0811869596759098 0.00790996875029532 0.0048725349795703 0.502427390058298 0.0140364265822453 0.964744145643358 0.0328428146960518 0.132710116649674 0.00778688544157786 0.405983183467765 2.80270724613016 3.80269607289319 0.171393805657577 0.0296331007375149 0.0361608931772253 0.00519871966625195 0.0175368458487422 0.0209903644324314 0.0228278457336075 0.0238357976674577 0.0372391092652578 0.0290294055686295 0.0257650058135855 0.0393539522601095 0.00451442984295556 0.0553997340862066 0.0227948448193667 0.0173918704920413 0.0119770899796677 0.0438895997709788 0.0147871115232644 0.0286575899048487 0.00257680145850877 0.00594176875295324 0.458786325418469 0.15532635524748 0.120515421575367 0 0 0.000960744663849574 0 0 0.000342848715489164 0.0021135530020962 0.00324148251657243 0 0 0 0 0 0 0.00015134895846057 0.000425263105379057 0.000622113342677935 0 0.000292770373823314 0.000476412603462723 0.000149823852688497 0 0 0.00041486417233917 0.00213042448764823 0.000386196900391448 0.00353938489339059 0 0.000157702126717084 0.0026972519224147 0 0.00240850344216234 0.000377043320032126 0 0 0.000956526423288029 7.39905771313092e-05 6.83551533433016e-05 0 0 0.000577291879287539 0.000277796298606921 0 0.00120756624667158 0.00229271704318655 0.0053843871958591 0 0.00112194691233193 0.000544387717727364 0.000483850205761091 0 0.000584046996876263 0 0.00040714703998786 0.00260888208445289 0.00548322997421952 0 0.000533983169183364 0 0.000195569230282204 0 0 0 0 0.00642235695120087 0.012243001380067 0.0019278657820633 0.000191962420342626 0.000208321277279619 0 0.00512739495633483 0.000440017086293759 0.00205645881276462 0.000425642589193673
0.0231726844196001 0.00115657050153997 0.00312097759822644 0.0123722528466522 0.00536860953558332 0.0301601907270106 0.0450838189178096 0.00627909725524913 0.000165978890465344 0 0.0028264468748202 0.00559728613302138 0.0422517117649226 0.00376511509421952 0.0202216475109251 0.030787989200244 2.27651589393457 0 0.00379522003404095 0.00450248478895905 0.00108887505133293 0.00481290772688508 0.031415373973639 0.177441686134513 0.00281531422349908 0.00593327958064907 0.00193695567779799 0.00712279005257764 0.0119102223090059 0.00324487518775822 0.00599586574213425 0.0414693647177364 0.0223928563612014 0.0283071196983511 0.16348962069552 0.0190654555222654 0.00908060257062185 0.0223429392744367 0.0742905201146826 0.00783928934679442 0.0572829819163374 0.00599197526041216 0.090807752409885 0.0110928457432082 0.0227199714527439 0.00156404208249864 4.12372753764585 0.626819680818199 6.83200777594852 0.0281288571302319 0.00788674115951737 0.0792618390101397 0.0205341702907923 0.0375786607519508 0.00577153140882514 0.00440241239667025 0.0071650034920073 0.0103131864793537 0.0116029933514035 0.00693631554722124 0.00545489817052518 0.0197559116713528 0.751770229113868 0.21241109985115 0.00515214943012722 0.0121574026991294 0.006055517084606 0.0115742438366302 0.010667104883658 0.0260049569665396 0.00186125313416539 0.0942013657677659 0.049523991543536 0.0291642434207133 0 0 0 0 0.000264995914178931 0.00376248988071061 0.00381381560297726 0.000702862184506709 0 0 0.000263230895820457 0 0 0 0.000274978519832962 0.00112876185660179 0 0.000143070493516926 0 0 0 0 0 0 0.000998657193087948 7.38823305316515e-05 0.000852378227609371 0 0 0.00237520533266975 0 0 0.000314156142701038 9.83602889554833e-05 0 0.000460435433115563 0 0 0.000205343590939122 0.000870012128952179 0 0 0 9.49394659837516e-05 0.000759768761915727 0.00217997209055489 0 0.000642183676108812 0.000466944943104557 0 0 0 0.000745149624942592 0.00103464755840225 0.00111710215978458 0.00261340014889483 0 0.000584852656305559 0 0.000210464884034939 0 0 0.000203205821337406 0.000158738829073279 0.00206668091890404 0.0141726812948802 0.00058581292490243 0 0 0 0.00171861521185518 0 0.000340866696012796 0.000478107492019042
