0 0 0.00112103194893456 0.000718301647489705 3.4162124804322 0.524412234738337 0.0368643826342078 0.00936731987476314 0.00484723856897531 0.00164991712571575 0.000521105988128971 0.00916687405610749 0.209746315055998 0.048010207776833 0.547439622819956 0.318545574440744 0.00368745508960473 0.0418450634489672 0.000330106732295267 0.000161752483643553 7.39436741167953e-05 0.000358674778485409 0.000185306182637658 3.29123824280328 0.00340523658831799 0.000556909830986782 0.00128349625675503 0.00304530412350958 0.00598617934637639 0.00304127369444974 1.79873051450213 0.0193539347057347 0.00163856950254303 0.000567035719825873 0.00108099081663643 0.0011983229778056 0.00124288131231877 0.00227142517547806 0.130936862767878 0.00708403117003816 0.00310242296177258 0.00021519734542462 0.000972019843988852 0.000664121537678513 0.00918442644056026 0.00627711406241107 0.271725904115701 0.00389987593806576 0.0722830493702214 0.000430550017730669 0 0.308372849225805 1.98426882200806 0.113692914011842 0.00198123112656404 0.00326948089863931 0 0.000616289382203674 0.00275924975329886 0.0015841547084622 0.00012979464164245 0.407931112770212 0.534932647140204 2.3767435942201 0.00318614289657126 0.11478555682556 0.00543564485409958 0.0138166968749807 0.00800610068799349 4.65513854160343 0.0066073952057216 0.00326698456065443 0.00451252255372192 0 0.0277160665923898 0 0 0 0.0179117005427957 0.0566651072425973 0.00403481263591136 0.000137133036966722 0 0 0 0.000918893477298378 0.00114389538631868 0.00274862021909139 0.0031314096287992 0.00726869245982911 0.000258286961397736 0.000147523987161038 0 0 0 0 0 0.00581799298944675 0.000184701496554262 0 0 0.000248845339811385 0.000518653807865171 0 0.00539691981577585 0.0181364809834568 0 0 0 0 0 0 0.000908607173470357 0 0 0 0.000207154513893075 0 0.000272782149210776 0.00138918584800527 0.0121957840253888 0 0.0008697554134249 0 0 0.00204566801575268 0.016439587907613 0.0035800359607749 0 0 0 0 0 0 0.000347344164513701 0.00718288477412997 0.0124222952499725 0.0168583459989201 0 0.0753747265237779 0.000235661081484461 0.000123608895472235 0 0.00936125115605095 0.00014467492631982 0 4.99335241607728e-05 0
0 0 0.000748995507060156 0.000714510171924131 0 0.000202785533180583 0.000419468075811048 0 0.00435028828317529 0.0382179179849912 0.106930226169143 0.000808752612951037 0.000205920181144126 0.00136721904790718 0.0013922549588026 0.000638032483071073 0.00907039280970423 0.0078013064884903 2.48192849139879 0.32763242855251 3.00438389339453 0.238939372468323 0.0116132651000293 0.000846209749926397 0.0363424716066025 0.00225436462909693 0.0111867666225527 0.00154797882824249 0.00188485179385727 0.0120178345267731 0 0.0111137271403527 0.00329318446177331 0.0202190567888379 0.00598428265550334 0.00361315187735902 0.0983494450714207 0.0516725182671661 0.000166626031267651 0.000229211474828059 0.00332777113057304 2.91757083335478 0.0185901764590636 0.199632018798904 0.00409817386736593 0.00117937916823993 0.00901486800478335 0.0677103845970232 0.00331498688868308 0.0940972179157114 3.71362637497842 0.00564806509288561 0.000594225150357577 0.00153561658117356 0.00115538382188024 0.0244078962038246 1.25626640675003 0.614973264596324 1.58358994010241 1.52018310794401 0.705360724940935 0.000347853616500794 0.00213563330550066 0.000654322096449123 0.0954289556562902 0.0781592234892413 0.00641407568751514 0.00351826359653218 0.00269958361117907 0.000123490740246132 0.00381281506595062 0.918678604387481 0.0984313978196478 0.00515461843807517 0 0.0138514056191363 0.000407874574123966 0 0 0 0 0.000149583534751509 0.000824556208401063 0.000275461322918086 0.0173461185436141 0.000281998719187791 0 0 0 0.000238248722724058 0.000660459334288309 0.0009866358311481 0.00823487191664318 0.0201540508258963 0.00963559942068064 0.00695059743914531 0.00238473350345112 0 0.00611965731513049 0.000415717162317202 0.00311546092048657 0.000198279165667965 0.000177135694398103 0.00698318206726802 0 0.000210871242534993 0.000724108515024552 0.00129388147548899 0.000920017149831451 0.000122576584379296 0.00450574580549242 0.0019121179529915 0 0 0.000489925239319546 0.0187748255630259 0.000691045415165461 0.0572876000092248 0.001766359805085 0.00148840958555195 0.000155790936424229 0.00644348331105892 0.000954194412621895 0.00240477412238358 0.00215068968637905 0.000138527597750267 0.000233945286203203 0.000493883903995057 0.00109213471257461 0.009559371858375 0.0096811626843404 0.0216694433672234 0.00670804585453353 0.0130766504603878 0.0130712360943004 0 0 0.000424944013940443 0.0247461955235435 0.0295595082155099 0.00151751456273981 0.000591990481146915 0.000941456528522544 0 0.00813871264871971 0.00866262719970544 0.00955986099885219 0.000602498614667643
0.00112103194893456 0.000748995507060156 0 0.0542552411517182 0.000683239077245885 0.0144598004485865 0.107242145245815 0.642460711811274 0.0463222264004777 0.000943714375467041 0.000193853083009458 0.0108303482852653 0 0.0037533076296772 0.00511103898372004 1.56047155961378 0.0482171721434533 0.00451215096527108 0.00243664898110057 0.00230123032573624 0.00049278644889717 0 0.0174274655748323 0.0013907686304199 0.00773470320543316 0.0931895340056035 0.37620236801218 0.360296048971149 0.429854340639861 0.391419308267535 0 0.0156714692964211 0.00622216800237307 0.00291258359334717 0.000586937419363984 0.0091202739905546 0.00082961739916879 0.00270198631140024 0.000828457311220865 0.00489028702055347 0.104348161872511 0.000980649288172978 0.0014402601064462 0.000885245125148922 2.17881984781113 2.30771326138655 0.00120152949176559 0.0348925324451717 0.0525865222326741 0.000691073904083968 0.000700720365954113 0.0196860095462842 0.00346368930150237 0.0272514622071986 0.011481285045442 0.0372203904741269 0.00205199994268583 0.0051243816683416 0.00164650017932485 0.00128040977237116 0.00029635130073057 0.00188678136428675 0.000245681226319997 0.00027654035097139 0.0131738206266084 0.280445133854577 0.919277325252307 0.0231969986873107 0.127834319419923 0.000396384941837795 0.0294165415305593 0.00313183117748254 0.00893091325810891 0.00617865525558946 0 0.000156492949538754 0.241141989232873 0.00219134992117692 0.000274731078053259 0.000981015139839117 0.00611549547455008 0.10488516202137 0.0175591829356087 0.00281202897080943 0 0.00126397420300359 0 0 0.00293872944442328 0.0316334754747647 0.00120612737341637 0.000295222437763476 0.000344993063345442 0.00165100708405078 0.000143064490590221 0.000118538079509935 0.00012894205064093 0.000225470813788363 0.00200817005760821 0.00185552050470374 0.0095755954317479 0.0108309653496273 0.0654532508258868 0.0128399547779518 0 0.00158461383114779 0.000207252420828617 0.000316131124527582 0.000270031868226946 0.0011805145365377 0.000185476314119731 0 0.00074816586581139 0.000369771151434571 0.00276585017124431 0.000463897877864687 9.81825364238026e-05 0.00347309275265252 0.115743195532654 0.118409464661811 0 0.00206103415962069 0.00243324926936048 0 0 0.0025002373739088 0.00140465401506937 0.00995269125945812 0.00524281708451652 0.0110974907078059 0.000364437449011682 0.00439833675100958 0.000899570965259191 0.000506131694671485 0.000145252025398341 0 0 0 0.00540717864218078 0.259685191197933 0.0343954140229044 0.00971244742651899 0.0882420638645798 0 0.0236405521780258 0.00143217679621939 0.00346579468475726 0
0.000718301647489705 0.000714510171924131 0.0542552411517182 0 0.00069834654147917 0.000495198707509021 0.00450683680309426 0.00600235649099105 0.00133246776193293 0.00103943341167773 0.000442706509890022 1.23616273677059 0.000833441083876365 0.0264745641750139 0.0137152058238493 0.0286755957438783 0.15332597090743 0.0280520400763444 0.00222181360926804 0.00128301991062244 0.000837861549754688 0 0.00513968014312931 0.000862606868563008 0.0346275863848669 1.33253505305144 0.0419928454552661 1.5196229788612 0.898298588093692 0.00934789458651295 0 0.00435576772188228 0.0145729857412517 0.0123691758348375 0.00136926586426239 0.0919172959591783 0.00834883657973762 0.0445610136136948 0.0026872265728524 0.0583919104815914 0.629050801275688 0.000338754516499999 0.00129871513537329 0.000152518555996338 2.0514391617933 0.00820974425521242 0.00521019645858306 0.0482131503046755 2.6005506911991 0.00317922214727873 0.000676086729553193 0.0804189431652555 0.0020437887537266 0.0205215576451071 0.0731636422403879 0.104244114494024 0.000249996995121559 0.00544975639886173 0.00915784723151877 0.00829439414659006 0.000518056282995602 0.0018995632053186 0.000632744859613232 0.00118241472186682 0.00453675118784936 0.0158803283790351 1.14124165370058 1.02808666368437 0.113946998445589 0.000297345204572568 0.00400613884850388 0.0225493251808741 0.0750508540239614 0.0185284337997309 0 0 0.00507175793530996 0.000580425205425755 0 0 0.00289269312593443 0.0141019660948006 0.000157300941408201 0 0.00046903683529123 0.000208766716444091 0 0.000100366664241989 0.00127181309963871 0.00444777147282706 0 0.000317577393495866 0 0.00049864038443348 0 0 0 0 0.000320664469223835 0 0.0019857600446113 0.000277361711465411 0.0052677573136397 0.00278986801034547 0 0.000788369768292524 0.000304771214552782 0.00016897177745246 0.000125695437140278 0.00011935120749273 6.25139227837003e-05 0.000116226847787539 0 0 0.000149763209997884 6.6640058035423e-05 0.000105275357783389 0 0.00690328097014166 0.00924314249483124 0 0.0010553984040635 0.000158807490442028 0 0 0.000363077564154067 0.000314276100161269 0.00271332966518781 0 0.0016677360091786 0 0.000291038370858719 0 0.000405862056091416 0 0 0 0 0.00190006192531461 0.0179697746038759 0.00525723723835357 0.00279723507799186 0.00969477046395742 0 0.00180241082316712 0.00049855763334297 0.00155284530199783 0
3.4162124804322 0 0.000683239077245885 0.00069834654147917 0 0.406666201096173 0.0302222525041999 0.0085277036077807 0.00350661468828198 0.00224716966840311 0 0.00257727932181537 0.0648842961334059 0.0209576343892457 0.306427721673529 0.895544817780473 0.00234564329233845 0.00809979907409397 0.000141108738111052 0 0.00021704591855566 0.00013695837567613 0.000530155431470732 0.22860972252098 0.000627067358239996 0.000385757986361059 0.000284401494503627 0.000833719214849329 0.00154705456301484 0.00199296386070007 0.309742039084702 0.00629973155464887 0 0.000144890081579863 0.00095942192042231 0.00020630331268783 0.000433516162771938 0.000190003773722084 0.0754603096889151 0.00109061706609768 0.000686216682714735 0 9.23068203803525e-05 0.00042144987193489 0.00202541711844701 0.00532313453459588 0.0666243389501789 0.000685311712759346 0.0310537097004222 0 0 0.0462515107506114 1.79677605225183 0.0618650090443513 0.00061067533318114 0.000625698087557698 0 0.000228919758257203 0.000668017203729757 0.000464861288055604 0 0.12599247173763 0.101281213635268 0.199181444194159 0.00116268627631988 0.0620523676411118 0.000685266842153087 0.00245088811779147 0.00315034006789086 2.12883047428555 0.00471390868300293 0.00093663246988598 0.00084029123474505 0.000231203652064822 0.0182332062591132 0 0 0 0.00667825884681404 0.0320547137710045 0.00364935920894446 0.0004502272081053 0.000244149566028008 0 0 0 0.00142718826055714 0.000745497681669708 0.0013255143998415 0.00239094850165141 0 0.00013937505806123 0 0 0 0 0 0.00453714979982598 0 0 0.000179860905673524 0 0 0.000106403925502666 0.00325850758444176 0.00968934775567286 0 7.5727156432252e-05 0 0 0 0 0.000958532577374403 0.000237235858521798 0 0 0 0 0 0 0.00598364928363314 0 0.000490927382304444 0 0 0.00185673895353065 0.00940393512790934 0.00407532475140957 0 0 0 0.000175900361639836 0 0 0 0.00360247162640535 0.00385598322256136 0.00929778658115315 0.000109450330132429 0.0355719620774789 0 0.000194477455914574 0 0.00335345903370171 0 0.000302989882804638 0 0
0.524412234738337 0.000202785533180583 0.0144598004485865 0.000495198707509021 0.406666201096173 0 2.41066357859691 0.231424869935559 0.148390855789957 0.0538877415172896 0.000469007300670059 0.0128193711001423 0.0994476560065494 0.0558074013318246 0.132261343541322 1.6880123429325 0.00381773647187194 0.0246005665311558 0.000578304084942857 0.000522133165850938 0.000188030775206654 0.00123940254685121 0.00775966749148654 0.228075978730453 0.00142757482924584 0.00191883287232007 0.00685692089604336 0.00215420451971303 0.00176388698124843 0.0738144526749206 0.376175643079628 0.795425414466676 0.000452168730138175 0.00126452190847355 0 0.00142635546860909 0.000503715911458813 0.00174569864064015 0.111296592007811 0.00901875818776931 0.00349369822188113 0.000164502064114912 0.000519233192275178 0.00755545059823029 0.00607908222674029 0.153126344081687 0.0902924637046291 0.00468055064043049 0.114701714020368 0.000182579682585621 0 0.081881306512208 0.216289699193842 0.0657540087496529 0.00148122534449913 0.00317982400621491 0 0.00017768414086539 0.000517057144661595 7.15552073982805e-05 0.00210936719832738 0.0934088188289861 0.664258711204246 0.226806491426949 0.0423404497517332 4.06301386168432 0.00649141195758591 0.00374825192020999 0.0032890227572227 2.84156485712786 0.178648188659198 0.0013309906551659 0.00281505988930366 0.00173122257387566 0.135346835368806 0 0.00045820719930393 0.000557340367400038 0.116471870320353 0.713737002972465 0.0519350047682742 0.0057892427706142 0.000793610306131718 0.00108045501199978 0.000126911170340999 0.00533272147562858 0.0205343212176483 0.0319175055990451 0.0284402219884237 0.0891892236684476 0.000564168707277712 0.0043490616132672 0 0.000231905149262326 0 0 0 0.0550892275124809 0.000257145880796221 0.000228445075479913 0.00064055279732908 0.000125120432444524 0.000652977770476751 0.0008105281775991 0.0433659870417958 0.23704162934753 0 0 0 8.73933724387932e-05 0.000474258689039599 6.32042321522192e-05 0.0217578613727067 0.00518035771772784 0.000861633659487437 5.85075271053869e-05 0 0.00113688549968991 0.000420019929412481 0.00249898416943933 0.039313786511822 0.000282754946343954 0.0166791991638381 0 0 0.0446960632873788 0.152785850875703 0.0600407429085529 0.000658276990827318 0.00118348476443868 0 0.000813991840404021 0.00010788084314759 0.000118838847545988 0.000212870350195911 0.0548879808316445 0.10604888696688 0.0905369818511607 0.000384522231972537 1.51077583263809 0.00198370847484089 0.00469532563887517 0.00219504125010005 0.0665214814418765 0.00320777041750754 0.000353946710597401 0.00112319166607986 0
0.0368643826342078 0.000419468075811048 0.107242145245815 0.00450683680309426 0.0302222525041999 2.41066357859691 0 4.55461117957581 0.229840345671702 0.109040227662888 0.000718844753639996 0.0638495500166298 0.0109915811826933 0.0570042050984167 0.0965836966470578 2.18198058024171 0.00916690877261734 0.0173209883654067 0.00148369128747204 0.00291698087578302 0.000214447744622853 0.0033398461614335 0.00861673364623832 0.0165241706662494 0.00340218295946259 0.00325435394752245 0.0453696617631483 0.00592218557816336 0.0232815750970173 0.245407023759158 0.00475801159148649 0.0129263744984809 0.00299424138025022 0.000807844300119459 0.00017775679395949 0.0037346632598506 0.000510359526673717 0.0015243207838771 0.0216977366508328 0.0502939911661768 0.00798001639040485 0 0.000467088500197724 0.0103551953382577 0.0253103055092313 0.780800191674837 0.00681256660200999 0.00687058122793435 0.107394763015317 0.000893735634157424 0 0.154279629902924 0.0911184422029568 0.142286051749518 0.00347144012093394 0.0118029102972836 0 0.00237589911950099 0.00116778723855163 0.00187408278678575 0.00179473204721713 0.0161723988404714 0.0165460352964418 0.00921912608252494 0.086844165760715 1.65557538830965 0.0239228955294118 0.0475101985761127 0.0630106651776298 0.0409242003105114 0.341416403625312 0.00133522752979362 0.00266462270523482 0.0019800871158378 0.00820098227860869 0 0.00842386273084072 0.00125325651278036 0.00732465211172943 0.0916935839154754 0.278873119803624 0.0852331907269988 0.00429254718712641 0 0 0.0386122604187743 0.00313853754601566 0.0294607396983746 0.0486904892206311 0.125133112553357 0.00127045785334325 0.00778684858109127 0.000694472631093782 0.0005490130342196 0.00018474623163077 0 0 0.00596886846179758 0.000997162034308389 0.000966028232568385 0.00477792963165767 0.000286923877030991 0.0118633154326619 0.00607621150750691 0.000406777960516636 0.0123502583761873 0 0 0 0.000930491075281458 0.000151317723189394 0.00024372880930097 0.0140580805245024 0.0195633731673045 0.000525621783741888 0.000647507233206966 0.000183844509029042 0.000210456756451982 0.0109786696547794 0.0253458904284885 0.00371028324978305 0.000483190507616155 0.0334596075277478 0.000153372984461147 0 0.0505790246636285 0.0907226501895078 0.153394830564236 0.00056717396885874 0.00342126864973336 0 0.00162875243326129 0 0.000821367536275899 0.000256270346337774 0.0151826127529598 0.00585085943402051 0.00469018953009694 0.00418259250405302 0.429655837792112 0.00677360496520799 0.0552059027777059 0.0356230900835544 0.00225702064754077 0.00413096969185529 0.00112831421309467 0.000732532254628473 0
0.00936731987476314 0 0.642460711811274 0.00600235649099105 0.0085277036077807 0.231424869935559 4.55461117957581 0 1.3374090085352 0.0803847995675721 0.00273301067463383 0.0124076130068525 0.00413354235343365 0.0117483729557737 0.0298535842871495 1.43403703645226 0.0073314283433607 0.00511081246825677 0.00152288349985635 0.00267664862028894 0.000162709932009786 0.00202223341042715 0.00766055294452032 0.00380595045220241 0.00355906049953227 0.00675304106201838 0.113533146295763 0.00721132180523181 0.0508448558993904 0.673771893602415 0.00101334524834411 0.00354894450383757 0.0010203499286975 0.00113239570179625 0.00015266115189836 0.00436663262371631 0.000291496465614861 0.0015520725503553 0.00409903373305703 0.0177740145855849 0.0133968687377175 0.000536357037997637 0.000218942396421222 0.0112739434601466 0.0693325229432416 4.75942429961809 0.00340928083741662 0.00617070070253386 0.0333403265479736 0.000349300391556673 0 0.0488374332595291 0.029400594353849 0.0510922365567588 0.00579052956936023 0.0169592727225899 0.00187145587532035 0.00607939268884241 0.00178913594756792 0.000992828687683529 0 0.00399560857691252 0.00492749276020307 0.00301552375078542 0.132823987846396 2.6476645433851 0.0543218144550597 0.0188887331067705 0.0518207464527545 0.0104019232490467 0.935831026891341 0.000611224961712807 0.00402396292594134 0.00247644829584492 0 0.000541822498506345 0.0324426586176706 0.00130167067575231 0.00166639435647 0.00389480310673245 0.0563955176150727 0.208805292031615 0.000804042745994302 0.00130472690848524 0 0.00847144542851376 0.00124064708436251 0.00169017480076597 0.00807441708786696 0.0860134898383635 0 0.000711035248240299 0.000461567833784807 0.00196890927759196 0.000426783907761588 0 0 0.000559845441125455 0.00199502700009332 0.000577387135610703 0.0110951196247468 0.0024237144398782 0.0578495505366624 0.00922356924161309 0 0.00229319886686416 0 0.00025999093332379 0.000225076175165807 0.000218875057863983 0.000432274484000899 0.000243001949432936 0 0.00105695833392213 0.00192193487999322 0 9.09476553564289e-05 0.00131338618000569 0.0676320499488045 0.0433948883206708 0 0.0013903762052165 0.00559461655995161 0 0 0.00618649005727897 0.00624064762423285 0.0508965331270414 0.000379863936411359 0.00520605142072308 0 0.00217123435915138 0 0.000189693310330381 0 0.000666076697109351 0.00121563494132289 0.000767727163513365 0.00514208183239901 0.343739564999686 0.0150078967587756 0.0294454387829883 0.11230253115392 0 0.0127941288861191 0.00158705926580317 0.00145311571684644 0.00104453662434958
0.00484723856897531 0.00435028828317529 0.0463222264004777 0.00133246776193293 0.00350661468828198 0.148390855789957 0.229840345671702 1.3374090085352 0 1.33219298959697 0.00364488853149987 0.00564441386128167 0.00536119602773453 0.00439114326887702 0.00663348165555079 0.0266565570899681 0.00304089364354801 0.00238507096138764 0.00220278101943495 0.00467640041662984 0.000953068795956986 0.00607390296837552 0.0265716109072249 0.00225624157548031 0.0103212947590334 0.00947362468196534 0.0357183212022788 0.00356469173952095 0.00238119908439309 1.04497576060842 0.00109039140585879 0.00258901364848321 0.00222067559572496 0.00304228817448236 0.00046386513603296 0.0141476454458716 0.00304489354680651 0.00595891173898893 0.00201911219315171 0.00262304145882805 0.0137807892394475 0.00157585947334472 0.000765122803276991 0.0894046842438019 0.00729118301334586 1.36337668688869 0.00209136730749959 0.0153752370840731 0.01033880248738 0.00383526717233942 0.000406260228533371 0.011104567574487 0.0180508609164996 0.0122751638462806 0.024935375286978 0.0175332981446071 0.00339172821714429 0.00905574007234826 0.00509267576794988 0.00983967699340681 0.00687120495592261 0.0014256788435277 0.00474192803162349 0.00270852405097068 0.518037316048984 4.92895369739057 0.0328451171514705 0.0040848951316396 0.01048907889889 0.0129694554259831 4.11114499906608 0.00899349974754053 0.0116304957036806 0.0134934411662649 0.00143699114811343 0.00080481105162334 0.00371768442528489 0 0 0.000902783671414938 0.00100573240902557 0.00329723476361805 0.00895987436111859 0.00172369017427196 0.000168604517087171 0 0 0 0.000951682402446002 0.000921876038708194 0.000510507101203796 0 0.00061899147701408 0.00226689711005748 0.000943262430246727 0.000122310141243678 0.000335637090342501 0 0.00180062724514811 0 0.00349990200899052 0.00378733472693259 0.00244332247290586 0.00689595428071936 0 0 0.000339960523194072 8.31946074834212e-05 0.000608504058591627 0.00165679318287296 0.000210931552095064 0.000615073053667394 0 0.00168265230162659 0.00179411219215348 0.000366975452674287 5.85558595514171e-05 0.00348562956096317 0.00357912724898803 0.0129119854731592 0 0.00358356106515027 0.000793365107917721 0.000554122996437242 0 0.000256943636943219 0.000304089156515343 0.000184087703621053 0.00568338066310345 0.00845531880797419 0 0.00135524794853859 0.000974686511570677 0.00113611297326154 0.00131703280839009 0 0 0.000319322973298591 0.00789783762180352 0.0553586114698718 0.0101443159284982 0.000774223321815797 0.00154490164719971 0 0.0200642742357711 0.00325717052613458 0.00436585689663612 0
0.00164991712571575 0.0382179179849912 0.000943714375467041 0.00103943341167773 0.00224716966840311 0.0538877415172896 0.109040227662888 0.0803847995675721 1.33219298959697 0 0.168303147134154 0.00145514775323957 0.00232736291950142 0.00199484783130996 0.0043159201919226 0.0158221843493898 0.00277195837170992 0.0015122900418642 0.0432175969430725 0.156188778380805 0.0165755407298037 0.290288170763502 0.819856402413475 0.000946466846381071 0.0175024110988973 0.00228275001893797 0.022782280873773 0.000728423793919405 0.00269711651802129 0.940478204402516 0.000220918005702231 0.00328887093520293 0.00404216918578327 0.00357675994149821 0.00112836758471783 0.00842324532969408 0.00925584262900358 0.00894423681615201 0.00235586816460964 0.00332452682835369 0.009586519391118 0.0751941802147661 0.00109431320819147 2.88480960628235 0.00287287366804584 0.0109965324841969 0.00422350958375216 0.0164792542611812 0.00603161447173767 0.0111220627064341 0.0323423530379106 0.010706481004652 0.00799863051791451 0.00626612490830217 0.037893981912895 0.034950756063526 0.127258873448671 0.111262766585313 0.0377400381108829 0.0530784668543313 0.357063347576478 0.000938535424738887 0.00155982764474955 0.00212433431838443 1.75930611011522 2.27148422029876 0.00355331046798168 0.00329276021648591 0.00404537431317158 0.00462366044339991 0.543675412039208 0.0331439282665404 0.018441468708912 0.011433435921443 0 0.00589469792986767 0.00830357884557223 0 0 0.000344828851893034 0.000476659397179911 0.00347291726807774 0.00368202137573138 0.00227731014573046 0.0203587580637241 0 0 0 0.000501015067253196 0.00090651733407254 0.000525093401634603 0 0.00732302495534888 0.029019606362693 0.00617634521729523 0.00324831467136998 0.000292187154720997 0.000210801084410095 0.00310630570388261 0 0.00236443581836068 0 0.00079359946220563 0.0068409742074073 0 0 0.000501250780772462 0.00046234742684182 0.000270843245511777 0.000421507883993089 0.00119036171355976 0.000765742157369989 0 0 0.000488082658200301 0.0130794042483429 0.00011247344710676 0.063856679786129 0.00212323773206628 0.0186740639289545 0.00294173932732295 0.00311065399155119 0.00352381097651933 0.000888241542107695 0 0.000176852664864988 0.00048617296729004 0.000120809171272086 0.00472233060232446 0.00643038397073564 0.0179231889742468 0.0333030779299745 0.00513700402472728 0.00219554644174092 0.0117894833565609 0 0 0 0.0557379016801573 0.169149581226384 0.00549201179876065 0.000356121384625804 0.00371004282637818 0 0.018233873970295 0.0062343431549004 0.00393986297450086 0
0.000521105988128971 0.106930226169143 0.000193853083009458 0.000442706509890022 0 0.000469007300670059 0.000718844753639996 0.00273301067463383 0.00364488853149987 0.168303147134154 0 0.000122917861209826 0.00018966055271877 0 0.000531507211817223 0.000695041096251854 0.00302220505924059 0.000673313409119826 0.149218521852246 6.92159219783932 0.0476155203015487 2.88377373131459 0.0268177961082655 0.000149097966001163 0.00597570128332484 0.00149431240606964 0.0259081688528152 0.00108771036788568 0.000777483310057919 0.0257802830146706 0 0.00266764189566688 0.00270407354464709 0.0054246841216578 0.00158751614112447 0.00480113408510101 0.0130638258218945 0.0142557288957136 0 0.000249350912820322 0.00382026244029025 1.17017137584651 0.00434301369027932 16.9744081166811 0.00350221494803587 0.00201971780545254 0.00124472174341897 0.0192011171102977 0.00121948259269459 0.0208057868862454 0.0491253566450553 0.0011260544757265 0.000279952316662765 0.000527537244059129 0.00274362790234766 0.0331681297564292 0.24100850890031 0.519960388775829 0.0561497543984639 0.0452657431669016 0.3655168314142 0 0.000332599273788564 0.000233616978832046 6.05874329839545 0.172795126817018 0.00331691980283711 0.000739145095209642 0.00103145933826454 0 0.00493429053156975 0.0345890424126055 0.019687103381551 0.0036427102633616 0 0.0258040785339514 0.000142072924413039 0 0 0 0.000465135241385561 0 0.00159849953916832 0.000744876564620203 0.083589435876199 0 0 0.000170757830239717 7.2704246533919e-05 0.000627986397805032 0.000281324001663173 0.000651503933791111 0.0143558197814526 0.0460398749605344 0.0134481772154754 0.0229081874865875 0.00192401094717275 0 0.00586801498659737 0.000188712688845025 0.00118954563704941 0 0 0.00298665501193875 0 0 0.00122155954216086 0.00215759827406891 0.000655803741580804 0.00134065126269518 0.00361163148329993 0.00192015171947426 0 0 0.000247008763774271 0.0348224612867195 0.00141225202589135 0.11503775988234 0.00230269119327226 0.00134281107325756 0.00105385931784344 0.00798886143804294 0 0.00396709165891046 0.00148576144550086 0 0 0.000138097704714561 0 0.00946752682937424 0.0283324730876393 0.0503872912950279 0.0139987023743128 0.0185416824793737 0.0247022169594508 0 0.000806185771381005 0.000218268367911808 0.0555000816254354 0.0740588402986759 0.00137099234829843 0.000316202942704102 0.000970002544067244 0 0.00295282282124737 0.00644843523497425 0.00899789586946863 0
0.00916687405610749 0.000808752612951037 0.0108303482852653 1.23616273677059 0.00257727932181537 0.0128193711001423 0.0638495500166298 0.0124076130068525 0.00564441386128167 0.00145514775323957 0.000122917861209826 0 0.0201782800714585 0.7400418640192 0.111781486502357 0.148925022034936 0.0623950758097809 0.0715675366948999 0.00117557228664629 0.00118768836405266 0.00123634461949894 0.000449511454969655 0.00104651350672699 0.0175685991056182 0.0213277470045032 0.0952221681605853 0.0206694968415084 0.0520658296898164 0.125836475299271 0.0126924426982877 0.000122251690465177 0.00907700979349896 0.00925903047338306 0.0125026165094319 0.00123165972582662 0.0572170401281946 0.0138202635268572 0.0613748812529147 0.0609689462506594 2.28386234520765 0.168700119649587 8.33903969497587e-05 0.00070545392447694 0.000678949844529762 0.129200101077501 0.00931022509455962 0.0404431206307313 0.0161829401170802 4.00445116077297 0.00324872242750397 0.000508577438056088 1.90713613700018 0.0258995351248592 0.293870356420581 0.0338604631798582 0.0435050711046369 0.000884941202060521 0.00346082501967165 0.0107785531502671 0.0132807349563879 0.000310841916611152 0.0398673931393418 0.00116692299252362 0.0157877466836547 0.00538506921514135 0.0236609437847389 0.103594808571942 2.20778513482658 0.130714725128249 0.00105359469847074 0.00425648572366358 0.0354825161160868 0.101119585833727 0.0206546686417542 0.000146151906980085 0 0.00103952333583144 0.000324502559344492 0.000921082978785036 0.0133682043279567 0.0337723495239539 0.00830474763330116 0.00103627315663203 0 0 0.00705597840976317 0 0.00488591265093099 0.00563210366549124 0.0120000002359742 0.000802067453072254 0 0.000274103972546034 0 0 0 0.000237346345651673 0.000593299368953066 0.000671177057701229 0.000352241786973074 0.00144759644785126 0 0.00181875752320318 0.00255969933460708 0.0004820678565991 0 0 7.47951833357441e-05 0.000290397844231981 0.000438340591113126 0.000345172695886155 0.000364237524845464 0 0.0025540274211967 0 0 0.00025670646349395 0.000636022653689068 0.00233503201120843 0.00568493239107967 0.000729420797244695 0.000417059020780108 0.00399189067571524 0 0 0.00683803214206566 0.0116220283495787 0.025430276708243 0.000326715467961744 0.00164112040755075 0 0.000440804464607106 0 0 0 0.0016857210822373 0.000817263318750906 0.000384489272715973 0.000476607468641841 0.0318667784599221 0.00115335031170686 0.00785952491112202 0.00454028009890507 0 0.00335241078012126 0.000509427004756001 0.000725089729857434 0
0.209746315055998 0.000205920181144126 0 0.000833441083876365 0.0648842961334059 0.0994476560065494 0.0109915811826933 0.00413354235343365 0.00536119602773453 0.00232736291950142 0.00018966055271877 0.0201782800714585 0 1.09363297830582 0.0469504737933334 0.0287298240343834 0.00619350038887425 0.0790155798636356 6.38651876902659e-05 0 0.000178693892032166 0 0.000606651414918252 1.69580639608064 0.000669480275458111 0.00145875090262067 0.000500137822599086 0.00152454345602343 0.00342274988731439 0.00104777563023549 0.0153958700382388 0.00966335016441305 0.000719805783305598 0.00145179957370399 0.00243024524829356 0.00352515639250214 0.000484202103118431 0.00202377343576555 6.94793539647184 0.044276133801046 0.0022934056170708 0.000130896796638841 0.00224786652869937 0.000166665242521581 0.00617946196415443 0.00231410974603871 1.85239797581204 0.00628783833145381 0.273548503736655 0.00032983565776212 0.000813358387795546 0.545016702191521 0.116189045139325 0.0246691087719563 0.00174523529891592 0.000302728561077748 0.00047175383768791 0.000241632535174161 0.000184529135363549 0.00215313470588192 0 1.66207224845025 0.0674962800582193 1.7985746425095 0.000601563916726271 0.0351653307336373 0.00163708429548333 0.0120100080889907 0.00656048364755202 0.0761378627216484 0.00333361854241414 0.00358106648830468 0.00278776193648258 0.000480826836035786 0.00832716882575639 0 0 0 0.00296308782066124 0.0249715716709309 0.000913358400477203 0.000323908792938005 0 0.00103889153599684 0 0 0 0.000412432908598871 0.000555882687431561 0.00188328286807054 0 0 0 0 0.000118153808886723 0 0 0.00280365609807906 0 0 0 0 0 0.00013142156681867 0.000267146715727529 0.00297234604725146 0 0 0 0 0 0 0 0.000558005955644314 0.000276523555142964 0 0 0.000229304006234832 0 0 0.00293169751396217 0.00029599043105628 0.00208305227782635 0 0 0.000463798282845609 0.00389720246812529 0.00159186418470102 0 0.000199140720170271 0 0 0 0 0 0.00158637824730145 0.000538610776601375 0.0051521102447009 0.000122903873266963 0.0119314045672383 0.000238286526116425 0.000418975878699764 0.000195322892686367 0.00630673167459377 0 0 0 0
0.048010207776833 0.00136721904790718 0.0037533076296772 0.0264745641750139 0.0209576343892457 0.0558074013318246 0.0570042050984167 0.0117483729557737 0.00439114326887702 0.00199484783130996 0 0.7400418640192 1.09363297830582 0 0.179691276727888 0.124205665203457 0.0239808510393728 0.112176904151454 0.00142448888183117 0.000557054885184087 0.000867345892017646 0.000289318652880216 0.000734492485967303 0.253065594629839 0.00854358552027908 0.0131524237630447 0.0056829081213839 0.0153297252224405 0.036302793878021 0.00609975779883582 0.00021209755215207 0.00733453295287603 0.00776337747008457 0.0053182872285525 0.00203065342187767 0.0218424335995708 0.00790235636093837 0.0300581479294997 1.70082482916278 1.43633145811837 0.0486248766487874 0.000174967766517549 0.000997972066767869 0.00119130323294617 0.0353279271193812 0.0100861825097081 0.0649068922475554 0.0169434898902773 1.88781142487456 0.00261836096319935 0.000131571561085854 4.51443968512187 0.196302975662837 0.187469525344916 0.00850335560127385 0.0133402904701766 0.000409857698471404 0.000740581198288792 0.0052955076319573 0.0121377818974461 0.000356161790163963 1.1849074710277 0.00645306862683488 0.0374168987598562 0.00246474039662766 0.0424334173885953 0.019868388992944 0.168723566532155 0.0348257605129205 0.00555375736076436 0.00782320275988253 0.0190029970966075 0.0433247526916572 0.00753288405299122 0.0054021830558422 0 0.000666262894107361 0.000225450054880323 0.00405011972869533 0.0331839552007544 0.0159608065210889 0.00197452415807407 0.000634287577871913 0 0 0.00120388443764557 0.00178768013741776 0.0054709578333451 0.00345119782951194 0.0125461881415732 0.000136122297369319 0.000520406226759742 0 0.000132326710604713 0 0 0 0.00201196866945426 0 0 0.000624628916862146 0.000481351850118005 0.000520545963170179 0.000321227074479024 0.00305113113870927 0.00278622415202684 0 0 0 0 0 6.63475070786044e-05 0.00063201658369462 0.0018962783327122 0.000166624738780308 9.09587182517319e-05 5.99494010712293e-05 0 0.00113017548902098 0.000977858386069341 0.00534468319475003 0.000532192961118271 0.00167174612377924 0 0 0.00821001437334476 0.0182832156666506 0.0124218658757924 0.000288728812968628 0.000678715372111901 0 0 0.000206650548179775 0 0 0.00675836148446271 0.000869430570803187 0.00292155703095186 0.00035248424934381 0.0368217847430646 0.000661649225079414 0.00131389072103233 0.00180481567464934 0.00132826461716291 0.000735419591245281 0.000633336125940862 0.000776309304085965 0
0.547439622819956 0.0013922549588026 0.00511103898372004 0.0137152058238493 0.306427721673529 0.132261343541322 0.0965836966470578 0.0298535842871495 0.00663348165555079 0.0043159201919226 0.000531507211817223 0.111781486502357 0.0469504737933334 0.179691276727888 0 1.0524980681443 0.0153652182914259 0.0427789926183099 0.00485025388611047 0.00193483058897376 0.00083261130230053 0.000415889907131699 0.00161570580309481 0.240570301963978 0.0481224181553394 0.023952576278479 0.0266322801098285 0.0773391926219988 0.150974096362876 0.014135803261961 0.00312652166720265 0.00714214785481582 0.00110862888457592 0.00285571291209439 0.000773577089675341 0.00661540907805027 0.0124015915942142 0.0299537621360644 0.0420361827863898 0.0403415133461876 0.0106939922338554 0.000135047603934289 0.00146897928783487 0.000931850017196101 0.213253518110593 0.0159762721086088 0.0165538979129778 0.009652812280003 0.17472249007229 0.00169162734012609 0.000181842186383197 4.25770395522658 5.00516897502784 3.20141756218977 0.0120211079079424 0.0659569900056278 0.00158530549515934 0.00468629136964206 0.0122265346045495 0.0145376840175453 0.000485975341425663 0.307957434349583 0.00365543595605353 0.0227076626126091 0.00678072973115697 0.0937437987619767 0.0753937415503082 0.870219565445951 0.579972672133008 0.0315810749630182 0.0130363337335606 0.0226599079219042 0.0620771326461505 0.00160438583549503 0.00976902359841482 0.000239078257513502 0.0023271354444814 0.000643392282816657 0.00861268136976649 0.0818346748566558 0.0906112398199049 0.0138494061634106 0.00101775340806478 0.000129755693224835 0 0.0127968488931628 0.00259231417556814 0.01225621284735 0.0243744181863543 0.0603085842551361 0 0.00253116868861755 7.25055424627245e-05 0.000317772472474174 0.00010778833624752 8.40225993159792e-05 0.000251591943479226 0.00597690323455409 0.00079961484791719 0.000355038772587843 0.00184913845460745 0.0004693709306204 0.00259857571151656 0.00193209311423886 0.00203710673136714 0.00628024866169094 0.00021341317393658 0.000612945091565852 0 0.000645713593696898 0.000295046550132735 0.000192015207432755 0.00669957808070434 0.00570728310875766 0.000130007151346638 4.36989192107067e-05 0 0.000501535170934937 0.00306094028848951 0.00538700904771832 0.00306992415769621 0.000112868776028993 0.0106905200591672 0 0 0.0271491071311092 0.0549837475045352 0.0723810274234875 0.000796043763992159 0.0022156934414437 7.28123560126089e-05 0.000503338931438064 8.03031921338079e-05 6.35522676858541e-05 0 0.0109892871340934 0.00263933545072327 0.00388416711822961 0.00146817958222105 0.0998220301974259 0.00342273976536564 0.0134483754171504 0.00643956811790615 0.000418389472100167 0.00311170690419988 0.00071706390501362 0.00155734512995973 0.000134299113522071
0.318545574440744 0.000638032483071073 1.56047155961378 0.0286755957438783 0.895544817780473 1.6880123429325 2.18198058024171 1.43403703645226 0.0266565570899681 0.0158221843493898 0.000695041096251854 0.148925022034936 0.0287298240343834 0.124205665203457 1.0524980681443 0 0.0342187520136612 0.0524884706443705 0.00258870683953447 0.00174014122951048 0.000547514564828294 0.000873926991997731 0.00862590818951041 0.0818954518076792 0.00986883927376728 0.0174775103411351 0.161274601397225 0.0189778865538216 0.56959612986926 0.220583820953489 0.015148582907535 0.0110204010176192 0.00194113448171482 0.00347370053245051 0.000285587576408767 0.0046670923361678 0.00388646681378228 0.00998896358767236 0.0323788110336369 0.0467546509685806 0.0128150543033791 0.00075124830554323 0.00147980937675503 0.00328681445215709 0.190060973857615 0.405454034793906 0.0237482564589553 0.0163476331874034 0.268243404101278 0.000321072943517736 0.000190737315849669 0.352484887302258 0.557143542797021 2.77766972911072 0.00284163601254339 0.0394345259878723 0.000678992530003044 0.00512883832038974 0.00189661600752808 0.00222958625825371 0.00138593209039301 0.0402160331248418 0.0267181299299136 0.0402293699379894 0.0239995283577396 0.29604366822891 0.116549653543324 0.213824784765642 0.724037188251853 0.476656631266334 0.0517272227955336 0.00444691292216534 0.0194473997859685 0.00224072326602584 0.00892985265135412 0.000311568763737243 0.0128358984581331 0.0036572650481808 0.0107733219169695 0.100786728622428 0.219602309410895 0.217624366614606 0.00212526744656228 0.000534069691631615 0.000121221543300559 0.024551651183511 0.0020676226866878 0.0212737886789924 0.0531959707079389 0.232548470013341 0.00179741583277697 0.00336729170726946 0.000718557111390477 0.000967053358005492 0.000329966126827273 0.000132832633412423 0.000847206348312288 0.00625526472791975 0.00241115872149762 0.00185368383741747 0.00877732300309757 0.00107715610603806 0.0400490266804333 0.00774082927869931 0.00172113115843594 0.00861976059547935 0.000103050269378317 0.000784200228168099 0.000143115032678369 0.000939156829483257 0.000713964136848778 0.00100902226029107 0.00448432909253255 0.00698851920031127 0.00217423932610608 0.000479428876800508 0.000174588476203503 0.000577592131726561 0.0368893553503209 0.026912423442393 0.00475996416767856 0.0015554155127851 0.0230487330901834 7.95531483068716e-05 0 0.0395731605991649 0.0676958103670187 0.160122113247704 0.00157929402969678 0.00594633109316557 0.000141180729186766 0.00176479046636612 0.000224324810840025 0.000583201781069494 0.000257254995769785 0.0106751638203707 0.00357484940073384 0.0055787653296488 0.00331434499589498 0.281623388906559 0.0110695654881626 0.0547968423444728 0.0848598740689364 0.00200228872696116 0.00903350711372376 0.00138775654066502 0.00494805614647621 0
