0 0.000610384941305553 0.0017909944143326 0.00038228245917855 2.53971915714097 0.45744688836702 0.0272017808568397 0.00194064558499768 0.000493372863154599 0 0 0.0123126191840075 0.0585572496376098 0.165218711746982 0.899317258778285 0.388880023431415 0.0145775524024066 0.0548892652306428 0.000619752751185221 0.000218043148187495 0.000228447786734282 0.000168400117941725 0 0.615851331426811 0.000601268446333621 0.000646909203835016 0.000628438528185683 0.000664601438777425 0.00243515890067423 0.000735256355641019 1.14291342750188 0.00590690658381539 0 0.00207811671804172 0.00397290856484272 0.000364922014118384 0.000169857168005274 0.00220832424130194 0.0688726632983793 0.0174113664466314 0.000440274414761528 0.000146963071984887 0.00359221637595277 0.00030369801069741 0.002381180259371 0.00253650783072802 0.297918484533579 0.010709742207664 0.244328104212021 0.00112193699600569 0.00108952317349688 0.851314295965876 1.71712817510005 0.0628112478592287 0.00050398453660239 0.000590887202688747 0.000590672178872036 0.000953585590227358 0.000879956670355592 0.00030017875077077 0.000397047549489576 1.07517718228392 0.358475906686863 1.25152647104211 0.000437785764117789 0.0530366175031911 0.000640738121684912 0.00743189563368274 0.00105512793642958 0.817592261266711 0.00167236328951038 0.0037108502047874 0.00683647131999088 0 0.0570884268352487 0 0 0 0.0458796778825041 0.0967327768982701 0.00473382914685455 0 0.000989945558228206 0 0 0 0.00127478700343818 0.00193773949132085 0.00206873571188643 0.00488702546706341 0 0.000863422504366829 0 0 0 0 0 0.0138804928398812 0 0 0 0 0 0 0.00789285646078862 0.026358657677337 0 0 0 0 0 0 0.0108165682598429 0.00101189384577489 0 0 0 0 0.000117919593465143 0.000564473131237841 0.00130921389366156 0 0.00295342265780423 0 0 0.0031355043204484 0.0266445784804118 0.001309229272338 0 0.000138978137215849 0 0 0 0 0 0.0120776923976449 0.0206671062358371 0.0261436297227888 0.000442624033080525 0.203770715032504 0.000315777990714146 0 0.000444260964046816 0.0344887594882426 0.000221378171772731 0 0.000123443460597914 0
0.000610384941305553 0 0.00043792272301542 0.000554095759512145 0.000214372496084513 0.000143813231153634 0 9.35593389674895e-05 0.000221387289496888 0.00387436266933622 0.13275983841204 0.00129055325700963 0.000264059311780184 0.00050883801634241 0.000240895405177541 0.000430494834044552 0.0143805482771173 0.00632484535824302 1.14854897463488 0.318611104158674 2.1980912084858 0.702872459208398 0.00609208413888562 0.000431491806771829 0.0028607040610342 0.000565609683867487 0.0049750222035471 0.00012719350832709 0.000440165763221172 0.00620632417189178 9.44653015052914e-05 0.00523719204052323 0.00471641713612468 0.00697643225846991 0.0145090451413094 0.00169163007071265 0.154973661311392 0.00955820544943876 0.000901149181492419 0.000188422947394514 0.00229054854043976 2.84714978795239 0.0101011270924654 0.75298907273251 0.000934573088674016 0.00051143817953426 0.00881713477654499 0.046279073619819 0.00280684137427884 0.163183999353459 4.9586516591673 0.00201174803219248 0.000216415042424685 0.000246989156080631 0.000595067185556759 0.0149004930981853 3.58428216697893 0.793971087643203 0.903142055821458 0.58326729852988 0.955153409364817 0.000248233579190814 0.00285582231896778 0.00332652277339787 0.0675413296956339 0.093064098393604 0.00135602497405914 0.00114216221981467 0.000108100376268912 0.000929262817494254 0.0022492502585968 0.171314064718481 0.0527048833348817 0.00129221489348064 0 0.00061165591515433 0.000416725517607316 0 0 0 0 0 0.000620676344400584 0.000446468564500039 0.00335388046171972 0 0 0 0 3.9948589188783e-05 0 0 0.00197502967326934 0.00507791024796043 0.00053053045339265 0.000390364700889274 0.000125306189560651 0 0.00162185313131007 0.000123783426118121 0.00173470041740416 0 0.00027382835172929 0.00656059353663085 0 0.00105887667949033 0 6.70750500022048e-05 0.000136227646992443 0.000600550415234911 7.94053542817114e-05 0.000220672052894067 0 0 0 0.00188564947483967 0 0.0147588318193743 0.000472569033303043 0.00112241146945208 0 0.00074196396474392 0 0.000345989964081493 0.000207769663956026 0 0 8.01283098241269e-05 0 0.00551519176773889 0.000312538616146624 0.0071613833066653 0.000937294146565053 0.000756513958465551 0.000929227596523584 0 0 0 0.0231952356641294 0.00444107133668184 0.000891345537626701 0 0.000200058785710217 0 0.00155538878632605 0.00181286274443021 0.00250564953510246 0
0.0017909944143326 0.00043792272301542 0 0.0208753285277091 0 0.0130102245648834 0.0827908983964752 0.430017499092496 0.0136689641026802 0.000754828796442494 0 0.003499654336382 0 0.000287698226842728 0.00342975996018296 0.788917909774443 0.0320478943766712 0.00274555961483148 0.00162249856089008 0.000840180159531249 0.000355172476286198 0.00060626629659729 0.000735623700052757 0 0.0108576375421358 0.042426533004219 0.686522530527543 0.443118245503786 0.552514947322485 0.103929493710237 0.000430184508273812 0.014121393558344 0.0131079437926947 0.00158310615158199 0.000855886599241103 0.0106087861688256 0.00115526836750269 0.00129981568263135 0 0.00212231234822759 0.0871948846033134 0.000190785632866008 0.000979236645107628 0.000890007266668208 2.41105786347333 2.54984424334136 0.000616285374722336 0.0421917601252993 0.0501156482898015 0.00109233634532934 0 0.00563509228540075 0.00157630764426592 0.00997232255774291 0.0045589530577564 0.108298991221073 0.00138221984864948 0.00674232418832848 0.000762966299227511 0.0020359832463858 0.00036234809890484 0.000502978145618217 0 0.000219136288919161 0.0167283599965531 0.0863203059906076 0.723468210238795 0.00591993801727926 0.0264497616988176 0.000623741741889339 0.0114910122718344 0.0046413401192601 0.00839393340700043 0.00217737773741163 0 0 0.0235656944774581 0.00149707839130358 0.000211757248816356 0.000361508403914869 0.0133826275726872 0.256514994229948 0.00405422781149099 0.000446454839256379 0 0.000436084474329241 0 0.000128496399518338 0.00504793674030015 0.0721760832882103 0.000962974843117168 0.000164311098724782 0.000571125464436057 0.000197958783872514 0 0 0 0 0.000696754115236271 0.00149988741411316 0.00151726233637803 0.00140460626934662 0.00686147887161256 0.014831497204808 0 0.00115965217989376 0 9.38431188059197e-05 0 0.00145102517384437 0.000104359900635956 0 0 0 0.0036261555075108 0 0 0.000715961065945082 0.0308378438907842 0.0934162003498045 0.000191120877360975 0.00411614181332928 0.00159677840596685 0.000685748009987223 0 0.00246142304064333 0.000515998944761072 0.0349289169048022 0.000650121997605824 0.00233671118016052 0 0.000292040990555922 0 0 0 0 0 0.00059265235165266 0.00387086557505999 0.0706870487790394 0.00328963932136369 0.0128014264424309 0.0488165524236641 0 0.026796903374523 0.00103450320479971 0.000643559921213906 0.000261806537280945
0.00038228245917855 0.000554095759512145 0.0208753285277091 0 0.000110054048050007 0 0.00507502459838143 0.00914682528364165 0 0.000195586778801309 0.000130150542906756 0.581641531606617 0.000258791829060552 0.0014226213526514 0.00965159609281359 0.0318429466370066 0.0861594260965491 0.0100363340937529 0.000570423947628259 0.000224952940987401 0.000120036843074984 0 0.000206943658943215 0.000173716720935622 0.0292237261882366 1.17657542887219 0.0153665883886286 1.8370051926626 0.784920029623241 0.00321590875535874 0 0.00561957093681463 0.800069226255928 0.961065383900181 0.0121670842877942 0.395775941002152 0.00209261385946977 0.00321681667492184 0 0.0155276462020346 0.555992124555287 0.000217093958191802 0.000299513399206129 0.000145937967028352 2.18622998983975 0.00846389862677019 0.00294122142400682 0.0654749514233309 1.91432758767801 0.00243027782192488 0 0.0158743955530122 0.00069418742747471 0.0148252608029932 0.0270689947181223 0.0618185615620387 0.00123172969056138 0.00164519748924712 0.00112737101015065 0.00201681840326869 0 0.00108782534028518 0 0.000393655074224172 0.000570915056189389 0.00403127661852415 0.968954042893889 0.770553765152111 0.0593315801092541 0 0.00206748659663045 0.0149177631298398 0.0415311803677951 0.637281892003765 0 0 0.000741572978458661 0 0.000106225062624393 0.000173995252717732 0.00194289276312305 0.00261991141050037 0.000186792036496332 0.000729290793474602 0 0.000159179456230833 0 0.000276162171201718 0.000744298358286043 0.00142045370006412 0 0 0 0 0 0 0 0 0.000218352052325412 0 0.000109319411804509 0.000243144291530144 0.000200082019111278 0.000927646746853415 0.00011098395669829 0 0 0 0 0.000632366734878482 0 0 0 0 0 0 0 0.000118127439496483 0.000990084513867884 0.00267336608927525 0 0 0.00015373752524334 0 0 0 0 0.00150848690236289 0 0.000339446492661562 0 0 0 0.000131588611733204 0 0 0 0 0.000211990721292694 0.00233373246728624 0 0.00117084920650684 0.000543479761347714 0 0.00196751907071113 0.000582258975732977 0.000380315689317692 0.00018763369129034
2.53971915714097 0.000214372496084513 0 0.000110054048050007 0 0.502372360288124 0.0193270715280593 0.000860080468417729 0.000627940017837447 0.000336895249215763 0 0.00121259999853494 0.0138294911568757 0.020637597530198 0.545882891633285 2.20102525115548 0.00406607653333205 0.0119163154622834 0.000192972997978044 0.000212233483054148 0 9.83243423536779e-05 0 0.0345734639259983 0.000276757433968156 0 0.000298612272019657 0 6.21864682436241e-05 7.40624823015361e-05 0.133187295315362 0.00116430657821695 0 0.000389346140123054 0.00162287306598891 0.00034579210807939 0 7.12171718618491e-05 0.0306984790711235 0.00196281571610501 0 0 0.000467878957443811 0 0 0.00152609802318651 0.057990831692568 0.00313823506679373 0.0770351183430893 0 0 0.0651774269520164 0.755791050445248 0.0376509211844329 0 0.000269409586943734 0.00049684894856231 0 0 0 0 0.116073990228525 0.0335985911342894 0.123382207467392 0 0.0192860828898782 0.000279369492770637 0.000812401761839611 0.000567944485803037 0.400151941017194 0.000532653700684567 0.000394746212263233 0.00105980001165704 0 0.0276307025754321 0 0 0 0.0217256492098992 0.0424903746665166 0.00349945031838884 0 0 0 0 0 0.00205308548389153 0 0.00181843737337735 0.00181035105651907 0 0 0 0 0 0 0 0.00536494798838071 0 0.000134348012225549 0 0 0 0 0.0025504825121987 0.00483729764692345 0 0 0 0 0 0 0.0047941575431874 0 0 0 0 0 0 0.000282774187826546 0.000910856891768452 0 0.000814122527629543 0 0 0.00128239912713619 0.0097644281967578 0.000644537466331484 0 0 0 0 0 0 0 0.00924335679076578 0.00631433771453718 0.0161700389264404 0 0.0968093964692185 0 0 0 0.00952144203932352 0 0 0 0
0.45744688836702 0.000143813231153634 0.0130102245648834 0 0.502372360288124 0 2.68790064898819 0.168223740504092 0.0587358010225581 0.0144113542811428 0 0.0103258978340768 0.0221458030529378 0.0418323417531068 0.117399736821726 1.37732870995355 0.00803379803479117 0.0333593474646124 0.000229789752130471 0.00025935908967585 6.58018234050029e-05 0.000219371600369597 0.000194312364565443 0.0582316881819702 0.000791685057975542 0.000753726384127587 0.0025664787226129 0.00119470085588655 0.00217473670119752 0.0463171793176868 1.05999270880248 0.289697187450499 0.000661617620482943 0.00082646600790818 0.00291777779906358 0.00102180891038097 6.51631354990547e-05 0.0011133492707001 0.036626527867314 0.0132370420537779 0.00232893973592679 0.000291767156816359 0.00242749364852987 0.00167919827101452 0.00370073153088274 0.130756758814673 0.0938402313132631 0.00373056709153756 0.155507760222122 0.000116538726002494 0.000136489906160159 0.10250225174745 0.180194390580595 0.0614936123464083 0 0.00199717429773286 0.000292426175127434 0 0.00013415973860291 0 7.30337866064988e-05 0.0606670192886296 0.431673731313075 0.298425930710445 0.00866685266606809 1.28151949986028 0.00215936696695416 0.0035103883825224 0.00188539993484246 3.27149819838525 0.0978858472714203 0.00122923315124791 0.00282420152847042 0.000262331383260206 0.114980559073903 0 0.00116377104269526 8.0541267795671e-05 0.138220581946281 0.483007810547654 0.0574997857694213 0.00387752329994402 0.000939824016711205 0.000252327291021814 0 0.00168185895040063 0.00585879670071592 0.0144425832920934 0.0295225309075902 0.0565002294072224 0 0.00129662582758305 0 0 0 0 0 0.0330704345192783 9.48290317388453e-05 6.41727884141481e-05 0 0.00020937566812128 0.000117592986795354 0.000904349686128294 0.0338136042727181 0.13123476665816 0 0 0 0.000317542809141147 0 0 0.0256749155137065 0.00635932358765769 0 0 0 0.000210527927848758 0.000621290370609462 0.00198286954894997 0.00307134427459845 0 0.0351595687495094 0 0 0.0477605964883779 0.154779838292264 0.028720708699501 0.00021928273031086 0.000354135642715031 0 0 0 0 0 0.0389366035587017 0.0627254299819188 0.0660522212789636 0.0006105006641 2.96844542125789 0.000202840222213313 0.000666226136253095 0.000134948428368049 0.0599516084570115 0.0015679709656013 0 0.000273003163022047 0.000241413730762353
0.0272017808568397 0 0.0827908983964752 0.00507502459838143 0.0193270715280593 2.68790064898819 0 3.2401537188011 0.254687376075749 0.0210171305401376 0 0.0494015778009917 0.000530525798643072 0.0121542745339781 0.0606192344133245 1.2766139882973 0.0042904003660646 0.0104334197618303 0.000544595788457447 0 0.000278696320160532 0 0.000536402237446276 0.00269356244004407 0.00190558641395018 0.00333931870204088 0.0134708217225031 0.00603903234620476 0.0445981118310527 0.109184566054081 0.00868179647266771 0.00545435916411224 0.000783454773670943 0.00107837285081458 0.000551568492092644 0.00394013213723463 0.000288214488209737 0.000453308501326904 0.00669406903364776 0.038318863083936 0.00834433914988629 0 0 0.00184057548897829 0.0245300244451888 0.767657499632907 0.00597364609366626 0.00680156171009832 0.139858090119146 0.000689825900350195 0 0.0867724312929908 0.0495991181692663 0.0695870321115905 0.00149798903453303 0.00878414966299481 0.000143177356740532 0.00171841692774116 0.000436610735539238 0 0 0.00924239487224319 0.0118150117394188 0.0104463155377411 0.0144750312571011 1.11803291106655 0.0119259327255299 0.0944373852732726 0.0360545169478382 0.0492092952475789 0.239949307365083 0.00200621773727017 0.00372977805727672 0.000714124648727601 0.0063269372183438 0 0.00378023320786221 0.000962056767480748 0.0137218129833042 0.19103003843969 0.53168192478277 0.0446850715182882 0.00500717780712029 0.000303296446783868 0 0.0317197808767614 0.000904000492232993 0.0235377378645539 0.0837425947440882 0.17204964862913 0.000891054412482974 0.00187312375999164 0 0 0 0 0.000543188869911702 0.00208791957320739 0.00124606949207656 0.000865899971938472 0.000328099851201113 0.00171124121624053 0.000508776715225879 0.00330357868885435 0.00207901918699161 0.00964230167836526 0 0.000130866823072583 0 0.001533184710982 0 0.000224034522830749 0.00177209231148435 0.0161234232296068 0.0043388112134353 0 0 0 0.00592516253211535 0.0141058568510433 0.00272955874470355 0 0.0706825315354737 0 0 0.0683575269624521 0.0656899720448739 0.163341643474209 0.00354145651950688 0.00187084658734327 0 0 0.000332426439583599 0 0 0.0022833129163994 0.0127027287393449 0.00381329787144486 0.00110381168709924 2.12796726366517 0.00267146722360023 0.0155003525213765 0.00151276886422491 0.00471290108078644 0.00639169611742036 0.0021462058487993 0.00151988716017188 0
0.00194064558499768 9.35593389674895e-05 0.430017499092496 0.00914682528364165 0.000860080468417729 0.168223740504092 3.2401537188011 0 1.46615607795797 0.0457842124931236 0.000341303043358485 0.00617635073183386 0 0.000801054416777136 0.00560026289378316 1.01907464332799 0.00884776635969445 0.0018652758797143 0.000821391925308499 0.000868107240143095 0.000103936591026739 0 0.000236184705160826 0.000103064210295937 0.00647135284171919 0.00789607700111016 0.0721642561091643 0.00998520260385812 0.108598953723849 0.400615206186359 0.000965567641249589 0.00343042213836606 0.0033208743487608 0.0006947527432712 0.000641747892892976 0.00383713660270363 0.000134983837846788 0.000143228592761308 0 0.00139324050142026 0.0165426066209426 0 0.000612109894244474 0.00428918338942063 0.0944406339996561 3.89539400467855 0.000909804384388039 0.00412215012194293 0.047492744801476 0.000283758758570386 0 0.0102079126850175 0.00437676614424558 0.00949938361965978 0.00088342385197936 0.048559729868683 0.000214213679853498 0.00330499499464084 0.000557164210101154 0 0.000531216931907693 0.000647402561890116 0 0.000385517302092594 0.0608549924701788 1.14250789667898 0.0230746733409991 0.0207681846143399 0.064930308604862 0.00329459883539684 0.791132322670966 0.00215561488745965 0.00247498479673041 0.00303206165477599 0 0 0.0264976209540665 0.00311577452616008 0.000571441925002949 0.0046062246882602 0.348560229285181 0.503311620248004 0.0073392769954479 0.00618726649564422 0 0.00381833153158768 0 0.000842498270960308 0.0464675899717562 0.215173503773991 0.00436294417628614 0.00179672918389193 0.000324775811892958 0.000241157859424751 0 0 0 0 0.00212564259316849 0.000871279495036178 0.00298514206934441 0.00250800462610037 0.00820152469791771 0.0171745924879951 0 0.000409587533771547 0 0.000395271952564761 0 0.000293038831422125 0 0.00011670952599013 0 0.00146966402591169 0.00629877464014023 0 0 0 0.0221464756104426 0.103824420107272 0 0.00387022175979945 0.0184205868102549 0 0 0.0341022129178858 0.00221918742851387 0.142615996396949 0.00247759782782604 0.00379773700005196 0 0.000252518725541023 0.00112881582859176 0.000573127885633469 0 0 0 0.000883841526282101 0.00329136089527654 0.452432543019794 0.00632879908265881 0.0447526139110113 0.0516112684591854 0.000689200293672709 0.0271113960874869 0.00148651850583115 0.00178281168297239 0.000679218591064235
0.000493372863154599 0.000221387289496888 0.0136689641026802 0 0.000627940017837447 0.0587358010225581 0.254687376075749 1.46615607795797 0 1.623101702382 0.000132661922964281 0.00171261925495427 0 0.000805858227282935 0.001277883273738 0.00910994297093515 0.00250825695173043 0.000903096354325703 0.00160843560095438 0.00111265368695248 0.000378036073410365 0.000509397543546342 0.00197389493324106 0.00011851270512566 0.022519703865951 0.00809201204051695 0.0293741459446467 0.00198742814782696 0.00219019999912887 1.19005728737531 0 0.00246531779967971 0.0146469760241757 0.00213321955230841 0.000965483926479428 0.0268430957089964 0.0015759058614617 0.00168322264521851 0 0 0.0541179138388849 0.00102828549415294 7.10279949926469e-05 0.0638842370012904 0.00471387073442747 2.03466966011768 0 0.0270172543989213 0.00436212717629099 0.00343286118799152 0 0.00252481483617794 0.0023946042264094 0.00145479940756612 0.0102011407674627 0.0455081824716557 0.00149468743572168 0.00581882771605958 0.00121226183862413 0.000767956729485826 0.000760971322270265 0 0.00214391352482357 0.000714751099391356 0.25985332833632 2.80151849055027 0.0108100632842283 0.00101689758130189 0.00105369964399275 0.000858673080052911 4.30309688407351 0.00625091468851869 0.0226671859073609 0.014523387102335 0 0.000209034171685447 0.0389942108809072 0.000987780975829855 0 0.000164382149049902 0.0223473499205372 0.122388971792849 0.019779833402327 0.0138705334362516 0.000440323745934616 0.000362193347758591 0 0.000256188949106454 0.00282683764649071 0.01776541611104 0.00219961783371473 0.00178887856532204 0.000472752861052184 0.000224044197327036 0.000439398502005056 0 0 0 0.00379549716700078 0.00397722052137929 0.00620637345095039 0.00776706691393172 0.00963477185255949 0.0366429278214966 0 0.00311788436487911 0.00170905968390523 0.00160954494487194 0.000681024871813532 0.00445993641020853 0.000467393038376295 0.000476856148399764 0.000308847435579861 0 0.0220574826179142 0 0 0.00231572150332311 0.0339705648399231 0.133326029466858 0 0.0130650633632554 0.000367465062124039 0.000164355219703521 0 0.000823857287387932 0.000108587328411474 0.00693114052954147 0.00462122374592102 0.00907892195242295 0 0.00112671793929716 0.00132042896230996 0.00122584813472826 0 0 0.000387586753106713 0 0.0114402234402499 0.147415013601405 0.0240199155101276 0.00272419430629604 0.0309378370687227 0 0.0777272052616337 0.000818281281783396 0.00668912913927868 0.00394911490782709
0 0.00387436266933622 0.000754828796442494 0.000195586778801309 0.000336895249215763 0.0144113542811428 0.0210171305401376 0.0457842124931236 1.623101702382 0 0.0138857427959339 0.000671069778762803 0 0 0.000422622516056459 0.00177920929675208 0.000876793054732761 0.000227773722918427 0.00924602704435114 0.0174390447979475 0.00133207475673525 0.401458114339869 0.151454099604511 0 0.0257265895910696 0.00223044332302585 0.0124931289281596 0.000307510495438344 0.000303476091866092 0.997464854969925 0 0.00190467143490627 0.00881867340292137 0.0018504176916888 0.00224760809492587 0.00912081873506858 0.0020433512234806 0.00147175045226626 0 0.00207836773446382 0.0109609050350867 0.00222599388123588 0.000394564482405144 1.07492353611303 0.000504621934541236 0.00561474045124946 0.000541555225749543 0.0144225800443926 0.000679297007111021 0.002687783946179 0.00604911836184524 0.00155086107191743 0.000417249833363269 0.000623228811219589 0.00463485733604792 0.0601179358018477 0.0125598827679819 0.0428589534513341 0.00881805261847107 0.0046538618373874 0.190996791329833 0 0 0.000343056822849575 1.50216612591051 3.15507072553225 0.000153418793477363 0.000402213105581773 0 0 0.563786426940877 0.00974167620315971 0.0134659083062399 0.00849214238356618 0 0.00028978220504113 0.00960470186298898 0.000378893659089222 0.000218084566116798 0.000430535498546953 0.000643037465480251 0.0128179631673592 0.00242036726214354 0.00361640685679705 0.000842788220093461 0 0 0 0.000511937181047776 0.00199307276256875 0 0.000573206723046837 0.000490772003642757 0.000720316207391616 0.000171257282732287 0 0 0 0.00385305652617121 0.000964976168030367 0.00304570952306813 0.00311457334451255 0.00109175404731298 0.0217412358766145 0 0 0.000663465337182992 0.000788709445036472 0 0.00382012798110579 0 0.000190560671244108 0 0 0.00530050051951269 0 0 0.0024841003007263 0.00502278678432258 0.0336109788500987 0.000604035565978822 0.00395106704672799 0 0 0 0.000119507451545832 0 0.000250337741942337 0.00694116979397943 0.0114709108994795 0 0.00285945238616207 0 0 0.000408082019031766 0 0 0 0.0211526004324909 0.0498991676721162 0.00466003778758589 0 0.0052381082615197 0 0.0379404050431282 0.00314606727247723 0.00431071239418095 0.00113219499211364
0 0.13275983841204 0 0.000130150542906756 0 0 0 0.000341303043358485 0.000132661922964281 0.0138857427959339 0 0.00043678609828612 0.000217787978984061 0 0.000184061991301152 0.000115487385409215 0.00400771639909685 0.0014398224306449 0.129347765368975 9.46596248848585 0.0229369220640849 1.7512236126146 0.00437737014070609 0.000109150840334765 0.0016242171384623 0.000540732925118428 0.00776706539012103 0 5.40427768533506e-05 0.063257446158716 0 0.00178209728067479 0.00350111041578107 0.00141576037610017 0.00249713367279537 0.00112921913786921 0.00555262318440314 0.00271265503811243 0 0 0.000706136166863236 0.329924835499591 0.00194084851093665 12.8401439695381 0.000630898583094857 0.000840750346802465 0.00262838283624232 0.0173840994270686 0.000824580074253122 0.0136065421008233 0.0769445467136639 0.000230499932099837 0 8.57071313634453e-05 0 0.00990532774177856 0.178418780730262 1.61717182267009 0.0163651137085824 0.0128914015772359 0.146212238533993 0.000352792008327486 0.000252927321187202 0.000391455827658267 5.5314452978102 0.339605058465682 0.000786028611703586 0.000352555684081782 0.000196218378263724 0 0.000247131092470192 0.0201380160115486 0.0108270450978169 0.00191046887314993 0 0.00287331835949549 0.000154381243007836 0 0 0 0.000125951490757916 0.000267204938680137 0 0.00145670172661183 0.688894423483634 0 0 0 0 0.000290364169195236 0 0.00015105965502555 0.0064862832851944 0.0223604759694831 0.00412997876528767 0.0376143303967584 0.000951967578459959 0 0.00378227446580591 0.000303979432679003 0.00380000763151328 0.0005674329616886 0 0.00810849705442014 0 0.00275980151420076 0 0 0.000227102604452857 0.000582589631698945 0.000215450046692018 0.000498186456872802 0 0 0.000689501004444037 0.0433861621557246 0 0.321493103473736 0.000758504562443467 0.00121196727431869 0.000157400647661475 0.00274551929032896 0.000449759251851596 0.00293651942909334 0.00181091879753634 0 0 0 0.000264962674703165 0.00857960171634363 0.00323585258327846 0.0272464494463047 0.000756623670214042 0.00234104189430868 0.0133417408082365 0 0 0 0.108180696452693 0.0157605352556195 0.00150990545897049 0.000288658857968136 0.000648895797763692 0 0.0017040744225226 0.00211702976726993 0.00557412990184722 0
0.0123126191840075 0.00129055325700963 0.003499654336382 0.581641531606617 0.00121259999853494 0.0103258978340768 0.0494015778009917 0.00617635073183386 0.00171261925495427 0.000671069778762803 0.00043678609828612 0 0.00373652938587199 0.763311179624925 0.138520427236212 0.157244209565161 0.0166576432896282 0.0330829631874444 0.00108951455164934 0.000444272742455116 0.000180596184680205 0.000359422578983873 0 0.00340244472763207 0.0186579148682954 0.0438993865930072 0.00454705060117529 0.0236292143638664 0.39508607569433 0.00428853551327669 0.000598941467163442 0.00549612537671922 1.00634679479188 0.498603377695604 0.497629013107012 0.0705932865427604 0.00380487121574097 0.00853476123089564 0.026384441831253 2.56833686205079 0.090522317430869 0.000618950391625537 0.00175822230226112 0.000952979339598246 0.122469124275794 0.0048297050159073 0.0155573724867316 0.306430426640125 2.29621543584496 0.00642034144744478 0.000148554401589367 2.48566100444066 0.028749147046294 0.204308091898367 0.0132564010235908 0.0221051278709757 0.00137121579215382 0.00155397982077218 0.00080041699957574 0.000789188841899372 0.000318255829882303 0.0297195729851711 0.000472383318078926 0.00441396614144969 0.00197070715604902 0.0111109242777104 0.0540458040496624 2.95434504907518 0.0301095093180009 0.000636499028221684 0.00336955723245554 0.0235000401600793 0.065459051962704 0.100056570656875 0.000734736832720739 0 0.000342167049284744 0 0.000816598462725147 0.00921976464830621 0.00637136583655168 0.00116855762282337 0.000100871459358396 0.00106633006039424 0 0.00103021605737869 0 0.000890985003276501 0.00217695843367459 0.00580676630593391 0.000520650165329234 0 4.95927472999658e-05 0.000118345130257935 0 0 0.000105784321074013 0.000101748652851286 6.23545813808607e-05 7.17527634153271e-05 0.000470612139688843 0.000300843607846137 0 0.000923061389957707 0 0.000312383304522008 0 0 0 0.000225384130075946 0 0.000112733114023103 0 0.00178012588536889 0.000557374014899296 0 0 0 0.00068283849643423 0.00181949629878032 0.000262311329822656 0.000750349420722426 0.00220871757231218 0 0 0.00236468549200043 0.00342999132260657 0.00440693045955133 0 0.00118753607934749 0 0 0 0 0 0.000811443632574294 0.000445247972128608 0.000169492794034059 0.000640241469895603 0.0224929103720292 0.000950779878291418 0.000100997854253887 0.000509808460049496 0 0.0013612775849282 0 0.000543660492856641 0.000155415263310333
0.0585572496376098 0.000264059311780184 0 0.000258791829060552 0.0138294911568757 0.0221458030529378 0.000530525798643072 0 0 0 0.000217787978984061 0.00373652938587199 0 0.226383222588094 0.00768612360157143 0.00799726977623367 0.00804977552772985 0.0428158521777344 0 0 0 0.000183498279991638 0 0.595684970117893 0.000186630828871744 0 9.74979645165762e-05 0 0.000258567502923541 0.000116098526868665 0.00126161294345162 0.00144339678473035 0.00207256600952777 0.00086164995107784 0.00123863344208301 0 0 0.000345149355057641 3.99119920815114 0.00794150770598297 0.000516335916501697 0 0.00239191178802017 0.000320772718079312 0.000349506413421264 0 2.52754529862733 0.00930664847098457 0.525404445304327 0.000602538868897745 0.000602220998460516 0.271025739304712 0.0261014466095748 0.00374002930190825 0 0 0 0 0 0 0.000180983476368031 0.985803459327068 0.0134823213584153 1.63872911643151 0.000259549554201932 0.00121622525567476 0 0.00114311723017657 0.0016924077514857 0.00314376839110209 0.000286447006059218 0.00161646520462921 0.00211385014923482 0 0.00323851238965235 0 0 0 0.00115333990663755 0.00319062381851628 0 0 0 0 0 0 0 0 0.000242578974122849 0 0 0 0 0 0 0 0 0 0 0 0 0 0 0 0 0.00149597254618326 0 7.91466705690816e-05 0 0 0 0 0 0 0 0 0 0 0 0 0 0 0 0 0 0.00058061497800032 0.000313705404993807 0 0 0 0 0 0 0 0 0 0 0.00166996681955008 0 0.00619849612217009 0 0 0 0 0.00051507569527787 0 0 0
0.165218711746982 0.00050883801634241 0.000287698226842728 0.0014226213526514 0.020637597530198 0.0418323417531068 0.0121542745339781 0.000801054416777136 0.000805858227282935 0 0 0.763311179624925 0.226383222588094 0 0.186352336091164 0.0683762103824869 0.00530261498828816 0.0411131738171263 0.000351738365984705 0 7.52285295598648e-05 0.000168392737200221 0 0.0816614609696881 0.0012915799496843 0.00222590889385498 0.000624312513619831 0.00098002725577576 0.00666121539348011 0.000867024650880844 0.000397953085056413 0.0017119151263318 0.0028475317518057 0.00157668774466426 0.00494703839074331 0.00393764646877152 0.000160943847496851 0.00121867763100075 1.11828273008606 2.04608024482329 0.00591466328623955 0 0.000242681087992691 0.00015195306412284 0.00559213238808835 0.0012874128358817 0.0709975394466902 0.00480251398395847 1.40522468416551 0.00070223362489167 0 5.71128865704052 0.164357379357712 0.0718636738953001 0.000995028887865318 0.00129009324659411 0.000316136175202534 0 0 0 0 1.21895810387268 0.000632618005387229 0.185706941415439 0.000402782267603478 0.00441342935112948 0.00379386174873804 0.0596935584402362 0.00265437989871735 0.000547603344192831 0.000504865131911942 0.00213755127830819 0.00636000875598159 0.000424391481357603 0.00228010097469439 0 0 0 0.00390885034218871 0.0116988594948886 0.00120823940157859 0 0.000442973024596442 0 0 0 0 0.00108365010337134 0.00186986976932285 0.00230169772057385 0 0 0 0 0 0 0 0.000480183040556485 0 0 0 0 0 0 0.000498983442873758 0.000210957849395108 0 0 0 0 0 0 0.000853864568758057 0.000591141875954909 0 0 0 0 0.000123136392968563 0.000323001578361886 0 0 0.00126949398924365 0 0 0.00213734920203401 0.00559751774331024 0.00104907154131634 0 0.000116388961046492 0 0 0 0 0 0.000661877215555405 0.00252916697151651 0.00127536470079656 0 0.0201455883295051 0 0 0 0.000450874541483147 0 0 0 0
0.899317258778285 0.000240895405177541 0.00342975996018296 0.00965159609281359 0.545882891633285 0.117399736821726 0.0606192344133245 0.00560026289378316 0.001277883273738 0.000422622516056459 0.000184061991301152 0.138520427236212 0.00768612360157143 0.186352336091164 0 1.21653453834572 0.00599741166810057 0.0285714692347002 0.000691782531552105 3.8147865637661e-05 0.000342547022112856 9.00263780088126e-05 0.000132121161122769 0.0168852173779756 0.0225445919995419 0.0124869734446851 0.008816273851408 0.0434380871833527 0.320567798523517 0.0038780153718494 0.00207414733785603 0.00511638250833957 0.00184411070589225 0.00186937055009128 0.00157272977214882 0.00571014586251592 0.00425794645539713 0.00667221511179946 0.0115125860254625 0.0437250132912113 0.010442279838834 0.000151594106268102 0.00116463331634579 0.000279644850058611 0.198893824221338 0.00583618659438269 0.0146908819594457 0.00744870664621382 0.207700964389162 0.00257878127563765 0 1.84091085236865 3.30999179836945 3.57589842201641 0.00211964066033708 0.0355346998482692 0.000695111690619909 0.000980310452960245 0.001543812139577 0.00123228572675665 0.000296432160740124 0.0838015876804344 0.00253570414061376 0.0242718759249908 0.00115705962029414 0.0214935952319473 0.0392248073526032 1.10975180676043 0.51370545891442 0.00590010541375964 0.0029118623026074 0.015473000314439 0.0348719591681529 0.0022647341804698 0.00597397554934691 0 0.000749392075767038 9.28686270132636e-05 0.00881271346014336 0.0547084743070059 0.0289545472730424 0.00299598128285593 0.000557186138109149 7.04729934372355e-05 0 0.00291980726364589 0.000699992840498702 0.00378947773197116 0.0111852666527698 0.0263710764956889 6.08066800348219e-05 0.000261955831768086 8.18313557606892e-05 0 4.5341701422741e-05 0 0.000248878863686913 0.00227912303802714 0.000234854431133469 0.000395594343878362 0.000195153787296905 0.000245873346750025 0.000454343019207573 0.000965711621164667 5.78239779077533e-05 0.00253388708268614 0 4.7264072643145e-05 0 4.58163700166598e-05 4.49435973100655e-05 8.45469597929565e-05 0.0015207880432542 0.00146472117777831 5.85170338524054e-05 4.30005242788834e-05 0 0 0.00152554468160737 0.00120433080725804 0.000150995440276426 4.453708369981e-05 0.00825407077586465 0 0 0.0158288456841319 0.0246213087617366 0.0186959167832935 0 4.92629975368357e-05 5.9983097493888e-05 0.000107271372380926 0.000136956346720811 0 0 0.00371464949242173 0.00257185011890789 0.00131901451450776 0.000270331850907321 0.0892753627484362 0.000668187412113776 0.00110818388766172 0.000522026458283156 0.00142086631426538 0.000782896750638777 9.90532046537228e-05 0.000294122278076498 7.29448342600275e-05
0.388880023431415 0.000430494834044552 0.788917909774443 0.0318429466370066 2.20102525115548 1.37732870995355 1.2766139882973 1.01907464332799 0.00910994297093515 0.00177920929675208 0.000115487385409215 0.157244209565161 0.00799726977623367 0.0683762103824869 1.21653453834572 0 0.0205221377078295 0.037687637356827 0.00153774222775526 0.00113197285579958 0.00020028919717084 0.00027638983440353 0.000547310087776472 0.028561450634418 0.0203790520666962 0.0125594749064602 0.0864699994675979 0.0280038407186379 0.768531967499124 0.0413563453485161 0.174608083916449 0.0124930401169861 0.00287744731815921 0.00247178775538381 0.00161135674840166 0.00671713834654369 0.00300250147795524 0.00340932349145519 0.0134884256552037 0.0624481430003707 0.0143858168157912 9.79980737663719e-05 0.00155109147887452 0.00108004435922192 0.336955768073688 0.260762324575473 0.0296061797428372 0.0134198544223705 0.373364190575905 0.00235515564201901 0 0.324596290366405 1.02691951360963 3.41266819031876 0.00243950073466777 0.0542872607695612 0.000641617946281522 0.00294418336296374 0.000796082171480988 0.000928552623930491 0.000400282319161995 0.041842614627154 0.0164530787303556 0.0688610952694975 0.00699510471178303 0.171114998590632 0.0585477184768748 0.257853304695951 0.934534373385479 0.24715236888192 0.0154290720751851 0.00923410646309375 0.0236772619802933 0.00165976750249233 0.0159641840788916 0 0.0046842745110382 0.000697456248006716 0.0183434955381127 0.124124390590015 0.215630918658772 0.12793995069956 0.00220686156859148 0.000713570900238491 0 0.0119846786514791 0.000914752283264131 0.00771279896072413 0.0642744727167608 0.213115137609177 0.00180308372355174 0.00122056605571777 0.000189434155173891 0 0 0 0.000483918832244542 0.00540491914525651 0.00116158147784176 0.000890864809858244 0.000432541007838725 0.000866804446242002 0.00250488314833439 0.00591808676987343 0.0023879788464884 0.00874780867830727 0 0 0 0.00024212520210641 0.000134085992784041 0.000109440912117684 0.00386339743052697 0.00376123436611923 0.00131366603825864 0 0 0.000147608745896578 0.0068266297598677 0.0200814447939309 0.000499021588751518 0.000653283958635906 0.0228614459133611 0.000108330134465546 0 0.0562856126888494 0.0484867911083229 0.120912617519774 0.000948439568749229 0.0016844859494867 0 0.000471272885202814 0.000103214642558165 3.61642493027186e-05 0 0.00532325937203787 0.00705553917815384 0.00607884123938138 0.00125089931419069 0.386169138786649 0.0021780491370586 0.017742138372196 0.00923522249581299 0.00666519536789628 0.0073544320817893 0.000681638274021896 0.00182528295245788 5.34228655406591e-05
0.0145775524024066 0.0143805482771173 0.0320478943766712 0.0861594260965491 0.00406607653333205 0.00803379803479117 0.0042904003660646 0.00884776635969445 0.00250825695173043 0.000876793054732761 0.00400771639909685 0.0166576432896282 0.00804977552772985 0.00530261498828816 0.00599741166810057 0.0205221377078295 0 2.06366231954658 0.00902645963953574 0.00674194133077383 0.00534716940191803 0.0099329564885339 0.174677896835947 0.0120909038951646 0.0165395316374656 0.0285081792682414 0.0208925172678303 0.0428972289648627 0.0688923052168327 0.00694563240805362 0.00433642635530303 0.581522233981404 0.279009279114215 0.275572475065537 3.85139695425571 0.0430585284393279 0.00855958752192757 0.0415233691211334 0.0174183491858308 0.00723897126882421 0.425843238387168 0.00575229706356378 1.02683033705647 0.0149299447270483 0.162299837402845 0.0111142779551305 0.495735490593517 1.12593489459727 2.695647297395 0.18684345402957 0.0167904049586127 0.0163383567339042 0.00672420809175342 0.00883278032488484 0.00797623282099421 0.0256744618961285 0.0207056285806888 0.0195727864122411 0.0247921727401433 0.0102145809280302 0.0102611584309091 0.00532165866517254 0.112041697477112 0.0668861733332191 0.00640482079731223 0.00636254017212172 0.103277378723975 0.0175352437345386 0.0482441435703013 0.0152994117963957 0.00603396881920916 0.118522842818011 0.160066459040179 0.0679628286589973 0 0 0.000794796290191031 0 0 0.000977217481105445 0.00129400676027038 0.00382006570569248 0 0 0 0 0 0 0.000397090122057292 0.00122676742477011 0 0 0.000424544340577866 0 0 0 0 0.000365335853107072 0.000846094909946412 0 0.000835225180422805 0.000407451567847867 0.0001918732848461 0.00256438697560491 0 0.00530331835196513 0 0 0 0 0 0 0 0 0.000928195621356133 0 0 0.000101160649346756 0.00174452519982895 0.00317870612233808 0 0 0.000534816986633296 0 0 0 0.000134569499551953 0.000948299786737161 0.00038232398318723 0.00195762775764591 0 0 0 0 0 0 0 0 0.00107972627049622 0.00683141528306821 0.000845721594893123 0 0.00041683801403132 0 0.00118441132559287 0 0.000511250708741537 0
0.0548892652306428 0.00632484535824302 0.00274555961483148 0.0100363340937529 0.0119163154622834 0.0333593474646124 0.0104334197618303 0.0018652758797143 0.000903096354325703 0.000227773722918427 0.0014398224306449 0.0330829631874444 0.0428158521777344 0.0411131738171263 0.0285714692347002 0.037687637356827 2.06366231954658 0 0.00338492210425567 0.00261604712793694 0.00135069125139487 0.00341209089361871 0.00408302238214513 0.117993978106985 0.00299250602316019 0.00370657107876735 0.00255875021740311 0.0049460174125513 0.0141272717697821 0.00215217050103222 0.0170626090173521 0.0625185222102003 0.0167447788071027 0.0692030359866032 0.341816341263413 0.00762700070240514 0.00164029708192506 0.0143106818175466 0.0523377044124422 0.0376898128303628 0.0197036141508398 0.00183100996307662 0.107158615083294 0.0058410674273809 0.0217109684756127 0.00227411149564785 2.83268787316945 0.349685881072575 5.38004712878569 0.0152817889157232 0.00472634679125467 0.0704899243569492 0.0298105619372005 0.026770649187255 0.00182115970538789 0.00766277897027134 0.00842365184250182 0.00407152042713252 0.00651107044264377 0.0025666757014699 0.00251115980936716 0.0299397679769833 0.389500508716158 0.303168562383618 0.00211678131610937 0.00453512043656257 0.0098236044026977 0.00798608758038475 0.017106046601247 0.0506675527959919 0.00154827626413746 0.0383134869917661 0.0726665041050978 0.00163461543971948 0.000183866775971011 0 0.000197798455355935 0 0.000571605702175341 0.00222038645987823 0.00214809853004539 0.00135742745595806 0 0 0 0.000129919370879972 0.000267236529022417 0 0.000464277652648364 0.00101211277756144 0 0.000696034522274437 0 0.00048748483453902 0 0 0 0 0.000168487916268015 0 0.000315360583813989 0.000216864203697507 0 0.00212728644073822 0 0 0.000209662528448201 0 0 0 0 0 0 0 0 0.000157241408034473 0 0.000390797408772171 0.000359132547059314 0.00105394470931211 0 0 0.00183674101508291 0 0 0.00089770298681574 0.00035083978855438 0.0020594124466896 0.00110666505168527 0.000984520411927924 0 0 0 0 0 0.000569190120557707 0.000563988217026613 0.000804330226755995 0.00125211900921217 0.0106020079383189 0 0 0 0.000306863482469073 0.00234181129247502 0.000139573936540934 0.000311808727862257 0
