0 0 0.000309307831122471 0 3.98855890594925 0.12828466818555 0.0242186390808008 0.00166365130744003 0.00017011029635268 0.000172877304463585 0 0.00533443120538094 0.215641158025434 0.107500144327172 0.420994513035697 0.240386054300313 0.00480292376887517 0.0296583419917214 0 0 0 0 0.000254778832324259 1.53459066379466 0.000153775714711099 0.000134755219297652 3.52357152973611e-05 0.000116713884231606 0.0010184293358583 0.000225141871548427 1.06910077754516 0.00109850752082689 0 0.00069675118014897 0.000913154144377287 0.000390250378298909 0.000188681847204073 0.000794354569561921 0.111816868414246 0.00722842110746852 0 0 0.00016244103409928 0 0.00203015730890809 0.00119674604776227 0.19345577486406 0.0018245603212969 0.0763660985906508 8.62565443636226e-05 0 0.561971598922595 1.24627098495639 0.0568846004829868 0.00010162073182764 0.000110772769326885 0 0 0 0.000411253726065007 0.00147018441178961 0.642770946398215 0.431605032384122 0.469920563276909 6.57963102270683e-05 0.0239990617071058 0.000105503834206409 0.00496667816261343 0.00275415771648285 0.429299160970022 0.00165500625248514 0.000494420609600978 0.000903888619927831 0 0.00660479445411507 0 0 0 0.0108330856109346 0.0309735270072 0.00224441351469765 0.000139366181370853 0 0 0 0 0.00039655059032021 0.000226812922168394 0.000859581853756141 0.00270449501676425 0 0 0 0 0 0 0 0.00136798224872323 5.42011162011416e-05 0 0 0 0 4.45732533168543e-05 0.00058987993737801 0.00194176233802767 0 0 0 0 0 0 0.000103871824838727 0 0.000106087898921001 0 0 0 0 0.000134164645028744 0.0021434297197749 0 0.00105417210513594 0 0 0.000169484625341921 0.00227308443234791 0.000133887993590971 0 0 0 0 0 0 0 0.000524559234086312 0.000141516370457138 0.00168455981270973 0 0.0257259880153086 0 0 0 0.00164995149148266 0 0 0 0
0 0 0 0 0 0.000165163909127238 0 0 0 0.000178605929527679 0.00712248754791729 0.000193731321283978 0 0 0 6.61379851185507e-05 0.00448937228274671 0.00208732163130015 2.1894996097246 0.0318145090766709 0.143221515818572 0.244719646166722 0.000129346291081875 0.000276045798453283 0.00857003199281025 0.000156320528535862 0.00088607899631296 0 0 0.00150325946987479 0 0.000300060480293413 0.000542452952973838 0.00144319873300052 0.00235319898851655 0.000866441994054109 0.00805378381801676 0.00360292094084422 0 0 0.000701820833547734 1.14568566598599 0.000967460518380411 0.231083721344103 0.00013842322361694 0 0.00117766846546178 0.00901896043599642 0.00126847905537253 0.00396485742750362 2.21965044400441 0.000256271352101489 0 9.34289951508892e-05 0.000257882555675607 0.00756345239696667 0.771828166589774 0.44874874566969 1.0592926795947 0.316915835377709 1.67264340677103 0 0.000194619380276859 0 0.0296107702475711 0.0385667736975289 0.000299705244450874 0 0 0 0.0024643462020397 0.734747571153869 0.0309259983546549 0.00227102058562819 0 0 0 0 0 0 0 0.000218179990902762 0.000143498801436257 0 0.000320060705746965 0 0 0 0 0 0 0 0.000464081730939836 0.000400150466218592 0 0 0 0 0.000202588031950749 0 0.000136277026384267 0 0 0.00039179147895258 0 0 0 0 0 0 0.000307072272871816 0 0 0 0 0.000143577539133461 0 0.00144739641006758 0 0 0 0 0 0.000548961718765728 0 0 0 0 0.000331098684303158 0.00247135014492306 0 0.000658410601542962 0 0.00020051411662677 0.000142907172059715 0 0 0 0.00581437006354622 0.00578774635791394 0.000769658868276218 0 0 0 0.00154984739637531 0.000458690601705225 0.000766552858403586 0
0.000309307831122471 0 0 0.0150426141422343 0.000237421241584049 0.00103251386859087 0.0156237733626576 0.384519507122259 0.0773462578435212 0 0 0.00445531328965524 0 0.000786568993067977 0.00359492523787037 1.2580322988173 0.0168021096688941 0.00723791127718869 0.00011252440560234 0 0 0.000152285433001314 0.000489683408244998 0.000270464041020511 0.00116546899197716 0.00741679680801955 0.422526440535524 2.37165923347148 0.558892358743625 0.820006954096898 0 0.00375681950087803 0.00232611715126892 5.64113017812512e-05 0 0.00323332893563968 5.16582012906937e-05 0.000289606721005555 0 0.00128372502358962 0.0153207829991543 0 0 0 2.92791147080992 3.28028276430128 0.000684519268425159 0.00526667083191356 0.0775604946051917 0 0 0.0168121616406833 0.000461298384514752 0.0260037959949433 0 0.0376190128331869 0 0.000788261470085951 0 0.000390432340112342 0 0.00015175572656359 0 0.000151411328494248 0.000145550460840696 0.0264090926884661 1.04372202947777 0.0171605714225637 0.116033105422051 0.000301366240366438 0.106638834001835 0.0010546816118776 0.00142437339069695 0.00121720446042717 0 0 0.000304866770221345 0.0004657971200276 0 0.00183285068606653 0.0175378490912234 0.112698070432786 0.007320456283865 0.00213080632558632 0 0.000188073587000025 0 7.34580251139441e-05 0.00152581372226319 0.0195993418590301 0.000734567707503047 0.00113997647691075 0 0 0 0 0.000104341905314561 3.79501311945224e-05 0.000153622025226671 0.000147027804570996 0.00121287564858268 0.000319939969861606 0.0010646657695772 0.00210390111126977 0 0.000469353631660577 0 0.000120609439141859 0.000181665912451261 8.30981223456902e-05 0 0 0.000132730904436937 0 0.00274442580500402 0 0 0 0.00776528095574784 0.0484564493505663 0.00114239249503068 0.00128585136599228 0.00139466015922996 0 0 0.00138403453638029 0.000728553068666694 0.0101327331426926 0.000346000735687592 0.00148245833123663 0 0.000182488024942346 0 0.000124957416236931 0 0 0 0 0.000552926910064564 0.0510277370052809 0.00862621740163585 0.00456333096866165 0.016154393726525 0 0.0101188525154429 0 0.000308793320252914 0
0 0 0.0150426141422343 0 0.000481367014583847 0.000210866972404769 0.00811900208161318 0.0130239926307353 0.00227392194047727 0.000496373701669994 0 1.58588920837644 0 0.00267534728871587 0.0048205424377222 0.0239006445017902 0.0327454949397749 0.00955343876974077 0.000160255227770406 0 4.11977799562888e-05 0 0 0.00055486146756743 0.00326734473874449 0.323475181587892 0.00264161563577434 0.802788983506746 1.00552021925822 0.00216021488351114 9.17562845989149e-05 0.00187346734419421 2.52482580207785 0.298990079319711 0.209796524171547 0.0300354048319834 0.00234403590914633 0.00197825555916055 0 0.00589185481961 0.0684049045739089 0 9.74928821867646e-05 6.59385904234091e-05 1.59085803552152 0.0160881485477817 0.000700567331790789 0.181217190461754 2.76032072677015 0.000149588231787542 0 0.0334506453687629 0.00112551782171719 0.0210753952663195 0.00677915358832759 0.0548490239129713 0 0.000770403814971574 0.000863941595271191 0.00314155229236798 0.000333555270937977 0.00030270331564702 0 8.9936384608422e-05 0.00167124525409879 0.00118760585229611 1.02292197008364 1.17727301063651 0.0658282589692194 0 0.00311148340020569 0.0165925722603566 0.0358300866015768 0.0640598441335509 0 0 0.000135537207496601 0 0 6.43317561538673e-05 0.000558391907156468 0.000922699520916415 0.000382384832960777 0 0 0 0 5.29950327006921e-05 9.04981727325076e-05 0.000555820911401549 0 0 0 0 0 0 0.000125291513475559 0 9.2048480676156e-05 7.09002749572853e-05 0.000200263813271645 0 0 0.000257579969499701 0 0 0 7.04362023902527e-05 0 0.00035717255150196 5.38531489335629e-05 0 0 0 0.000616814772853989 0 0 0 0.000289973277963823 0.00204220812036781 0 0.00022486773966653 0 0 0 0 0 0.000115211160166606 0.00033884955496187 0.000628585215865708 0 0 0 0 0 0 0 0 0.000214224640231122 0.0017763741344509 0.00212173061404884 0 0.000111140409277934 0 0.00151844492356633 0 0.000202609598402343 0
3.98855890594925 0 0.000237421241584049 0.000481367014583847 0 0.385618206670081 0.0277501564829452 0.00376964707792502 8.86068489685627e-05 0.000136107104654996 0 0.00229158593923369 0.183082978326038 0.0511365210852153 0.26740883337233 1.13205943906648 0.00570056882780531 0.0242324937701206 0 0 0 0 0.000517961712992684 0.304743699585948 5.21304825883083e-05 9.13118714894745e-05 0 7.94087144569654e-05 0.00094732753720185 0.000444554065699774 0.365487062249098 0.00116488728557874 0 0.000546726142569888 0.000680086405755858 0.000458131705383419 6.81114881902235e-05 0.000353308399345213 0.14774468999775 0.0038514788078924 0.00014086298760205 0 4.5269645371983e-05 9.26748120802772e-05 0.00170589645900525 0.000560317303444947 0.168008654614657 0.00190559145239497 0.0626435425873448 0.00024378411720536 0 0.144677135222053 0.949918481502395 0.0318620165661148 0 4.85244555365901e-05 0.000124410966104899 0.00024773993663816 0 0.000258080155209455 0.0005016417920991 0.171383599967055 0.0906906909975471 0.264155763927764 0.000141921986735065 0.0402850683322897 0.00052540663595657 0.00336868958842365 0.00063857393784883 1.08405873858844 0.00200555268458992 0.000668749875650094 0.000617597586324928 0.000207841225414951 0.0115352497605696 0 0 0 0.0188159054914089 0.0542001301477239 0.00363502080394489 0.000488952275974597 0 0 0 0 0.00110211557413273 0.000534372701484754 0.000588324264646639 0.0032123422299332 0 0.000143732867424803 0 0 0 0 0 0.00111369909168189 0 0 0 0 0 0 0.000431951820708576 0.00448716141770085 0 0 0 0 0 0 0.00027125813539015 0 0 0 0 0 0 0.000197345523966678 0.00152618068637 0 0.000381478334801566 0 0 0.000632626340748694 0.00327755681574367 0.000591076184616978 0 0 0 0 0 0 0 0.00246959883359359 0.00181951970382199 0.00234233083714717 7.14428992736058e-05 0.0412282096319293 0 0 0 0.00522203006828719 0.000300599045040071 0 0 0
0.12828466818555 0.000165163909127238 0.00103251386859087 0.000210866972404769 0.385618206670081 0 2.44178301438844 0.17249346455232 0.0245896888548263 0.00404941853869533 4.37334402518612e-05 0.00944416908428524 0.0887054610832855 0.0823695484125624 0.11372536237941 1.22187824716192 0.00404316927703511 0.0273720866667794 4.10092494499987e-05 0 0 0 0.000142627559092978 0.0845164264250306 0.000219757558613962 0.00060811628686148 0.000330784922749842 0.000134474403702676 0.000523238903409096 0.0103428058046211 0.115001020358481 0.304830013351701 0 0.000351289667426299 0.000316874441077762 0.000554556014881922 0 0.000187673792122169 0.139231046181842 0.0140230524249862 0.00079764774906253 0 0.000672419352430984 0.00021809312754386 0.00146968563975238 0.0509834920954168 0.114208890890911 0.001475950774602 0.237134221813544 0 0 0.137960993340251 0.219208265898828 0.0533564435188944 0.000223108824748746 0.00151353607982402 0.000100577194347782 9.33341174013357e-05 0 0.000163949135191799 0.000302533139634395 0.0740477037465665 0.556013340105361 0.137264220307703 0.00100624672853666 2.02095233369103 0.000458939954958576 0.0051424670296562 0.00417235949504202 2.52838242308691 0.0542401793339347 0.000386534262041938 0.00115650160794548 0.000968124932857175 0.0508972080163628 0 0 0 0.0893244367177864 0.782470228033522 0.134782420523467 0.0105033539359859 0.00175661212225383 0.000494217952804858 0 9.84307062560606e-05 0.00305341808846046 0.00380395446023163 0.00774020794751082 0.0465337391232926 0 0.000372177546863969 0 0 0 0 0 0.0108461523213838 0 0 0.000151721816373416 4.12737960479199e-05 0 0.000337315546191873 0.00568470229446722 0.0616006186352375 0.000257054589705909 4.91930890032868e-05 6.22095263595776e-05 0 0 0 0.00423862392056001 0.000550418888615229 0 0 0 0 0.000149967990261 0.00217647059082239 0.0163777640420396 0 0.0118345482070219 0 0 0.00758724422002277 0.0533579782849129 0.00808667301382965 0 0.000126078022908625 0 0 0 0 0 0.0112368824979005 0.00835547127048615 0.0108192692651399 6.57361402778833e-05 1.31282986144866 0.000263508940196419 0.000161491666078414 0 0.0195303601136016 0.000854147805632137 0 0.000177494562461271 0
0.0242186390808008 0 0.0156237733626576 0.00811900208161318 0.0277501564829452 2.44178301438844 0 3.47847116554886 0.0768480017368281 0.00816399619098747 0 0.102273645452806 0.00915584785551401 0.0386735016642496 0.164800567599418 1.99780285391472 0.0136612591120303 0.0339902667372339 8.45963205091107e-05 0.000146984575982454 0 0 0.000689385915580797 0.00780750247103946 0.000334455235315144 0.00141066234906431 0.00302685256120952 0.00428650215212829 0.0158120726450883 0.02049971263548 0.00378899825370971 0.00691059172125811 0.00103450076166479 0.000392231907758809 0.000648339674589188 0.00303166175861156 0.00010327601720988 0.0011109608268339 0.0149733419541265 0.0699390169068268 0.00336793849418165 0 6.3338340860801e-05 0.000131180433010192 0.0295810357548504 0.32817373574382 0.00895749132727898 0.00624308046194453 0.346512455691021 0 0 0.206237538350386 0.185984404888408 0.420440545226178 0.000866260270665539 0.00843074897393811 0 0.000346030480606378 0.000224090622581666 0.000689884480890749 0 0.0181217675812921 0.00910574899219729 0.00373540299790985 0.00370843009250313 1.50066728799856 0.00665997994329637 0.125578849689799 0.107847512842119 0.0486735028183814 0.165939488341312 0.00194578710570799 0.00215320390294114 0.00166860623934911 0.00536275703432715 0 0.000167919082366247 0 0.0107287244543966 0.128472409259883 0.363768580034645 0.0738467557171315 0.00430569099592754 0.000147108071484325 0 0.000667700213672767 0.00144293953789248 0.00745123410291958 0.00430403527028467 0.0470387898068468 0.000726407042777164 0.001106997982649 0.000100557377132514 0 0 0 0 0.000813423995795975 0.000408266990573243 0.000293800833297227 0 0 0 0.000424991751136317 0.000190908036960398 0.00451101039421161 0 0 0 0 0 0 0.00349508424821846 0.0039304516443419 0.000367564355876501 0 0.00017824446336256 0 0.00103984718959864 0.0134699931325348 0.00243821721360666 0.000150430416253613 0.0212025353930162 0 0 0.0127180920214027 0.0247692098342349 0.0469266324247153 0.00044074499354755 0.000625115703140615 0 0 0 0 8.33979774595255e-05 0.00641864372478394 0.000339687508704389 0.000612432074852525 0 0.640402551132425 0.00213759641987995 0.00133819416517855 0.00255008253443756 0.00228127884933346 0.00475266026207656 0 0.000117162440817833 0
0.00166365130744003 0 0.384519507122259 0.0130239926307353 0.00376964707792502 0.17249346455232 3.47847116554886 0 1.19566726960305 0.0168558436930899 0.000261256665276304 0.0131649722968792 0.00181681327098186 0.00372973213303164 0.0160021090837079 0.87749321182865 0.0146169877123417 0.0183855735877182 0 0 0 0.000269744582701509 0.000747770653511629 0.000739641777268434 0.00149615908025175 0.00366161227299765 0.012051134312109 0.00877893754871416 0.0425411281053925 0.118706802148936 0.000671423565509555 0.00480351780304009 0.00374873987998507 0.000216760673391663 0.000317079708962218 0.00353297718105931 0 0.000315767565902553 0.000962696228509736 0.00482352381941413 0.00981323004542498 0 0 0.000903258075744037 0.102806275171003 5.01172713983099 0.00118818079915815 0.0032613094220742 0.104243838909299 0 0 0.0226254872236019 0.0134894608777737 0.0433971910846953 0.00154420322313672 0.0452932900034408 0 0 0 0.000440574042996397 7.83478917673348e-05 0.00201672686442303 0.00207583588515028 0.000725267021088937 0.0102525265736519 1.43114516110278 0.0225368525896796 0.0414877795362861 0.105271169831224 0.00685613046371019 1.00301132590267 0.00193813771495589 0.00316508120033722 0.00418926062935878 0.00103786759715929 0 0.000818614087116545 0.00116022621628499 0.00221707945088229 0.0345830883885903 0.353429196973551 0.784866558997307 0.0587358039889259 0.00272226163401311 0.000101868498782911 0.00193314428238869 0 0.00263051894152825 0.0128945155012898 0.153507539015959 0.00271137306468697 0.00226498428182664 0 0 0 0 0.000477933481318714 0.000419190125487786 0.000739942749852856 0.000640584309450354 0.00189215753095054 6.27842991129945e-05 0.00470022060333854 0.00456049615732104 0 0.00193838091139505 0 0 0 0.000477643860164672 0.000143879134382632 0 0.00268605437204609 0.00231052321685987 0.00464545408222961 0 4.88558146361315e-05 0 0.0198241252703312 0.145771886777173 0.00190113707996409 0.000685604346286916 0.0131460965639836 0 0 0.0192281983070476 0.011814929003656 0.109648986517346 0.00139910882344779 0.00356443673626183 0 0 0.000251535386232044 0.000407017860972342 0 0.00146750246401345 0.000482913060224027 0.00190684277563033 0.00192873724837403 0.667546170949647 0.0198229409330257 0.0409014500875828 0.0728642852850668 0.000948654705149755 0.0256893375756441 0.000854931014473335 0.000879625290003159 0.000161604474947719
0.00017011029635268 0 0.0773462578435212 0.00227392194047727 8.86068489685627e-05 0.0245896888548263 0.0768480017368281 1.19566726960305 0 0.674276521048344 0.000346984465234915 0.00125008534318929 0.000133368140423258 0.000755019967647926 0.00195275657387611 0.063183304823072 0.00130309382462358 0.000782016206534565 0.000591919532228785 0.000889296029707567 0 0 0 0.000612629562832818 0.00858718710066548 0.00788962179491689 0.0111184362065635 0.0025019937705234 0.000429762917822551 1.21125469631134 0 0 0.00575682235861028 0.00127969478875008 0.000633219930825063 0.0269519140538736 0.00154032434759978 0.00146531048300167 0.00080889706172451 0 0.0257136323557781 0.000441671828976076 0.000130239822922038 0.00322463885931212 0.0126063738878535 1.08116060932552 0.000297011270344863 0.0101415893597632 0.00481751790138781 0 0 0.00208291506532958 0.00199828092478401 0.00230031328610053 0.0202198641324949 0.0711588514352469 0.00065794195560373 0.00345707665949262 0.000888056956337063 0.00351264356063027 0.000695856721212154 0.00109595869089262 0.000717201830303972 0.000114649659697213 0.168697421254719 3.23889983848682 0.0218967909467234 0.00126660997911302 0.00297871946103142 0.00100449984043002 5.79594317136937 0.00916800182763312 0.00904123312060096 0.0103941460311421 0.000350265288976422 0 0.00120335746186699 0.000208929956590005 0.000220846629808561 0.00380253049601927 0.0131392806072978 0.149113873776922 0.312666476627772 0.000974774116107484 0.000362581524590518 6.93098780086025e-05 0 0.000175812365927518 0.000852909146665572 0.00718381718002306 0.000651014586965858 0 0 0.00023817118717525 0 0 0 0 0.000747260374170477 0.000899804835105893 0.00385321772518949 0.00059311001723275 0.000695926812723316 0.0126775444760825 0.00018386139625493 0.000269139274595138 0.000544773469584609 0.000497645425264886 0.000116510547348589 0.00153957205394282 0.000180086329951144 0.000392435033063808 0 0.000406593089390395 0.00779645412641998 0.00012167186150187 0.00010880871571585 0.000209168465522736 0.0171487436658281 0.104189491697507 0.000724671211596584 0.00287618958690907 0.00167916904184679 0 0 0.000700395941112754 0.000764767198868609 0.00608124407517952 0.0035681457047244 0.0133767661271638 0.000170994134246013 0.00151164871721404 0 0.000594302205968446 0.000125454498936358 0 0 0 0.00798772969909308 0.301206159287789 0.0295509471059066 0.00330895720127223 0.0147446599555963 0 0.0911970084222782 0.00110373115607673 0.00222181215543311 0.00191224481534547
0.000172877304463585 0.000178605929527679 0 0.000496373701669994 0.000136107104654996 0.00404941853869533 0.00816399619098747 0.0168558436930899 0.674276521048344 0 0.0435764451504576 8.47673837869323e-05 0 0 9.07776817322681e-05 0.000391731808907421 0.00132041047174474 0.000270155956510476 0.00172147485833936 0.00125376881727947 0 1.5331230664339 0.104898225987583 4.69483091449954e-05 0.00844427115993717 0.00134320106709872 0.00119704042782704 0 0 1.15611962892226 0 0 0.00160872482088199 0.000246870166564092 0.000564870664281902 0.00893639951833735 0.000407711297001154 0.000352707888917582 0 0 0.00864823024738677 0.000199489951268337 0 3.17292700555887 0.000703327431412545 0.000881736123932449 0 0.0061090486954532 0.00264068958441519 0 0.00425323528100606 0.00120162824183944 0 0.00048009653816903 0.0192660338286045 0.0277190012633488 0.00127297041225004 0.00550877465565709 0.00305063055768169 0.00982915534657962 0.00667924573385933 0.000891528730637726 0.000389343155962452 0.000120392827067916 1.88207328595553 3.58575388515132 0 0.000276019050508211 0.000266575960930202 0.000397238648623378 0.717934472498394 0.00686018425664359 0.00507683241517425 0.00563771847098801 0 0 0.000730259036259364 0 0 0.000356789929269796 0.000358945857818048 0.00583835374349244 0.00689965271437734 0.00140192048552346 0.000425441938618772 0 0 0.000130425786062423 4.46693689416123e-05 0.000883348579080001 0.00044875052795823 0 0.00103467221489231 0 0.00116946178288137 0 0 5.1572090609517e-05 0.000760479810790525 0.000237405779648965 0.00113138349284784 0 0.0002918274185169 0.00448842787074506 0 0.00133442422333557 0 0.000105542457129708 0.000499193950673243 0.000636985195647876 0.000203547877991578 8.95713579709772e-05 0 0 0.00513093961667072 0 0 0.00182894528757872 0.00346899642605935 0.0115725852681523 0 0.00224972035821613 0.00048799783175657 0.000548554603277919 0.00127549589599772 0 0 0.000452222922111199 0.00192784439360562 0.00964314541808816 0 0.000255521262857456 0 0.000736740012549867 0.000479261554431579 0 0 0 0.0129234495435927 0.0575830503106955 0.00844369219005614 0.00313059743887208 0.00128314726672641 0 0.0232657971172131 0.000657989146220644 0.000717052167898382 0.00373503573171723
0 0.00712248754791729 0 0 0 4.37334402518612e-05 0 0.000261256665276304 0.000346984465234915 0.0435764451504576 0 0 0 0 0 3.15370796538216e-05 0.0015437615390008 0 0.0414990991914915 6.33104141012681 0.000611688249534445 2.90915183599999 0.000501706142094039 0 0.00226390488806533 0.000230809164684319 2.75469598668075 0 0.000145100154926563 2.62822505134695 0 0.000149593637082801 0.000424967169841681 0.000722197191812491 0.00154409027469056 0.00324278881165905 0.00102752502837548 0.00105166548626374 0 0 0.000870463578711393 0.504845541718931 0.000113369987891068 9.24710735284349 0.000399018691342066 0 0.000131450168242231 0.00505510405287422 0.00116134426189249 0 0.0262783699397085 8.03956220504984e-05 0 0 0.000402814728125346 0.0134905777455213 0.0305464685412032 0.352991512142958 0.00972877724714336 0.00406856627213856 0.0161779162566678 0 0 0 6.38519310944977 0.107172567115862 0.000280212509748709 0 0 0 0.00288730677543007 0.0108564328517572 0.0170158320796542 0.00228441979457424 0 0.000808910795431564 0 0 0 0 0 0.000148621157104833 0 0 0.211584978904166 0 0 0 0 0 9.77565365108644e-05 0.000276335130890499 0.000647190651062359 0.00169393081333491 0.000153960678852207 0.343119703584015 0 0 0.000788922122029542 0 0.000566098766151692 0 0 0.00336842560172778 0 0 0.000301584123463695 0 0 0.000202529275791299 0.000736219977183676 8.92031588992201e-05 0 0 0.000517763714653882 0.000945320762883527 0 0.130993452696459 0.000282917928884243 0 0 0.000370486094375785 0 0.000371674781541393 0.00700879646459966 8.98572950632321e-05 0 0 0.000320782268388164 0.00360706702439341 0.000367637102923317 0.00160687925501063 0.000960151595457818 0.0041214896241229 0.00320400743579671 0 0 0 0.0203908552858913 0.0122486397213373 0.0011212768737094 0.000108583017047357 0 0 0.00361136174438966 0.00119056107850245 0.000597930967969684 0
0.00533443120538094 0.000193731321283978 0.00445531328965524 1.58588920837644 0.00229158593923369 0.00944416908428524 0.102273645452806 0.0131649722968792 0.00125008534318929 8.47673837869323e-05 0 0 0.00816699400431839 1.75360247998675 0.0741978395325068 0.0697217173022015 0.00791117724481512 0.0293170683546788 0.000241879303013287 0.00020058198302297 6.0821029771872e-05 0 0.000469057512030666 0.00176899432415128 0.00249509384946088 0.012029496698619 0.000684027555293096 0.00646204018596691 0.0823386842138419 0.000769775468747046 0 0.000926302759301712 0.102172583567835 0.102317490488716 0.140820357092033 0.0162336192238518 0.00107894417890441 0.0014475757692584 0.00341605484183852 1.57680818616761 0.0127931356673624 0 9.70928952110303e-05 0.000179150486705085 0.0453161209574186 0.00739857227546042 0.00369083465943168 0.0498768124227335 1.75892282509959 0 0 1.06287174325249 0.0129584441099903 0.138149952284663 0.00520656811755728 0.0125873396101711 0 0.000542390143390021 0.00086121306220498 0.0043672033715733 0.00053776388977516 0.00937258744735586 0.00114137644888196 0.000699095472736827 0.000522767566674482 0.003592484187822 0.0225822102272777 2.28842942705517 0.051597188500681 0.000156887268681696 0.00192118927443143 0.00654233652029498 0.0252166443755514 0.0478141271100786 8.78474481909412e-05 0 0 0 0.000205313046117896 0.00186927523831452 0.00478145140257251 0.00158131469125144 0.000206475987479394 0 0 0 0 8.87763514842944e-05 3.56932976918189e-05 0.000827707225492042 0 0 0 0 0 0 0 0 0 0 0 0 0 0.000167421445130213 0 0.000348339905936468 0 0 0 0 0 0 0.000507253950007662 0 0.000162195807253677 0 0 0 0.000271023802733177 0.00100496837296292 0 0 0.000191921528639259 0 0 0.000371895150379824 0.000878314430783488 0.000439846814226074 0 0.000144967535251651 0 0 0 0 0 0 0 0 0 0.00952752901263813 0.000538195345180334 0 0.000300736566617625 0.000269215397929415 0.000711248739732905 7.04737508243304e-05 3.94351850089014e-05 0.000250017908055553
0.215641158025434 0 0 0 0.183082978326038 0.0887054610832855 0.00915584785551401 0.00181681327098186 0.000133368140423258 0 0 0.00816699400431839 0 0.961761347023616 0.0204579850775556 0.0183826163550746 0.00697488012342572 0.0346259155847055 0 0.000225989383855735 0 0 0 1.75389662097035 0 3.93807052636371e-05 0 0 0.000286466579299044 0.000114288410148428 0.0106085083488897 0.00124510123608437 0 0.000432057156576666 0.00165720566138038 0 5.64869388747571e-05 0.000817556013087973 2.81725123123352 0.0438192697645111 0.000350278739301456 0 0.000163723458837493 0.000478608734140015 0.000901653830618134 0.00173198938713144 1.05968326738438 0.00436032839087566 0.130971239196002 0 0 0.344422486624283 0.124651018940502 0.00959785529433908 0 0.000231075874637044 0 0.000158258115839284 0 0.000171625319429825 0.000847866688039349 2.27058711924001 0.0315835535858778 2.37204863908702 0 0.00739928214635027 0.000554991865869262 0.00205969904192358 0.000932848673959165 0.0371868710575906 0.000103441353994906 0.00111153022880464 0.000398086095860714 0 0.00225125887980048 0 0 0 0.00269232888337346 0.00933049479113446 0.00133176515551834 0 0 0 0 0 0 0 0.00028719962107901 0.000390976005504089 0 0 0 0 0 0 0 8.31053223488386e-05 0 0 0 0 0 0 0 0.00327931320367799 0 0 0 0 0 0 0.000134648759949067 0 0 0 0 0 0 0 0.00111254660711044 0 0.000154102973158217 0 0 0.000633494195940673 0.000513893425555863 0.000163413489955119 0 0 0 0 0 0 0 0.000165943005289027 0 0.000150078964426944 0 0.0061357865392722 0 0 0 0.000288728632651284 0.000297659918184632 0 0 0
0.107500144327172 0 0.000786568993067977 0.00267534728871587 0.0511365210852153 0.0823695484125624 0.0386735016642496 0.00372973213303164 0.000755019967647926 0 0 1.75360247998675 0.961761347023616 0 0.0969128210916961 0.0472529088884183 0.00646070803663421 0.0403148844309511 0 0 0.000176885634546753 0 0.000104375880250786 0.125817177614031 0.000229002997220345 0.00154354903129656 3.50011091534068e-05 0.000873751589351154 0.00236544095804707 0.000192895577400751 0.00266422911834051 0.000316275048546653 0.000505747789055036 0.000530889257007829 0.00103514181786491 0.00117719575543334 0.000198888611328285 0.000339642314147776 1.31353849436875 0.673689609874816 0.00203283467210415 0 0 0.000246376197043802 0.00603519261035115 0.00173736019949033 0.0418599327517382 0.00251476921164766 0.811239238418643 0.000241200024094293 0 3.6114073514873 0.166029447502928 0.0512029662487352 0.000132382108936634 0.00103757817927983 0 0 0.000181447837068374 0.00044183201807723 0.00137116018423346 1.28095987823141 0.00356995025999075 0.0533690300676669 0.000381214882983556 0.010884609617793 0.00207221369522526 0.0882568091117222 0.00795795881691718 0.00312733882114436 0.00144488346632543 0.00220976252101835 0.00203870098029338 0.00035299403024906 0.00175886377269246 0 0 0 0.00264987269055967 0.0105153795592539 0.00185941099782929 0.000494187199760395 0 0 0 0 0.000121430321177216 0 0.000248252423112687 0.000981947500395244 0 0 0 0 0 0 0.000121512018161785 0.000279675202527628 0 0 0 0 0 0 0 0.000163281615866095 0 0 0 0 0 0 0 0 0 0 0 0 0 0 0.000344493304447684 0 0.000458364799434813 0 0 0.000375214898495294 0.00147384345515298 0.000484417881571585 0.000127437138065524 0 0 0 0 0 0 0.000358101915163889 0 0 0 0.0123306686747598 0 0 0 0.000133673764514466 0 0 0 0
0.420994513035697 0 0.00359492523787037 0.0048205424377222 0.26740883337233 0.11372536237941 0.164800567599418 0.0160021090837079 0.00195275657387611 9.07776817322681e-05 0 0.0741978395325068 0.0204579850775556 0.0969128210916961 0 0.989705839248634 0.00555202730409975 0.0250911081258042 0.000299723526401335 0 0 0 4.96378643514627e-05 0.0731389690326759 0.00180965265869596 0.00356345122700427 0.000774615347116158 0.00386733689179806 0.0899996236977067 0.000855485402979582 0.00344028008136841 0.00181549801497887 0.000143472342775826 0.00020376562591647 0.000663394348299063 0.00255540579700913 0.000747043128167955 0.00060760275713061 0.0149962409420028 0.0296043297249832 0.00162367007780894 0 0.000302726902305683 0 0.0477108917275468 0.00716874145519435 0.00961412962971604 0.00313629926866174 0.206096853138769 5.51100422784365e-05 0 3.13162425020666 2.62324946812139 2.78832373420999 0.00157688800335747 0.0106963552351908 0 0.000771550554542037 0.000429782538878902 0.00117266229128164 0.000570024835588072 0.0838331272285274 0.00164503352075541 0.00877643892078617 0.000181885742481241 0.0171471193080872 0.00917828980320704 1.04058280857929 0.567876427931498 0.00510273738750563 0.00320669404620112 0.00304306489279045 0.00506511962099425 0.000387544104709675 0.00158681401851111 0 0.000125580989335972 0 0.00260328919425555 0.0211954518586672 0.013591900148317 0.00293678682117943 0.000269559388385576 0 0 3.96757578411556e-05 0.000160341936007854 0.00045082730075925 0.000975414795660355 0.00506995781834336 0 4.38793988891562e-05 0 0 0 0 0.000117052356331014 0.000534399626781344 2.49583993124248e-05 0 0 0 0 0 3.93775909038616e-05 0.000329632140020984 0 0 4.31671173272887e-05 0 3.83344706226738e-05 0 0.000239800761279062 0.00022521771761264 7.68497074846164e-05 0 3.25296918607717e-05 0 6.9429537693014e-05 0.00139018032474222 0.000446950079902348 0 0.00106111899379603 0 0 0.00115076685259554 0.00504470016673161 0.002709668301731 0.000119779178032471 0.000133255442992854 0 0 0 0 0 0.000639938271961864 0.000129464232352893 0.000221928948487561 0 0.0232907232658736 0.000121274922594503 6.40239377512016e-05 0 0.00026609812754102 0.000831263183491784 0 0 0
0.240386054300313 6.61379851185507e-05 1.2580322988173 0.0239006445017902 1.13205943906648 1.22187824716192 1.99780285391472 0.87749321182865 0.063183304823072 0.000391731808907421 3.15370796538216e-05 0.0697217173022015 0.0183826163550746 0.0472529088884183 0.989705839248634 0 0.0102834568046555 0.0326634210138791 7.28636946645063e-05 8.88894337376515e-05 2.50390067773471e-05 0 0.00100504126536952 0.0337338450789712 0.000892447106751687 0.00312393668343601 0.0087900584167438 0.00853046682056968 0.758871199309054 0.00824948854619519 0.0239322982797243 0.00279438333372282 0.000618413008051498 0.000353133631573865 0.00022882670884864 0.00182765239096257 0.000436105086872765 0.000375902099675768 0.0168750126422044 0.0249521789536711 0.00333375218463711 0 0.000142878237113305 0.000241658879778156 0.110759264148577 0.308945710485456 0.0178861194618175 0.00286059201037863 0.278571345338713 4.25814278647387e-05 0 0.218077181520495 0.516610637328903 2.60366049282442 0.000759556580585423 0.0208961909913807 2.49361697275251e-05 0.000267714170532944 0.000179686126158932 0.000411685620141428 0.000410741817789784 0.0227966653072194 0.00821866214224353 0.0237458797315574 0.000479033864210191 0.0519883967988438 0.0230975458667693 0.174254708806404 0.709013783143477 0.245160898563466 0.0101450823281568 0.00211063570004352 0.00376886822478933 0.000681956662117446 0.00333264600870072 0 6.58847150914951e-05 4.70175604070089e-05 0.00522617853520744 0.0441202246462797 0.0716246704042517 0.0552028802435303 0.00151641597513968 3.45077113315826e-05 0 0.000416621849059756 0.000403752777732766 0.000918651749816535 0.00414596869110475 0.0467552965949015 4.69605780260051e-05 0.000541268161897359 0 0 3.11398623942768e-05 0 0.000540392740163176 0.000781176586236848 6.43405055180991e-05 5.02846145160355e-05 7.16514272986442e-05 0 0.000107491310736246 0.000242481565479198 0.000184356324180383 0.00172322623330922 3.39988426503982e-05 0 0 0 8.64440071719555e-05 0 0.000873270977784887 0.000248005242601609 0.000380288662008264 0 0 0 0.000988211268272928 0.00717691458418068 0.000904930794429245 3.25665075671974e-05 0.00305437343996517 0 0 0.00423629688897797 0.00978311970447254 0.02209895436864 0 0.000124309823668708 0 0 0 2.31792731175852e-05 0 0.00126343581671845 0.000299760694470239 0.0010055115201101 7.78725117404466e-05 0.0785864506242214 0.00108179398601062 0.00131055069215186 0.00228060759654493 0.000501272531735695 0.00224823143366736 0 0.000180921875134643 0
0.00480292376887517 0.00448937228274671 0.0168021096688941 0.0327454949397749 0.00570056882780531 0.00404316927703511 0.0136612591120303 0.0146169877123417 0.00130309382462358 0.00132041047174474 0.0015437615390008 0.00791117724481512 0.00697488012342572 0.00646070803663421 0.00555202730409975 0.0102834568046555 0 2.2633186670675 0.00312285104320224 0.00221885443675658 0.00735857454706063 0.00150942760645944 0.272433698712089 0.169217874878412 0.0050307589448947 0.0245887160198454 0.00234153701327679 0.0149173303801534 0.0218341669246923 0.00298495774442648 0.00305091507032469 0.387321358680989 0.359401568549208 0.334249244882484 1.94940696450451 0.0262153513471634 0.0460669902002613 0.111272293698371 0.0125406209053872 0.00542301182051435 0.293395357424625 0.00140873153822763 0.464537262207824 0.0148327883945034 0.125916234544154 0.0265354770365737 0.807585331477208 2.09420739635754 2.20823453650239 0.137488440190771 0.00715581014367735 0.0122884701785873 0.0038756766232979 0.0107059574181865 0.00839764123735286 0.0226610332127941 0.00437773830984513 0.0136570002272711 0.00530422542117313 0.062236455171969 0.234145310885546 0.00382022481117391 0.122506979399302 0.0290698427589052 0.00610357018504473 0.00607690324391542 0.0479216053535622 0.0122626859239156 0.0293638584054259 0.00519082367788501 0.0103168246519307 0.259242363327497 0.138528014663431 0.0481215957623733 0 0 0 0 0 0.000126653277190936 0.000308940638674829 0.00183620411016374 0 0 0 0 0 0 0 0.000199734792573368 0 0 0.000140842279216468 0 0 0 0 0 0.000187253997783757 0.000289844639344661 0.000479992946424895 0 0 0.00067387854884056 0 0.000672610024831134 0 9.8128368747355e-05 0 0.000714866247362347 0.000323286240589179 0 0 0 0.000576196153182034 0 0 0.000146416169781519 0.00104460017920427 0.00191450922031735 0 0.00105980743447635 0 0 0 0.000111312551838239 0.000108640024452564 0.000586914163643038 0.000674840822248056 0.00173025521290307 0 0 0 0 0.000224074289046083 0 0 0 0.0017236773482901 0.00337112456497449 0.00201649662149309 0.000207192210465439 0 0 0.00635240789496487 8.72445665153201e-05 0.000293327563831474 0
0.0296583419917214 0.00208732163130015 0.00723791127718869 0.00955343876974077 0.0242324937701206 0.0273720866667794 0.0339902667372339 0.0183855735877182 0.000782016206534565 0.000270155956510476 0 0.0293170683546788 0.0346259155847055 0.0403148844309511 0.0250911081258042 0.0326634210138791 2.2633186670675 0 0.00284814402098506 0.00121570273796764 0.000606074367917452 0.000162498402625291 0.036960137060038 0.25164475655452 0.00225552704190416 0.00277262941667914 0.000571450039468431 0.0042467870662748 0.0180573489342932 0.00151420143916191 0.0105954703288998 0.0671439343733771 0.00936679337007824 0.0875506097127984 0.211419672745163 0.0116217029973504 0.0091831441486609 0.0393319375848494 0.0532032759378458 0.0240162085006469 0.0315292681950415 0.000295857204598908 0.0350513673146293 0.00651733262853436 0.0458315510812051 0.00974688358588577 3.14498912286038 0.498204121355274 6.15502782469202 0.00697608905168361 0.00692557855340185 0.0538841012330499 0.0276134369909816 0.0320366969786991 0.00522133595648302 0.00647796747665538 0.00132593064371309 0.00507357394191481 0.00291915729732108 0.0107992736167517 0.0380536690357361 0.0231971739490426 0.184199141531937 0.118326431529388 0.00434180443370783 0.00535130929288005 0.00829831714107991 0.0201890162922524 0.0350498478071558 0.0259322091809632 0.00267092437284435 0.0577114529033493 0.0664098535752309 0.0105243166979806 0.000115644043926423 0 0 0 0.00041751376477534 0.00155614342903215 0.00163598170881853 0.00143545062003628 0.000185138483794006 0 0 0 0 0 3.51202301573303e-05 0.000657062477942766 0 0 8.59923809530339e-05 0 0 0 0 0 0.000269103950993194 0 0 0 0 0.000309637289604996 0 0.00074256643791264 0 0 0 0 0 0 0 0 0.000489790184353731 5.83578672667478e-05 0 0 0.000404148333116612 0.000371296887666327 0 0.000332228810654506 0.000409562396635796 0 0 0.000147310594929628 0.000287068145754301 0.000316292179251576 0.000170067621394184 0.000624006323445976 0 0 0 0 0 0 0 0 0 0.00566444505016056 0.00184100569490372 0.000259035558328154 0 0 0.000723391695162478 0.000206995696835601 6.42572343902553e-05 0
0 2.1894996097246 0.00011252440560234 0.000160255227770406 0 4.10092494499987e-05 8.45963205091107e-05 0 0.000591919532228785 0.00172147485833936 0.0414990991914915 0.000241879303013287 0 0 0.000299723526401335 7.28636946645063e-05 0.00312285104320224 0.00284814402098506 0 0.619725799375928 0.0116981973781448 0.00395084242215858 0 0.000208167434440357 0.777867948074707 0.000561813851395855 0.0015928568840396 0 0 0.00117283731802154 0 0.000528783075789312 0.00111697797101895 0.00403255925660953 0.00241888943213336 0.00465230250790082 0.0114511827818107 0.0132683789515544 0.000229182782754342 0 0.00151530261536335 0.887325047418683 0.000758860207474157 0.352674757832145 0.000677054569644225 0.00053583565233382 0.00103333991385904 0.0209895754211114 0.00131914733852011 0.00219731035173487 0.0638785839952314 0.000175523338819095 0 8.35978055690528e-05 0.00141296055104841 0.0456378524002021 2.50091574507257 6.90220246324967 0.827632490492459 0.0575768974604984 0.160962195136903 0 7.84344408427781e-05 8.05675064963719e-05 0.0883710765354632 0.0518577924626257 0.000526200119659332 8.69392511756526e-05 0.000243401777572726 0 0.0051519618517162 0.089179232700349 1.07361328741855 0.00471440882674344 0 8.49094692071325e-05 0 0 0 0 0 0 0.000185397373711526 0 0.000396337612605247 0 0 0 0 0 6.66378648817348e-05 0 9.97194030684864e-05 9.11061274762835e-05 0.000515806439658709 6.09539136306545e-05 0 0 0.000698807370286525 8.96518069780396e-05 0.000777558734828689 0 0 0.00121966923341607 0 0 0 0 0 0 0.000276908040955964 0 0 0 0.000314702017045893 0.000372837254628221 5.33414315030544e-05 0.00283639569386342 0.000555794197008505 0 0 0 6.89445643643691e-05 0.00160624781290425 0 0 0 0 0.000541880888357559 0.0037456784179438 0.000718226727679743 0.00161851070806671 0.000112827073959179 0.00159367952706836 8.45641062450497e-05 0 0 0 0.0140867824922897 0.00983543168311187 0.00108811117711532 0 0 0 0.00139648089649617 0.000152392884091742 0.00141959650653988 0.000214024328800336
