0 0.00024398958200068 0.00145462266379484 0.0015385576616871 3.46954846203892 0.45482076715682 0.011743950644785 0.00236236472520914 0.000717772820328912 0.000156756719713248 0.000131404412116624 0.0107589305747581 0.159444881654137 0.160438776940795 0.77854757472921 0.315141306384987 0.0187391253853331 0.0684417249731916 0.000123997487199668 0.000109628863160497 0.000179936297512472 7.73309647838019e-05 0.0010181114876932 2.2366206842396 0.000489662002254015 0.00158424840930794 0.000635787963219653 0.000893713227541237 0.00179290181356291 0.000275691518109462 1.88939893441111 0.0109729371582757 0.000281427695288522 0.00153435680415757 0.00442947055677613 0.000914007111846277 0.00275307362203781 0.00150597659231737 0.549513856835265 0.0123211780366104 0.00350035675010637 0.000132316378662442 0.00588354580762358 0.000203661290507827 0.00186834168968138 0.000607552695895677 0.10236483896403 0.018328227366801 0.254507110358008 0.00501472486336607 0.000208529418468653 0.985603879560975 1.44971597026462 0.0199691256068141 0.00195785061507844 0.000944599529472914 0.000432486791838578 0.00135563705338466 0.000601792930658746 0.000411576854619233 0.000495798224646181 0.75778155977605 0.191570887085097 4.12827798836548 0.000185469631766542 0.042633733056152 0.00180116445653958 0.0100356713545426 0.00213355720192853 1.93947681796313 0.00135793072763809 0.00545286042489784 0.00421354468988111 0.000469346297238361 0.0287225192295493 0 0 0 0.0226871107111136 0.0743454197616893 0.000775412018232976 0.000412453790739294 0 0 0 0 0.000322042573024088 0.00187720047984577 0.00228488743057332 0.00569828553817632 0 0.000181875986188302 0 0 0 0 0 0.00345136295976804 0 0 9.82984090110856e-05 0 0 0 0.00171502798143229 0.00699641275828898 0 0 0 0 0 0 0.00690145264109595 0.000211191395538962 0 0 0 0 0 0.000331197554447313 0.00292855768628877 0 0.00379046729040128 0 0 0.00277540182183738 0.0199051714549483 0.000614533608484296 0 0 0 0 0 0 0 0.00149046365098916 0.00382778634997111 0.016284463071165 0 0.0514451835174283 0.000164834587579888 0 0.000169332645874367 0.0168905538032246 0 0 0.000528692052287497 0
0.00024398958200068 0 9.65327931698769e-05 0.000622492351281246 0.000440999302899325 0.000374984710887934 0.000364317609769217 0.000661993691279689 0.00151432211153439 0.0262662716355249 0.0628782176395108 0.00014740708083256 0.000650495935150056 0 4.89686792056053e-05 0.000220596066400986 0.0114143015167746 0.00237555959932262 2.22758250490047 0.167934787734386 2.68533806795763 0.487885020584393 0.0123382003950182 0.0011076864294837 0.0106701711128959 0.000611097199861473 0.00460733380084988 0.000537043649332334 0.000735108979686131 0.00410810570744193 0 0.00924152955699728 0.00143104528647222 0.00275406282502694 0.00402677668141057 0.0012861146191557 0.142697787630387 0.0222165457211564 0.000204897625449924 0 0.00221160009940403 1.93835508139865 0.00993364238196201 0.640048695273056 0.00115872827173419 0.000135546824406724 0.00528801106526421 0.02239993225455 0.00240191949423354 0.217284872676937 3.5632718710523 7.49738507868289e-05 9.76929011822789e-05 0.00027727195042088 0.000909914808079521 0.0155883201174915 3.65134683917815 0.986013002822186 1.76709253701583 1.48283052278254 1.16482765677626 0.000366913080279349 0.00369262222931385 0.00151941453639554 0.0754126103361893 0.0476726357329493 0.0035329223751695 0.000499215808415223 0 0 0 0.562052157638205 0.0728248787754408 0.0041474641946486 0 0.00405848699745188 0.00159689862796259 0 0 0 0 0.000374963675244529 0.000421959385087267 0.000762148737949001 0.0127177512302722 0 0 0 0 0.000163728950694746 0 0 0.0015650665802542 0.0148016358487875 0.00867147837374944 0.00274615329109205 0.000644020783113204 0 0.00125852633872525 0.000963732290871819 0.00353659279557506 0.000112733627533612 0 0.00920265615380921 0 0.000899225654159955 0.000793741577009019 0.000637693926918503 0.0004060210608146 0.00163052004965677 0.00304332138175698 0.00213981845319722 0 0 0.000514216400566939 0.00542888215647061 0.000159437188269219 0.0540429442282985 0.000738396985116349 0.00369002930386174 0 0.00349612581942431 0.00152448008017256 0.00609463825166492 0.00167314023166395 0 0 0 0 0.00496493397005193 0.00590330506645981 0.00646249339339437 0.00881407147108118 0.0110753841593566 0.00497862833826059 0 0 0 0.027131134639613 0.00942737453334039 0.000473105378499857 0 0.000170620392614743 0 0.00740563284936101 0.00574740015596896 0.00895478611206519 0.000220396072800787
0.00145462266379484 9.65327931698769e-05 0 0.0218909113232981 0.000607151109699266 0.0211787319052478 0.149959687923935 0.705384517066078 0.0122511349448473 0.000805491594558233 0.000401663468976195 0.00370284440087172 0.000270995618432281 0.000499052701669646 0.00292018765871205 0.549353980261016 0.00394375377693513 0.00205854100944004 0.00103356757027943 0.00178681525458977 0 0 0.0103949731493778 8.3285012160211e-05 0.00282011730055508 0.027674948176219 0.157185702253362 0.859720517865727 0.42474009219185 0.0128460081434487 0 0.0130435167412526 0.000715253424154912 0.000250800079137602 0 0.00352222884560681 0.000464572995785198 0.000483325536292156 0.000452120068661598 0.00126343868353703 0.0141763449024224 0 0.000274473065368778 0.00100770393313258 2.71975650748209 4.11796673049781 0 0.0105399079243112 0.0162626162393061 0.000677368784884228 0 0.00577587064147443 0.00117606764055845 0.01852139051799 0.00694488175756735 0.18445883070484 0.00140806443031091 0.00652527008920224 0.00121848954149677 0.000521370353226067 0 0.000159488808252818 0.001759077588743 0.000365957160348655 0.0187929366957025 0.353620498097555 1.41382269411668 0.00936596542917438 0.0634360833604806 0.000763355544935573 0.0156342607685643 0.00368800850083175 0.00680811664404047 0.000202606299857744 0 0 0.0568782977571932 0.00176526902413169 0 0.000209910319552952 0.0116533320099876 0.0957897980661652 0.0304946997940493 0.00225592546377674 0.000179008531420735 0.00181692255704937 0 0.000370180994056356 0.000121507958841419 0.0291401788319836 0.0018665096953301 0.000624721863400249 0 0.000176151662734133 0 0.000168456884472756 0.00367120945625121 0.000227815491008554 0.000252050438792374 0.00182892112306878 0.00311618132490661 0.00268914999729392 0.0186721705937127 0.0125732394274255 0 0.000982467320526665 0 9.15394066985688e-05 0.000241087872093634 0.000979460109728519 0.000176450399291275 0.000215304507602303 0 0.00018624990197973 0.00794937335054458 0.000105697536404657 0 0.000288040895804854 0.03714754322617 0.10001381987079 0 0.00206551322266319 0.00538911122398846 0 0 0.00404591451930212 0.000305302005199928 0.00471478049926592 0 0.00211060639854068 0 0 0 0.000678981195795471 0 0 0 0 0.00209017183345771 0.0905624577115527 0.0126035508346018 0.00842576583786148 0.0308123556053186 0 0.048399764836497 0.000106185567520789 0.00142460237128205 0
0.0015385576616871 0.000622492351281246 0.0218909113232981 0 0.00118817353103651 0.00628939740415018 0.0197998152502659 0.00544588143992661 0.00171771798985715 0.00129653012622677 0.00010889157631436 1.72893842149277 0.000598253503665902 0.00874753840431616 0.0223493154550005 0.0342784124338543 0.194067284991182 0.0319173284619149 0.00207353821812689 0.0015960963505559 0.000693563123356977 8.89398307402194e-05 0.015047142967294 0.0013037695353604 0.0195305934011645 1.7574176315822 0.0093134952472949 1.31686176734971 0.995151633854523 0.00408926492291793 0.000153938590908335 0.0125023230511929 0.00337741791406314 0.0116424397585392 0.00155914456249974 0.070545901669083 0.00671469410984695 0.00406705022273187 0.00339440545785375 0.0379235635184825 0.685402914434777 0.000165585329540575 0.00171349511527523 0.000128657802431226 4.19085416113826 0.00677002929306647 0.0059232864252258 0.111811209117082 2.49534922128435 0.00751031665977524 0 0.0676163904705291 0.00416257079321699 0.0614037079315918 0.0662721744584993 0.0474429079315796 0.00111356248859301 0.00389510515885607 0.000812754009155156 0.00585228898048367 0.000759905336678341 0.00210913814938876 0.0021410788169792 0.00411300217456947 0.00506985814547293 0.010761088165924 0.405573971555455 0.655903324356306 0.120886383451949 0.000659199518755347 0.00188193037440415 0.025434915698746 0.0448275815381475 0.0322757987986997 0 0 0.0052948103661917 0.00078385960478535 0 0.00100339104536082 0.0042657720311909 0.00316987846289783 0.00174538318907736 0.00139572583208787 0.000325197160581169 0.000967268358786086 0 0 0.000257591254258032 0.00270914964430226 0 0 0 8.01008428836722e-05 0 0 0.00364289041093943 0 0 0.000276368423445167 0.000944976768874048 0.000404204601052624 0.00182035718666018 0.00172956809368547 0 0.000497029104084449 0 0.000254068423955173 0 0.000372496364158641 0 0.000306722037893978 0 0.000434132710820795 0.000974791301815313 0 9.18550131311512e-05 0.000137092468000215 0.00253321884532055 0.00548064337390597 0 0.00071884788455967 0.000528559231386464 0.000211642888681165 0 0.000915973646295632 0.000472189793636536 0.00169514010614509 0 0.00091716492816984 0 0.00074459424602885 0 0.000265055232198271 0 0 0 0 0.000414540958730484 0.00949562396690023 0.00162561820154398 0.000384811031173951 0.00150670354048821 0 0.00598666951437033 0.000122196454328892 0.00085727206452031 0.000745785054133502
3.46954846203892 0.000440999302899325 0.000607151109699266 0.00118817353103651 0 0.487865345521465 0.0226667032730782 0.00146300688820669 0.000472081156291632 0 0 0.00997802769708743 0.0803230535376946 0.05739782708967 0.429992886426417 1.07143468989364 0.012280442476792 0.0463762982022786 0.000195506818509772 0.000130460681466181 0.00011544744888501 0 0.000954499897934061 0.11981603864857 0 0.000465438387159919 0.000404809066433601 0.000983165956417269 0.00217550816529649 0.000509288489335645 0.10568941370801 0.00445801837746118 0 0.000405882017151259 0.00311826277507686 0.000584902923058125 0.00234694040735856 0.00148802229581162 0.18875701636357 0.00994334142047896 0.00106745156524961 0.000163929502396517 0.00330774250801768 0 0.00354485300302236 0.000985294816248003 0.0638678223080765 0.0149384171268868 0.29313489683188 0.00320279205670831 0 0.16763603148843 1.19371482432816 0.0353668193526527 0.00111734963956096 0.00113515619990284 0.000149800784861581 0.000499428868412545 0.000190726346640829 0.000389661379936013 0.000648285840541378 0.164900770787084 0.0217394030442001 0.370931951508318 8.70858430211761e-05 0.037487773695795 0.000701001680491667 0.00805938206267242 0.00274410385840857 1.99009429986452 0.0014809618757935 0.00324340305389306 0.00192957147113509 0.00209871654676056 0.0235200639681869 0 0.000777725349350637 0 0.0175761233884926 0.0708338285525634 0.0023044864090182 0 0 0 0 0 0.000353280307809366 0.00421093690072419 0.00271621051028354 0.00558996253483471 0 0.00225568564643486 0 0 0 0 0.000428293039225519 0.00097995650892715 0 0 0 0 0 0 0.00101661802932883 0.00562177610135411 0 0 0 0 0 0 0.00925685932992333 0.000204804063533163 0 0 0 0 0 0.000899101956463519 0.00389213969324434 0 0.00451621555406107 0 0 0.0026911855127156 0.0243996335601752 0 0 0 0 0 0 0 0 0.00487757777647192 0.00672916027424824 0.0113391489465146 0 0.0565295285478014 0 0 0 0.0118470133828519 0.000231207989743326 0 0 0
0.45482076715682 0.000374984710887934 0.0211787319052478 0.00628939740415018 0.487865345521465 0 2.56274980682556 0.234233817333609 0.0225202006120119 0.00249926022523795 0.000422341698626509 0.0509517868136218 0.0352846290312436 0.0939650939662167 0.269000502809982 1.73380988471018 0.0114186880337999 0.0349983729924932 0.00012456205552935 0.000821206919227095 0 6.65919265641426e-05 0.000862563583462379 0.104409660237578 0.00270484584084706 0.00289442116664442 0.00334162467462619 0.00258694752644672 0.0186620684190026 0.0150076746539577 0.790833876573698 0.850287086867952 0.000308590665842922 0.000584365569878169 0.0009725824845973 0.00110695523399754 0.00111355134798964 0.00110965297436019 0.0795693677159311 0.0352886849330628 0.0038031963031995 0 0.0028366275731596 0.000751855930247371 0.0139971191493281 0.108779041281698 0.0636567286236794 0.00924931728348293 0.35923870967114 0.00125913765019572 0 0.246838800084837 0.397836353494941 0.616997109164842 0.00273507571579984 0.01243060027232 0.000334506953059557 0.00233828464011366 0.000122893034897896 0.000693327143357281 0.000327723357508984 0.0520782272205162 2.33083398922572 0.275136846225307 0.00709550956330697 2.99633416273667 0.0122072003396966 0.0532559933513041 0.0413534170330332 3.98071435656012 0.0654539098149127 0.00172223495818168 0.00417929148733181 0.000299237686065149 0.144398695132131 0 0.00181087368182956 0 0.108970859070449 0.743572729796706 0.0467478588444423 0.00917334663488249 0.0012087898751862 0.000424809080537547 0.000161825666560977 0.000835992428006002 0.00399822954889741 0.0164243656719734 0.0267678341597871 0.0637065174898313 0 0.00160966696776961 0 0 0 0 0 0.0172598169544423 0 0 0.00024783974820627 0.000343035476380997 0.000622832464617674 0.000711279219886799 0.0169550250136084 0.0881351159361112 0 0 0 0 0 0.000219661659620313 0.0253353861278214 0.00112010463495596 0.000690966371276257 6.80463702401029e-05 0.000360828892068052 0 0.000868495846333004 0.00061979030439494 0.0111000834242713 0 0.0281243542364436 0 0 0.0319809574788738 0.128267421338544 0.0145808530675733 0 6.4278724866737e-05 0 0 0 0.000175517850108759 0 0.0221840220746235 0.0355108784597921 0.0934232058723746 0.000133579571809692 1.23596706822008 0.000220513127872031 0.00107581845494903 0.00231277025100301 0.0830452530638989 0.000703909148948051 0.000147814924720055 0.000399364039838754 0
0.011743950644785 0.000364317609769217 0.149959687923935 0.0197998152502659 0.0226667032730782 2.56274980682556 0 3.3163616364686 0.0640536014576001 0.00801306278473485 0.00110881781442919 0.0771994756882238 0.00137659074344559 0.0274090813925931 0.0901588216092318 1.49696365588011 0.0105629259213065 0.0121599470044405 0.000434285778157378 0.000785296143506682 0 0.000141494747722229 0.0030588313223725 0.00174187968856975 0.0084393118807434 0.00591332368209724 0.0223161289075545 0.0194085572229816 0.0705224746751017 0.0378538742725802 0.00365173335779711 0.0132891183102624 0 0.000648662432950146 0.000847251022772659 0.00161470346005243 0.000527422885633925 0.0008472665343015 0.00185543775632463 0.0407706732244981 0.00444849759324489 0.00011189939782053 0.000542518611662927 0.00060956912059307 0.0761038531694824 0.401738296514291 0.00178097693365468 0.0073893708572776 0.113768588839504 0.000446757121897901 0 0.116895555842419 0.102062217189406 0.67480943488497 0.0119152392096866 0.0772611303944589 0.000712056069169711 0.0120627047095009 0.00052821066917277 0.000770576038622767 0 0.00315577769346797 0.0139763833430105 0.00663501842144058 0.0224130732662997 1.7263867557859 0.0955169030506839 0.134850534896227 0.179462764494239 0.0226409590394715 0.179382976635684 0.00400570651212098 0.00795801731861003 0.00205236613902732 0.0043162474445 0 0.00484033992061216 0.000745234186482063 0.0040997483144068 0.098574085204075 0.341111728523851 0.0726674651098334 0.0115264919904781 0.00176118538540404 0 0.0102069179058009 0.000357272106746825 0.0127578485782213 0.0144654399112964 0.124565699106308 0.000854728162043211 0.00395736015118013 0 0.000472689833436929 6.25933728679389e-05 0 0.000591232694964346 0.000138704617976167 0 0.000145932985505581 0.00110042836716727 0.000572649600461661 0.00496004557982356 0.00384790311958494 0.000228692474343321 0.00613944389442 0.000273070787038936 0.000356654807734107 0 0.000397739478501625 0 0.000206355035920962 0.00310920142374849 0.00892277143388918 0.000354808160389273 0 0 0 0.00490288906923724 0.0107550315416003 0.00022539878742776 0.000977083619917363 0.0309718528220991 0 0 0.0663162245684993 0.0293452849132445 0.101478913299178 0.000473378024135163 0.00032811581259225 0 0.000362487980924735 0 0 0 0.00561491103204942 0.000495663596940248 0.00119816305286817 0.00111542995201553 0.759744544609549 0.00402557689450299 0.0159663317285965 0.019543735298641 0 0.0136738471711266 0 0.00112522255756941 0
0.00236236472520914 0.000661993691279689 0.705384517066078 0.00544588143992661 0.00146300688820669 0.234233817333609 3.3163616364686 0 0.802874280082113 0.0246974383557203 0.00085655717284832 0.00180735608874746 0 0.000880789133115407 0.00561690013034762 1.42164502370654 0.00117365141080546 0 0.000177162880938796 0.0037322639920825 0.000175281505195527 0.000717240889143387 0.00313675530473545 0.000466888300182745 0.00468485276105194 0.00757479149091707 0.0532692397020182 0.0128162618154578 0.065689907032842 0.145454611726731 0.0015036560803273 0.00355840997611121 0 0 0 0.00108144318915879 0.000179445392259778 0.000237490930065618 0.000371425961893119 0.00121902286718849 0.00383571050621569 0 5.5544938105969e-05 0.00376740127967149 0.0985496628243663 5.10201002253861 0.000636962573617759 0.00284414999708407 0.00679865482526985 0.000327547898483199 0 0.0071129213131913 0.00795134787415173 0.0329852914532458 0.000803891897955461 0.142984690998963 0.00132353397370721 0.0117868176912488 0 0.000230193175629792 0.000133850096470807 0 0.00517156226716525 0.000389373178877576 0.0683556647095415 2.55697184099623 0.112060999419154 0.0146089097999296 0.104949669192127 0.00545172392731683 0.829281764025336 0 0.00233357429132105 0.00269005513763992 0.00245402174003168 0.000426443071096954 0.0385774326635002 0.00200022215108652 0.00220916607717673 0.0206503890409859 0.15464463504452 0.242010185229397 0.0280533579010144 0.00172298718561067 0.000324678881822816 0.00750748649905546 0 0.00399265280571137 0.00939261619262137 0.127607804838876 0.00220198942339305 0.00333512285226945 0 0.000455453801980518 0.000104398422146039 0 0 0 0.000264021962941841 0.000531962879705687 0.0018690025720969 0.00221165994497123 0.0346425693140083 0.00730133794755131 0 0.00776441076432141 0 8.11908920281181e-05 0 0.000850164442821447 0.000371035493808302 0.000159231679779835 0.00131694933156741 0.0110972841722228 0.00270598310106755 0 0 0.000871433513666227 0.0426737096686911 0.0524805400393525 0.00112096218245509 0.00226737714339246 0.019050314669748 0.000792279877979725 0 0.0257091857984767 0.0102003681413129 0.081183132256837 0 0.00103237971419334 0.000373871115424095 0.000837389557050282 0.000839347920386188 0.00026356721015028 0 0.00133195280615675 0.000244865222570532 0.000201720716181915 0.000496959053915445 0.355461664593775 0.00807434664602537 0.0378897387794363 0.0965426922271359 0 0.0319297426074782 0 0.00100996679157047 0
0.000717772820328912 0.00151432211153439 0.0122511349448473 0.00171771798985715 0.000472081156291632 0.0225202006120119 0.0640536014576001 0.802874280082113 0 0.627199617446058 0.00518536543404849 0.00106521707658468 0 0.000448600169977194 0.000326636825359336 0.00277556208876413 0.00242256943314556 0.000926459704586588 0.0023839870238418 0.00224383031697879 0.000778290858767204 0.00823107270657935 0.00706495132229132 0 0.011711837378923 0.0199299456293391 0.0297369558934212 0.00168075375601221 0.00292577998564088 0.628441469723005 0 0.00468445325167471 0.000405553888785512 0.00275856023492783 0 0.0181412685078917 0.00419161014038844 0.00160958307333873 0.000286124466333477 0.000775179478672006 0.0220114564652517 0 0.00131135253181806 0.0289892865922323 0.00865929671078013 3.08376756273437 0.000250133479804113 0.0187794524860184 0.00577948435334378 0.0129787224792082 0.000245148967387754 0.00142439276292089 0.00125197038842162 0.00123321359726199 0.0447421495925567 0.101991178749703 0.000530246779206732 0.00978042867451135 0.00317545121549659 0.00912118339014907 0.0003626957124684 0 0 0.000180593522652676 0.452916519262333 4.38300750176992 0.0439644258691589 0.00371621021425783 0.00603754009180574 0.000747851264658239 6.25904344936372 0.00910242435828355 0.0210968258607079 0.0164098035941378 0 0.000759448784493794 0.00891311598023186 0.000312883958180028 0 0.000316056765689837 0.00624206177019986 0.00688357744431428 0.00945187215117552 0.00443881132653683 0.000876985841725179 0.00103590329803321 0 0 0.000478633204606707 0.00252370888033682 0.00111209716444298 0.000244636977211304 0 0.00158381010372471 0.000584954101534762 0 0.00117024301918457 0 0.000843540094522591 0.000595956878867978 0.00722905219166254 0.000782801803919137 0.00259738687226401 0.0156124692642801 0 0 0.0019130452583365 0.00143170044556864 0.000346765842344235 0.0043476304992779 0.00193972288920541 0.00090119404836975 0 0.00114531046514614 0.010115192761142 0 0 0.00288519216383685 0.0019761530351798 0.0215458347577419 0 0.0044816367093295 0.000503971654211829 0.000558433086235389 0 0 0.00177697566616578 0.00100785047210041 0.000936034022879992 0.00601820969798066 0 0.00135800748721615 0.00291851332938902 0.00203372923374422 0.00030200843744143 0 0 0 0.00585545637634086 0.0892684578345602 0.007385659165504 0.00060445816056777 0.00244001476198719 0 0.0412996177532746 0.00242449033714364 0.00449058851798296 0.000562177306035354
0.000156756719713248 0.0262662716355249 0.000805491594558233 0.00129653012622677 0 0.00249926022523795 0.00801306278473485 0.0246974383557203 0.627199617446058 0 0.0768707417324452 0.000324750140401869 0 0 0.00010170788281777 0.000445902189801562 0.00355222790154126 0.00017099570050379 0.0189654225200689 0.0824369645512858 0.0140358043823361 0.250470503322436 0.461711577449521 0 0.0289837669535895 0.00646189530232736 0.0218452835559265 0.000853576799458234 0.000861892408484151 1.61009532813976 0.000271696431147351 0.00298460719259654 0.00138691504154211 0.00338719689504283 0.00192905740846948 0.0124067419512595 0.00844754613886369 0.00423684000375723 0 0.00142350780850571 0.0231680079907585 0.028089777164451 0.00162591380002936 1.87195029694042 0.00480878175719404 0.031745968183133 0.000255991170555261 0.0244559302227506 0.00425581647652637 0.0246735407277006 0.0432452055755775 0.000518810780647567 0 0.000270627008073579 0.0622021499874338 0.108437824501369 0.0974972723449341 0.159648577746134 0.0149014270898073 0.0378176052594101 0.134393390444405 0 0.00159506411682341 0.000608765552045955 2.24414476374429 2.39821896321948 0.0101708871141113 0.00087471066449037 0.00255502557572518 0.000407333326253846 0.277569633623209 0.0360721611155826 0.0465041587000505 0.0150585750129293 0 0 0.00295533154095442 0.000737702120945252 0 0 0.00166952431741378 0.00154005184470725 0.00821507933662935 0.00178194620839842 0.00314047211829498 0 0 0 0.00017642472482849 0.000816821399150729 0.000467228262632069 0 0.000787058087139499 0.00708659072654587 0.00273100371359961 0.000787574932397911 0.00160166433787832 0 0.00037604548767548 0.00159987042422872 0.00347606892344108 0.000529939604077377 0.000566007440874724 0.00958629528723192 0 0 0.000805041217909072 0 0 0.000806976813120877 0.00166752814969744 0.000686289514114784 0 0 0.00324939741496005 0.00250027383977436 0 0.029608195746773 0.00210872007550744 0.0185581446965838 0 0.0050289942902771 0.000496138212758707 0.000340307634954339 0.000668700952578902 0.000158089928177078 0 0.000233650769180182 0.00154964968846638 0.00229263672505649 0.00751704582519164 0.000309547723199102 0.00401006978812755 0.00310561429722132 0.00234370116396248 0 0 0 0.0137669448211012 0.0658264597744349 0.00225016069167198 0.000714721663406734 0.0017198489080441 0 0.0263577351839771 0.000865043547982235 0.00346466525430794 0.00223374138134178
0.000131404412116624 0.0628782176395108 0.000401663468976195 0.00010889157631436 0 0.000422341698626509 0.00110881781442919 0.00085655717284832 0.00518536543404849 0.0768707417324452 0 9.13527121461193e-05 0 0 6.0435197654779e-05 0.000109049129777944 0.00154850205414868 8.78195262487649e-05 0.0935766505651477 5.12760861662339 0.0110737602200544 2.16274058173659 0.0139922324091329 0 0.00689446404535097 0.00163108968760073 0.00609217655194137 0 0.00028369774568218 0.137357513862714 0 0.0014096282325613 0.000369984099164097 0.00191414775804924 0.000775844164032466 0.00303590843901005 0.00416436588773625 0.00134088952218757 0.000161953543649611 0.000192296761318923 0.00147836897438461 0.638673611893984 0.0015139430875043 11.8230616413608 0.00170101873245026 0.00187606126007878 0.00020407922258162 0.0107398920308079 0.00125115036124993 0.0136345527364017 0.0487535218695913 0.000165797963432149 0 0 0.00162064835392092 0.0242064293450749 0.259421757273315 1.20302635853004 0.0132368579204995 0.0139638990364597 0.0543881646913784 0 0.000443629904691982 0.000476295683059863 3.67022593835486 0.158248396975354 0.0022171994434662 0.000179244587166571 0.000267150471242912 0 0.0213568886321798 0.0081009334536994 0.0241110977861553 0.00352864585303195 0 0.00485322146368526 0.000820978369751348 0 0 0.000137678336763382 0.000750125250007689 0.000407624198436429 0.00197397893820014 0.00260500734594535 0.418633803853624 0.000339185604659481 0 0 0 0.000130261563188827 0 0 0.00221054478235453 0.0302087693066315 0.0108434103561062 0.12896116246494 0.00333853962678091 0 0.000667277512033826 0.000601414574700587 0.00320183488983604 0 0.000105352169630361 0.00928646681703355 0 0.000253256072299101 0.000834687750760711 0.00153901634103796 0.000298623479590307 0.000760837659443701 0.00212715990069567 0.0021173436137763 0 0 0.00134365057655993 0.0114556314098093 0 0.203771588773266 0.000905096400869541 0.00149125123254883 0 0.00410070085314598 0 0.00763934820721831 0.00229452401819255 0 0 0.000164904727854256 0 0.00463363687143833 0.00775614634161474 0.0101780638272256 0.00912061909523899 0.0123451879903559 0.011951560554706 0.000282447503120509 0 0 0.0626430272272736 0.0347635360132441 7.16380370994938e-05 0 0 0 0.00672088398479993 0.00471555105176274 0.0077860514259482 0.000156118160394736
0.0107589305747581 0.00014740708083256 0.00370284440087172 1.72893842149277 0.00997802769708743 0.0509517868136218 0.0771994756882238 0.00180735608874746 0.00106521707658468 0.000324750140401869 9.13527121461193e-05 0 0.0114454163490498 1.28302119382303 0.136017140690869 0.0900720834868361 0.0659640808193426 0.0902169295523691 0.000135488936116409 0.000684864128147311 0.000111202325888756 8.05645252511039e-05 0.00225958224911427 0.00848972519012271 0.00867704089301104 0.051619719210155 0.00437931701129347 0.0347496557702391 0.765200722182099 0.00140748447938406 0.000134700753636051 0.0120655609406988 0 0.00219336534810789 0.000546343227537105 0.0221141121808255 0.00446187728594788 0.00361832422262708 0.0745703914040157 2.64314964160392 0.0374098119872667 0 0.00125980491743997 0.000712390416036417 0.15990615179335 0.00277027757956869 0.0214455610500618 0.0373412796874156 2.81794140327332 0.00410941055626361 0 2.15956062669509 0.0828730768828898 0.333087290691971 0.0488804499696973 0.0197949267154723 0.000327831468092656 0.0013095313509838 0.000301728744643782 0.00294320466307747 0.000383569902840824 0.0742344242656329 0.00237195865698205 0.0114073934823692 0.00119429529046978 0.0249654518603707 0.0726738072850737 1.82871432019142 0.0603931504462269 0.00149539125036042 0.00181134104994296 0.0144841341531313 0.0133190500856508 0.00391070976200815 0.000818744154048368 0 0.000777861499635935 0 0.000726283140075508 0.00825687644391796 0.0199361655898381 0.000639813608181966 0.000497236680964061 0.000842016968288901 0 0.000128450641875498 0 0.00224747460200395 0.00191594643471377 0.00711043100580408 0 0 0 7.98195944074764e-05 0 0 0.00127381039270831 0 0 0 8.01446703457224e-05 0 0.000252333834951401 0.000627732741728171 0.000331772618412119 0 0 8.08515683563202e-05 0 0 0 0 0 0.00044205630378916 0.000341681722012236 0 0 0 0.00067089194900425 0.00196021862822684 0.000280470067729577 0.000283106908527921 0.000628172257182319 0 0 0.00756310038607854 0.00395501847526671 0.00554460770403609 0 0.000324223426338557 0 0 0 0.0001502915584543 0 0.000233721525425678 0 0.000441498745726427 0.000691111799092931 0.0315600038078676 0.00031347226000494 0.000493149853376939 0.000631798919192156 0 0.00259630410639212 0 0.000206244754157535 0
0.159444881654137 0.000650495935150056 0.000270995618432281 0.000598253503665902 0.0803230535376946 0.0352846290312436 0.00137659074344559 0 0 0 0 0.0114454163490498 0 0.789414779265018 0.0278462866003217 0.0088587283070008 0.0206531341849406 0.0891078855069553 0.000495988330702468 0 0.000117751653496301 0 0.000876864605181958 1.5245917676233 0.000195199336297858 0.000562078990901309 0.00067767576782659 0.000294742791415689 0.00107182535688977 0 0.0016052465029825 0.00930854177843222 0.000473011280269636 0.00106634537215854 0.00894137292594052 0.000226859349750756 0.00191684365366877 0.00183810674200345 4.31079731997338 0.016950077079912 0.000487093104539343 0 0.00607462424060226 0.000103535291816262 0.00241048710370284 0 1.44691982157462 0.0182826488807619 0.291296279400626 0.00529487206026925 0 0.1753310477395 0.0715204551212538 0.0057479111117792 0.00164837694869435 0.000691311610654145 0.000206917331740207 0.00224703770408128 0 0 0.00157074353852807 2.10033018572571 0.0206584564304942 0.660936210762466 0.000170080337024307 0.0031425131675344 0.00156041276279383 0.00859751503100694 0.00158667278129014 0.0149645992505372 0 0.00566519706729595 0.00447124240659427 0.00155563328765686 0.00218204734056194 0 0 0 0.00256907554744104 0.00647336811605494 0.00161155205201017 0.00106393313843126 0 0 0 0 0.000887979514562189 0 0.000299276010120658 0.000487239035240245 0 0 0 0 0 0 0 0 0 0 0 0 0 0.000425534285148493 0.000322840698038646 0 0 0 0 0 0 0 0.000889905463515653 0 0 0 0 0 0 0 0 0 0.00105780081140458 0 0 0 0.002879028446237 0.000488763916057042 0 0 0 0 0 0 0 0 0 0.00105063563799898 0 0.00773475572156707 0 0 0 0.00341210456131807 0 0 0 0
0.160438776940795 0 0.000499052701669646 0.00874753840431616 0.05739782708967 0.0939650939662167 0.0274090813925931 0.000880789133115407 0.000448600169977194 0 0 1.28302119382303 0.789414779265018 0 0.146088626370145 0.0438821612555559 0.0186338710844376 0.101238137210417 0.00037088989325653 0.000360014621175487 6.779676080926e-05 0 0.00128035175518849 0.196864112958296 0.0012358181929506 0.00424014044719619 0.00106141511461986 0.00368755156564838 0.0124594925751253 0.000118825743616349 0.00119079882448917 0.00624886903548456 0.00169444344832456 0.00163634354566636 0.00426580534410041 0.00206812558043451 0.00155494993665684 0.00158792992532127 2.76992317552965 2.55816709471295 0.00783937918946803 0 0.00334906117899115 0 0.0118746757950479 0.000632070259082322 0.0334018143681902 0.0238462752593342 1.65988336552946 0.00155746462944782 0 3.12258558236569 0.203631693752968 0.103396091402932 0.00680704584725773 0.00472252430413824 0.000109085789850763 0.000156780107326266 0.000404034088985372 0.000164132915163331 9.77002306240433e-05 1.8541538267165 0.00498378400057897 0.114029348962017 0.000254066465893429 0.0296736534838738 0.00981967694567241 0.096497969159592 0.0094847339476882 0.00875607441066565 0.000867517894134252 0.00394500329404395 0.0053217552241991 0.000658184861674949 0.00215333817466988 0 0 0 0.00240706425134496 0.0199132681621671 0.00308023327181597 0.000273773797337062 0 0 0 0 0 0.000897955802220277 0.000792782219397121 0.00290472301618812 0 0 0 0 0 0 0 0.000344237541872005 6.58522196223033e-05 0 0 0 0.000111205586057674 0 0 0.000315522503568279 0.000139460355952628 0 0 0 0 4.891012098787e-05 0.0019216477184399 0.000324492774138055 0 0 0 0 0 0.000306599811260683 0 0 0.00214415653343664 0 0 0.00170462267644111 0.00447697854600759 0.00171440665025002 0 5.79577323553621e-05 0 0 0 0 0.000134357615579774 0 0.00111196373847072 0.00142828725533216 0 0.0182465740707126 0.000241146960589474 0 0.000212899933927457 0.000635121243515819 0 0 0 0
0.77854757472921 4.89686792056053e-05 0.00292018765871205 0.0223493154550005 0.429992886426417 0.269000502809982 0.0901588216092318 0.00561690013034762 0.000326636825359336 0.00010170788281777 6.0435197654779e-05 0.136017140690869 0.0278462866003217 0.146088626370145 0 0.902843080180228 0.00970087036233459 0.0246879654613406 0.000573163639651918 0.000143447174427316 0.00021518395454459 0 0.000683445583893254 0.0831334698289068 0.00461976754136465 0.00439322011477691 0.00494819053418218 0.0098546846445687 0.2288469693713 0.000775035438515329 0.000712678459102489 0.00509433111914965 9.53796340807901e-05 0.000356209606718759 0.0002125547280259 0.00158794554308008 0.000939460514761754 0.000656794564363195 0.067830890971572 0.0382668868048981 0.00529635095417524 5.17393422455898e-05 0.000987911895876542 0.000191579752000989 0.0761203818564271 0.00221645914550325 0.0103020662066739 0.00898107969204538 0.265817632582985 0.00164981996067545 0 4.60624246910586 4.50229869162324 2.84559026873621 0.00543931374313064 0.0148198277963666 0.000424841356475261 0.000885499971533242 0.000513905371812889 0.00125259869930752 0.000161892446608421 0.24597942917203 0.00166793995440827 0.102100630802527 0.000899219424724081 0.0718508694376268 0.0286821967986551 1.18011380052063 0.858191346248112 0.0165192624731666 0.00143638892146866 0.00323565972766302 0.00535821266137181 0.000683893496136029 0.00328700300088011 0 0.00066683163332351 0.000129498690192597 0.00562242669816399 0.0581823113852895 0.035086976681928 0.00382075475348109 0.000551644233081257 0 0 0.00175981230951139 0.000567863417472794 0.00335471590187679 0.00423710499528445 0.0226127389653647 0 0.000910424322377971 0 0 0 0 0.000263253637930594 0.000442956881456069 0 0 0.000216311524066967 0.000261863672072891 0.000101543666472564 0.00033399365781875 0.000610648752089105 0.00404192887322723 0 0 0 0.000188235442679513 0 0 0.00258282643552719 0.00068585343989574 0 0 0 0 0.000744676219012686 0.00070406314259763 0.000782352532414075 0 0.00514184091604886 0 0 0.0130796312590604 0.0157253304162671 0.0122514152327445 0 8.52710037084897e-05 0 0 0 4.68359115535708e-05 0 0.00240964351715696 0.00120255445053238 0.00333408155245157 0.000132254007317798 0.063127005851953 0.000480988109643277 0.00141751364650414 0.000594599290870341 0.000452803701689264 0.000613462953177919 0.00010406619488329 4.47102695306692e-05 0
0.315141306384987 0.000220596066400986 0.549353980261016 0.0342784124338543 1.07143468989364 1.73380988471018 1.49696365588011 1.42164502370654 0.00277556208876413 0.000445902189801562 0.000109049129777944 0.0900720834868361 0.0088587283070008 0.0438821612555559 0.902843080180228 0 0.012449617332242 0.0217257127700594 0.000363182697750572 0.000945902581624441 0.000132475686102125 8.23602739678862e-05 0.0052873989355737 0.0342616562323097 0.00467532017244911 0.00752569906129763 0.0206349346091843 0.0151771102068336 0.61315611818268 0.00702585652912404 0.13446686397527 0.0101104400558544 0.00025338267385188 0.000741779608972763 0.000586242732172905 0.00180456099659897 0.00125522682899453 0.00127774584296118 0.0170488536738933 0.0244566698614579 0.00572874993087387 0 0.00160501933952409 5.48095868899796e-05 0.378606699437065 0.32188777869163 0.00878062495557179 0.0128429591869055 0.184753585947943 0.00108907079012909 0 0.196119626811441 0.591834608590937 3.11850348017437 0.00472590711763668 0.0558423274262854 0.000316778344528099 0.00267822889401959 0.000640941291036867 0.000615362734529767 0.000148834984820969 0.0138134142893459 0.0145103010730033 0.0629131221693256 0.00595750980278251 0.196978797151356 0.12174503322009 0.195138479401461 0.971977463954682 0.353901552550014 0.00854612107100414 0.00363099133855552 0.0068983351030765 0.000685477141128829 0.00628203330743752 0 0.0140506611753866 0.00146149792902626 0.00636615226841638 0.0723479194221991 0.139815917713297 0.122985874800402 0.0124862331779545 0.00110716856590456 0.000141609659753152 0.00617818123848777 0.000281730458262441 0.00450372315945289 0.0114898425067692 0.142204843832185 0.000321804024770959 0.0034357210161193 0 7.74861310537172e-05 0 0 0.00113962995928407 0.000889071799385382 0.00012679882244097 0.000261681211252871 0.000381572070292881 0.00064763751975998 0.0165924607847022 0.00375912908428744 0.000450622865181575 0.00306962421480638 0 0 0 0.000130477887759127 0.000120289314603803 0.00010630258858107 0.00156481761124698 0.00324560045131145 0.00105196246908529 0.000175968046920273 0.000297844830221631 0.000346351227451234 0.0193925197391615 0.0145762651351316 0.00189771008145789 0.000269622180018397 0.0140011074498689 7.32266375804693e-05 0 0.0296888461224948 0.0186343052185952 0.0469422777473358 0 0.000215141144685702 0 0 4.51208362236034e-05 0.00013537849491152 7.50435007368239e-05 0.00203628354439526 0.0013052343077688 0.00270745042366898 0.000800043968610459 0.189100505985668 0.00194450169300606 0.0238392102423968 0.039504806840882 0.00203235122611363 0.0125092122028912 0.00031649757885608 0.00029289225772342 0
0.0187391253853331 0.0114143015167746 0.00394375377693513 0.194067284991182 0.012280442476792 0.0114186880337999 0.0105629259213065 0.00117365141080546 0.00242256943314556 0.00355222790154126 0.00154850205414868 0.0659640808193426 0.0206531341849406 0.0186338710844376 0.00970087036233459 0.012449617332242 0 2.674511936013 0.00748809820190682 0.00585878601764763 0.00344621713331199 0.00836507610759205 0.45140947703059 0.0547018598277246 0.00920758566531273 0.0319922372225554 0.00614522981110439 0.0241600623849915 0.0368808648097827 0.0023250451623042 0.00627845598802632 0.253282093750373 0.0236050271287558 0.0636297502555621 1.16024836526853 0.0242012209046768 0.071502170357333 0.0752889621844759 0.0429458130783065 0.0290598678904938 0.220827215038534 0.00236289964286188 0.830569613464796 0.00701680876517171 0.0593462151330443 0.00435654357036792 0.726600779702144 2.41869532107625 2.72031897360421 0.243519693306604 0.0154667615878646 0.0195907038888781 0.00901238488673583 0.026092242018842 0.0369771305247047 0.0199914847551885 0.0182556587093407 0.0241478772211996 0.0203772741415836 0.00770024701133166 0.0436728234708755 0.0114310818418368 0.138028738215154 0.122653933560354 0.00780568042779738 0.0132879208302651 0.0535444074729863 0.0194250373324867 0.0326679581083658 0.0101378963166601 0.00286925463678325 0.164905534965869 0.11521113460991 0.0353501149247643 0 0 0.000355178658842423 0.000787088272920327 0.000181558045340733 0.000899537563955333 0.000922472497968663 0.000547925354200389 0.00208328895019385 0.00197842250006525 0 0.000204214615986791 0 0.000407963995344568 0.000274147672214738 0.000760316692957796 0 0 0 0.000774220939562857 0 0 0 0 0 0 0.000598742677493816 0 0 0.00208880049305472 0 0.00320776167272331 0 0 0 0.000714504381560212 0.000249908222845614 0.00023399603048202 0 0.000901036675735462 0.00130253086130892 0.000269708004224784 0 0 0.000820679507105668 0.00107128140146501 0 0.000859477399365777 0.000968177694756382 0.000195789467281545 0 0.000945592685099505 0.000217057201205118 0.00185223298661015 0 0.00145794812141659 0.000608518202345473 0.000598195016790135 0 0.000775694308510183 0 0 0 0.000246511133262475 0.00125290528401001 0.0117180990794699 0.000542158319324137 0 0.000898805648894718 0 0.00715837065357835 0 0.000176740180945561 0
