0 0.000746793858680368 0.000983680763403298 0.00105483194448351 2.17991317089407 0.630337147436206 0.0115512615560988 0.00206685958991572 0.00121943587276006 0.00292883610399327 0.000228272803032177 0.00828510561287062 0.383136742305963 0.326744916178864 0.675164486260344 0.789307199739546 0.0213869912539011 0.101838054445912 0.00029215446211397 0.000621626977479446 0 0.000489964421319511 0.000732443962616967 4.55729991702757 0.000786983393171178 0.00122055137562283 0.00119203075723825 0.000811826563830906 0.000933338611159712 0.000795467358558817 1.98963220010342 0.0157001147268658 0 0.00109287868668321 0.00558127909646012 0.000829324199470093 0.000956800906987731 0.00209996172381574 0.455362398913388 0.0198066144603907 0.00376980871411983 0.000330471453767522 0.00340880289602385 0.00157410262530902 0.00227466958771654 0.00222364046871429 0.368141943748647 0.0204728041609927 0.214950576134437 0.000935819802013481 0 0.552558650936098 2.12347531660722 0.0739769856298505 0.000742434602474681 0.00120304097852197 0 0.00075243636844244 0.00118985053270187 0.00205247553444532 0.000394853350951695 2.20752554779846 0.0992532035219717 3.7807076220523 0.000733933789004989 0.0578766990033922 0.00101614476565599 0.00320254878389345 0.000728921048601897 4.85488256724616 0.00354254976459014 0.00897720667080519 0.00444963783406869 0.000305358062442453 0.0489584977665599 0 0 0 0.0332117155079283 0.0890573661908883 0.000658552105479663 0.000523310543190133 0 0 0 0.000240092395283262 0.003727240965644 0.000799349668691607 0.00984828994697656 0.00954256398651841 0 0.000604471237575694 0 0 0 0 0 0.0111256441249769 0 0 0 0 0 0 0.00129429336367617 0.00377868445744069 0 0 0 0 0 6.33916834490668e-05 0.003708071764949 0.000448905314383276 0 0 0 0 0.000175515584836554 0.000220271952174389 0.00130270056984829 0 0.0017129546875336 0 0 0.00146178164637435 0.0193319613004785 0.00114371242740641 0 0.000151312961258573 0 0 0 0.000192548617255827 0 0.0111539406813529 0.00307016803761178 0.00851360198180153 0 0.122447603767835 0 0.00013687501595628 0 0.00373959567276217 0.000447268377709947 0 0 0
0.000746793858680368 0 0 0.00023831263385665 0.000215148202716087 0.000350387373150648 0 0 0.000167730560456488 0.00583640442936573 0.0771313716982292 0.000938895483545639 0.0004212365277937 0.000175296064113404 0 0.000299844001992641 0.0103660070258187 0.00349508201658263 3.26628603352989 0.22929649167643 4.13282804711696 0.493947974133052 0.0206648834074506 0.000626095376228569 0.0130509279520238 0.000676632609085772 0.0122754184270092 0.000387351030265883 0.000140525204221 0.00346375937997751 0.000208887125227666 0.0134694114966117 0.000780751622756586 0.00174757583136073 0.0069628686711185 0.000931052100326239 0.309840263173843 0.0114667107459375 0.000502351636815666 0.000194625050119997 0.00188929084136392 2.62464401033575 0.0102678907138192 0.509221740450182 0.000795871392315628 0.000416108865449218 0.00635237088386775 0.0139338764195983 0.0013415146865671 0.0906713723332808 4.50915958503206 0 0 0.0003631903788322 0.00148618319186561 0.0319923838561641 1.90836878237222 0.59832438857776 1.3777532489164 0.879098362913279 1.6094026303118 0.000544170605386033 0.00417041963499641 0.00145509006492222 0.0873258830498351 0.013117030593584 0.0020135029027454 0.000562498291454525 0 0.000695026076093766 0.00138238059187503 0.24775970710461 0.0425894572755467 0.00104494946528731 0 0 0 0.000137036013182508 0 0 0 0 0 0.000597404806833247 0.00848434081991282 0 0 0 0 3.08314722198015e-05 0.000136723416092844 0.000436148760430164 0.000654327193050162 0.00668382441049637 7.80152144655476e-05 0.00072815482511861 0.000603877420233043 0 0.00101241015514598 0.000223001350966365 0.00318434776801407 0 9.6921892831614e-05 0.00429598508072706 0 0.000921316689731069 0 0 0 0 8.35978141929834e-05 5.93691469783879e-05 0 0 0.000297993485497416 0.00384303366916494 0.00012994762913245 0.00808932873247708 0.000135083041976735 0.00155482595105479 0 0.00121942566831005 0.000178637216324093 0 0.000460185467678773 0 0 0 0 0.00276276163645487 0.00108073090413668 0.00160404983187473 0.000148861454022155 0.0001265221685058 0.00102677127245931 0 0 0.000199316638331481 0.024214908388935 0.00381331786054102 0.000226348973638784 0 0 0 0.00306928927189233 0.00084136766741324 0.00143370462030765 0
0.000983680763403298 0 0 0.0188909038301026 0.000156720648526708 0.0230734522912041 0.167042439785957 1.6072395351525 0.074041017232861 0.00203709250766933 0 0.0077825864518083 0.000227481895724301 0.00184250890423162 0.00392363205757536 0.921659953234691 0.0104811032487267 0.00226540646092492 0.000741938247975978 0.00124121103488176 0 0.000304171557945432 0.00427856761398987 0.00026597083991479 0.00451620280832201 0.0278657445045616 0.373221646150941 0.636982096774879 0.458562921635138 0.103801368898909 0 0.0116188596644496 0.00154258300202465 0.000881790038355485 0.000610020858107132 0.00191549536979687 0.000811788870856248 0.00150148696736898 0 0.00368811041954233 0.0360356823048726 0 0.000718992269638498 0.000384779134608984 3.05307734142952 2.90601658197725 0.000938947880720041 0.0157823875539367 0.018548091604094 0 0 0.00760628419612886 0.000769174559444848 0.0160512518184889 0.00403499674838654 0.0567318070907662 0.000430997951636751 0.00147869461205122 0.000921559536892769 0.000220442106058623 0.000453472085038547 0 0.00047892836031848 0.000549507377896424 0.0021624759517441 0.142447638909003 0.727730789036543 0.0168978318489144 0.17712184512499 0.00128377915975329 0.013832812466788 0.0029314865508063 0.00445962633713411 0.00224213681111295 0 0 0.106099648876638 0.00371237840500263 0.000138896092130858 0.00523034612657959 0.0101823701446407 0.208821330629797 0.0251803412567791 0.0234103202407227 0.000109970111352953 0.00248518895551227 0 0.000399666695572867 0.00282287213889048 0.0587584989463681 0.00131162593059457 0.000875855385937768 0 0 0 0 0.00246467848713174 0 0.000345494921800796 0.00297816506926322 0.00736492196061721 0.0102457514315403 0.0753053769351041 0.0196751009155186 0 0.00343461356440642 0.000474121993971935 0.000159870823796014 0 0.000266826863003855 0 0.000316463150427335 0 0.00130205886783412 0.00755873108423047 0.000191814828346917 0 0.0026803028901918 0.0549640318003206 0.168762251344471 0.000327320246262554 0.00240502675503349 0.00136771430982991 0 0 0.00303946071651183 0.00277984927876984 0.00817911487561041 0.000783955091847506 0.00365892168868823 0 0 0 0 0.00124725073071644 0.00044331528707682 0 9.13787288939925e-05 0.00338000620884913 0.179331527550313 0.0196275483916313 0.0130892277960234 0.0745422855708016 0 0.0371552979414718 0.00018858994397802 0.00118343289443115 0.00037474832565916
0.00105483194448351 0.00023831263385665 0.0188909038301026 0 0.000646779189993206 0.000436774797622884 0.00484902125273856 0.0115670786951891 0.000935429482639864 0.000750921571244106 0.000486499849711827 1.64654417575946 0.000460695005604245 0.0252198152786151 0.0105918152589666 0.0321736495257784 0.151204438489236 0.0407225837150546 0.000673663547967047 0.000365178117466165 0.000216693822309575 0.000277765478361738 0.00169415116076234 0.000697227289943606 0.0150330623236845 1.41790832273901 0.0119803460756023 1.74792909351637 0.565458992536748 0.00310744733106187 0.00021691374337638 0.00793608283063863 0.00343880714346951 0.00484525012425485 0.0017256368475796 0.0275929117680903 0.00380918301398055 0.00632060333148883 0.000229914503717746 0.0922978843087091 0.468699869833398 0.000137350366603573 0.000945608700584691 0.000341862954749299 2.25271527136717 0.00656692523201777 0.00401816211738207 0.0988904026850548 2.09520733899039 0.000974696469957645 0.000409174581074902 0.0416048369244754 0.00384254974897321 0.0232226746558891 0.0425438153867752 0.0485056474996496 0.000324109965281743 0.000796829141067516 0.00333715888982652 0.00264659017399238 9.8457366087267e-05 0.000936176511414921 0.00105253077114958 0.00137860763178992 0.00121010369451807 0.00251507064043993 0.438712501333667 0.896435330214074 0.0838189308016157 0 0.00135676015103296 0.0132744879297424 0.0227645506083189 0.0059150818224293 0 0 0.00154722071241319 0.000497391372694973 0.000100121197863706 0.000345521086682457 0.00289092519588207 0.00511502661227662 0.000342746501431318 0 0 0.00163435893579652 0 0 0.00191775392256975 0.00323668096199959 0 0 0 0.000202720014482918 0 0 0.000417280114077358 0 0.000334451452205731 7.93413397702242e-05 0.000210534812531117 0.000313796824982338 0.000902357643675029 0.000644676551602632 0 0 0 0 0 0 0 0 0 0 0 0 0 0.000294308592861895 0.000656266489823185 0.00280386789121745 0 0.00031612230319536 0.00104217095556888 0 0 0.000425674740410853 0.000364228392136763 0.00312899943108122 0 0.000412032626651031 0 0.000121689346423729 0 0 0 0 0 0.000149153162178198 0 0.00509583055499185 0.000708524128415241 0.00251475655477938 0.00184424228165407 0 0.00229962996554931 0 0.000137416833011564 0
2.17991317089407 0.000215148202716087 0.000156720648526708 0.000646779189993206 0 0.290591157814761 0.00756990184051509 0.000664317017661436 0.000533563021824072 0.00149821007279495 0 0.00222978588932884 0.0345666876769158 0.040528876305358 0.334182624131423 1.08584757956764 0.00556686123034628 0.0199252245961164 0.000104858342075433 0.000354477809265299 0 0 0.000164806367522623 0.119758540033613 0 0.000484396977692113 0.00037339472419772 0.000264546082881173 0.000120136345520614 0.000402367269998933 0.111688930230195 0.00221121953323833 0 0.000144934216091864 0.000607718669691473 0 0 0.000393714888461752 0.0660445098717603 0.00580502936756611 0 0.00056098548662105 0.000796809361384813 0 0.000475968970241205 0.00150538852546655 0.0469818445119768 0.00608791041624065 0.0665580788139103 0 0 0.064892736874758 1.42352806941259 0.0451178146028706 0.000202290947331962 0.000471388757684007 0 0 0 0 0 0.162959845896583 0.00907495168055177 0.0928955717393865 0 0.0132562504987471 0.000273259946329624 0.000438792726120268 0 0.764204125593867 0.000718475311827685 0.00356968826425018 0.000873615079196927 0 0.0127441399517231 0 0 0 0.0109534256312703 0.0265826059058767 0.000534407872883921 0 0 0 0 0 0.00177483336002743 0.000440202552497173 0.00313027558312369 0.0024870743985163 0 0 0 0.000152029736617681 0 0 0 0.00408332824972793 0 0 0 0 0.000196532317098611 0 0 0.00165998299819295 0 0 0 0 0 0 0.00106665020082753 0 0 0 0 0 0 0 0.000809435210591403 0 0.000459555550432866 0 0 0 0.0104276845597075 0.000143355340397507 0 0 0 0 0 0 0 0.00408449756381907 0.000217735719223386 0.000620419646395219 0.000179918125233175 0.0413078631426898 0 0 0.000422599715143548 0.00122124027524471 0.000530172886946468 0 0 0
0.630337147436206 0.000350387373150648 0.0230734522912041 0.000436774797622884 0.290591157814761 0 1.95489912502386 0.154160479684734 0.108565843241135 0.125361276992545 0.000425187699624973 0.00886023948667646 0.0200589320753178 0.049556830884913 0.0570340972112303 2.5564898354238 0.0130627750133357 0.0471743295991588 0.000469640276467745 0.000445287966336569 8.60976308153898e-05 0.000898382405309162 0.00398160906779481 0.149953524514405 0.00118973080237293 0.00139856694329015 0.0110612479299606 0.00263227710773781 0.00220602153419104 0.0585723577588598 0.276483668379654 1.06707354928939 0.000161177208667044 0.000872177547296709 0.00317064252292865 0.000422189013240932 0.000472479893027249 0.000358979903926457 0.0250741231752037 0.0124040882084247 0.0029482190961514 0 0.00261755773272434 0.020959813785956 0.00660741209427489 0.147068696897766 0.107840949442842 0.00899035755003586 0.0870421730736402 0.000169340768320717 0.000282107290919785 0.0611207624549393 0.159188619332322 0.0767107837967801 0.000510674841550663 0.00515114825068915 0.00046774453754693 0.000899226480164045 0.000416404646818667 0.000171174412352981 0.00121763643626637 0.0608548555377788 0.663100781454844 0.331893696469852 0.0213527962129316 3.28377495243277 0.0065130009376035 0.0026798964565348 0.000882013804676844 3.63963373346381 0.110079708903303 0.0047258778645593 0.00266062399403652 0.000108811412543051 0.191282215259414 0 0.000872500611681239 0.000147993238767607 0.178833840271479 0.742936560470018 0.0203779440047896 0.00657648996229988 0.00161307399297999 0.000386416155604818 0.000282519205933185 0.00151228580709298 0.014163044065874 0.015381188839101 0.0603778742566213 0.110416702837657 0.000744856628240732 0.00116882246005358 0 0.000321405613494676 0 0 0 0.0525364292874097 0.000234897185462189 6.96678903890167e-05 0.000699063038407681 7.45353890690102e-05 0.00119267763079235 0.00120494729065865 0.00864225478051516 0.0394173960213543 0 0 0 0.00039972290127523 9.59219507923783e-05 7.22226764171578e-05 0.0173784291739592 0.00705382861841832 0.000231431372716247 5.99421876208376e-05 0 0.000293726305438038 0.000510784351136348 0.00187177664968749 0.00412204981727019 0.000149954332175113 0.00666795186793142 0 0 0.0266401646405731 0.19694918856369 0.0517957245097801 0 0.000190480655579267 0 0.000248235750441771 0 0.00015403043004504 0 0.047746321826233 0.0195357772547861 0.0245759591480269 0.000845008972494288 2.11869757193644 0.000478009580201107 0.00128886269578707 0.00244235422381235 0.0571340024159156 0.00182611102641076 0.000144262076448245 0.00038311348735028 0.000143198052745778
0.0115512615560988 0 0.167042439785957 0.00484902125273856 0.00756990184051509 1.95489912502386 0 3.08980373605815 0.246320748344987 0.173632392945757 0.00112716460747763 0.0532070698778829 0.000672508466595849 0.0377868722703682 0.0610194435651918 1.57365939282302 0.0104269250579108 0.00847627315747181 0.00144897359675645 0.00145315412722696 0.000256798877399735 0.000685383842996167 0.00583017525280299 0.00240526849406695 0.00534457241643827 0.00363031262950871 0.0351947967216807 0.0073412854717126 0.0207061243307993 0.129115575048934 0.00195996587821934 0.00965740026037468 0.000339504739347074 0.000348837478242717 0 0.00098258157965486 0.000278263714873579 0.000582601203431656 0.00177165404927365 0.0425186688730824 0.00735674625228167 0.000260449597615772 0.000421910134443031 0.0255294442838859 0.0276382499589642 0.740939908832376 0.00219657350797521 0.00553159730014616 0.0759736870891995 0.000402967600545631 0 0.0946244545659163 0.0335724928183941 0.105598898939484 0.00273117184648061 0.0237704919032197 0.000875586555343096 0.000762266383668778 0 0.000452014079395458 0.00254538333423981 0.00520782463489076 0.00430736658012348 0.00315826951723792 0.0299968801457661 2.70340793144215 0.0174395030765185 0.0379331805751312 0.0385716492943321 0.0269896465499199 0.220507543266104 0.00328853476843039 0.00175137568750953 0 0.00936486088584565 0 0.00652960425476754 0.00157726374845673 0.013098450115896 0.137768976508281 0.187791100485358 0.0730535160711106 0.00648185438679747 0.00215621472014946 0.000329836982441498 0.0310352136817008 0.00227185348326287 0.0152915962032862 0.0761851801310418 0.162869524606772 0.00221776474585445 0.00219815659849133 0.000432441644467327 0 0 0 0.000178103368904392 0.00106223837121174 0.000550410363492085 0.000266798384964215 0.00252232861084321 0.00168521138008095 0.0157501666432559 0.00384320818673915 0 0.0108453372748277 0 8.17515498832411e-05 0.000119616288379546 0 0 0 0.0090567152581069 0.0275689888126549 0.00180403402188423 0.000215641315682523 0.000229067705791196 0.000240338292702744 0.00555677875514614 0.01365894234233 0.0028853914239127 0.000548016966516542 0.0300351288835683 0 0 0.0616925799236535 0.106103605927434 0.147830656638889 0.000463404350976346 0.00244843768180765 0 0.00043892096431998 0.000396958782583091 0.00055809991831775 0.000371836914565562 0.00531964626807748 0.000805977089596677 0.000250471346391667 0.000837621552710551 0.741984800672261 0.00441908498919336 0.0244258272011359 0.044617835420779 0 0.00588399734179519 0.000408245193306116 0.000816250653629999 0
0.00206685958991572 0 1.6072395351525 0.0115670786951891 0.000664317017661436 0.154160479684734 3.08980373605815 0 1.14270722135672 0.0663461863056522 0.000475292176218715 0.0233321304104833 0.000723854038459343 0.00361774005702511 0.0116424736305418 1.31522704852637 0.0110659841738407 0.0052486056632602 0.000848659722141923 0.00100930569146415 0 0.000415051048254268 0.00177167459509573 0.000467300400936552 0.00910759125151999 0.00553074552358731 0.182065065089836 0.0354777327359048 0.20455357286159 0.324321903998278 0.0007864122501235 0.00679466907429194 0.00185806877030355 0.00063877089796929 0.000242670852795056 0.00166184977056371 0.000684519348188107 0.000982260635222353 0.000360058634221297 0.00507953458166074 0.00822583841912433 0 0 0.0124713232182541 0.128507088710692 4.08791896364163 0.000868199900692793 0.00845686653989859 0.0772268823267166 0.00032875730572926 0 0.0197543436294377 0.00257872156016388 0.0257756714142228 0.00467218866082125 0.0731893094333618 0 0.00210041821345716 0.00289830986825446 0.000211482428499563 0.00114503532257764 0.00275670804976771 0.000733935801054478 0.000325478897575185 0.0235621384035738 1.42477881774708 0.0666167859586101 0.0624832853097835 0.104055318256099 0.00326730720070533 0.420113114451429 0.00072304674617773 0.00356178329794359 0.000550033358560666 0.000608197114303757 0 0.0561683497018377 0.00683791903786861 0.000374332213435684 0.00507164813126527 0.108642852487471 0.305635077800006 0.00681807520947858 0.00297399395493121 0 0.0206861005725349 0 0.00247340125587751 0.0329003967342744 0.17277030629499 0.00168170940116878 0.000845901462236412 0.000248746021163369 0.00126235231214951 0 0 0.00102026425140285 0.000249097526284459 0.00157306941783574 0.00150810155931222 0.00754381514430742 0.00245133727111651 0.0968974073796369 0.0102397254503039 0 0.00145297263448243 0.0016786729450548 9.82792876518535e-05 0 0.00066065324391601 0.00016421304040344 0.000243378786389252 0.000916093982675979 0.00391938257702482 0.000903309889758282 0.000200929732191941 0 0.00134944266583464 0.0202676663503504 0.0544038081156641 0.000358192891385247 0.00329504955661597 0.0182167023439904 0.000155602639656548 0 0.019650602799205 0.00918620006785518 0.0630175708710751 0.000239937194214189 0.00378068169711004 0.000178467849411876 0.000201663299912476 0.000590702268007984 0.000714909189541004 0 0 0 0.000661015681471821 0.00291384445738854 0.267281604930336 0.00934725084872044 0.057054799498132 0.14798139883883 0 0.0140498764409094 0.000789314452998471 0.00107800616657601 0
0.00121943587276006 0.000167730560456488 0.074041017232861 0.000935429482639864 0.000533563021824072 0.108565843241135 0.246320748344987 1.14270722135672 0 1.38594407177879 0.00074233600272099 0.00171258126420244 0.000212393230960612 0.000329686606406801 0.00147358812730114 0.0111221772270435 0.0014133116468576 0.000656828216287122 0.000585569350462676 0.00165683597499241 0 0.000755781499817143 0.0155952422360075 0.00104344765498073 0.00334765803148493 0.0045912821347494 0.044077865183683 0.00211371145306287 0.00291567282692241 1.07019246425416 0.000725592242088718 0.00521147962372782 0.000901409408053725 0.000640595774231989 0 0.00115355044402377 0.000163164904649855 0.000287854010539697 0 0.000510711831537142 0.0104141108846461 0.000777998353830633 0.000167515929824665 0.121497267776733 0.0102033590994685 1.45578291639491 0.00111007049415978 0.00644311521054626 0.00127763646727366 0 0.000536883650738593 0.00258807789751212 0.00206617116041568 0.00294832229043987 0.00270338980180475 0.029188367918022 0 0.00225301331781938 0 0 0.00245074853134732 0.000231219044435654 0.000421215065971051 0.000962697946451901 0.396587748279549 3.83870425759544 0.00729916519598574 0 0.000415721097600518 0.0103298888274255 4.36175416749721 0.00213405235285169 0.00245598509660112 0.00254247602915321 0.000704258121067489 0 0.0401848088173472 0.00113309249463206 0.000692359779243235 0.00174860637608601 0.00123637175672514 0.0118003506419336 0.013609587873556 0.00935184852276394 0 0.000595070448355536 0 0.000141744057612182 0.000478678056437552 0.00503275948809271 0.000896024053116803 0.000359151447631323 0.000312334254858364 0.00032481393442365 0 0.000112445435591333 0.000923695618032705 0.000166242073638894 0.000774694605777686 0.00244912837196983 0.00629892673238745 0.00305391957799076 0.0142924343916786 0.0112387017583209 0 0 0 0.000407546770933907 0 0.000213382631555202 0 0.000196796643236428 0 0 0.00541889571720883 0.000352891050234191 0 0.00159260411314566 0.0148777546525338 0.059365510575647 0 0.00398820360080909 0.000995976435244829 0 0 0.000246872096701378 0.000872830435268883 0.00122388734608773 0.000423372651043565 0.0022756878999551 0 0 0 0 0.000421594245743961 0.000267855508851236 0 0 0.00507395792350311 0.0864944041871653 0.0122561280424192 0.00129750581388635 0.0023936899189647 0 0.0156345460397216 0.000143293285151742 0.00046509243074766 0.00103001869711274
0.00292883610399327 0.00583640442936573 0.00203709250766933 0.000750921571244106 0.00149821007279495 0.125361276992545 0.173632392945757 0.0663461863056522 1.38594407177879 0 0.0293590389656526 0.00196809507180129 0.000302641547354727 0.000576276456193729 0.00151196636331876 0.00581460300637018 0.000363299115300449 0.000557530697041876 0.0084210588755448 0.0525883246304854 0.000701195259925356 0.0162961594336454 0.303596253085949 0.000323359855592774 0.0255690056661183 0.00236414738944396 0.0798649721220748 0 0.000680406539282597 1.3141850369944 0.000559773275539899 0.0056424379614812 0.00178015698579069 0.00142113983927862 0.00198446892737707 0.00461161401398799 0.00149351622728917 0.00131707178905993 0.000523179028822471 0.00166001208087674 0.00642906628046884 0.012725978056943 0.000328211645903947 1.55242425031594 0.00168586554544535 0.0206433293006099 0.00211642170939698 0.0101985471558859 0.00191325221481743 0.00127317169014963 0.00862568176895576 0.00342794929896484 0.00334145091012017 0.00277344219942611 0.0119261558842887 0.0935542415330465 0.0240592843883231 0.0639312579495153 0.00742413079930226 0.0033520290540481 0.109327628342937 0.00118615021741044 0.00275648697951009 0.00119413282404222 2.37369074210974 3.28304005169577 0.0029460543722179 0.00177667695946767 0.00121482399884111 0.0137944479718396 0.708105344299941 0.00892014504032385 0.00902321304292186 0.0047246332544571 0 0 0.00986790202327027 0.000985227814253434 0 0.00113485167862636 0.00105404448220577 0.00585143631120775 0.00657773286346552 0.0116269088545387 0.00331513190048118 0 0 0.000426054072807944 0.000297063236318624 0.00146214863624428 0.00175457965880249 0 0.00140432970927279 0.00969048927374019 0.000525206668601008 0.000496653113777924 0.000869287740367415 0 0.00225300762917458 0.00168854747709003 0.00626996972699747 0.00137224557262417 0.00270548544455676 0.0188089834427343 0 0.000559454674664561 0.00160631586781188 0.000153055527109199 0 0.00116942760006785 0.000152575196421068 0.000343406940994482 0 0 0.00840508847484989 0.00233886122997639 0 0.0135408122798438 0.00380581803930084 0.0286787808102096 0 0.00669513508163022 0 0 0 0.000219281040184625 0.000652033806840827 0.000882848500723874 0.0025155592980869 0.00783968803465294 0.00214336791322586 0.0047447698642835 0.000661169398636752 0.00121814887720852 0.000723775134526514 0.00135640046386483 0 0 0.0349973967071108 0.0929141075753443 0.00727307167676222 0 0.000711759925453276 0 0.0307110653199518 0.00214093224309706 0.00197235398161576 0.00103861542967939
0.000228272803032177 0.0771313716982292 0 0.000486499849711827 0 0.000425187699624973 0.00112716460747763 0.000475292176218715 0.00074233600272099 0.0293590389656526 0 0 0 0 0.000221413978498739 0.000159602778952949 0.00759196753102282 0.00045589001823519 0.157676848266012 8.47969559426523 0.0255901658309409 0.891345848278449 0.0119027537019893 0.000324566943993368 0.00456949608086086 0.000547366564428478 0.0339099658814969 0.000256930743142978 0.000594885195299101 0.0138164877831221 0 0.0052880018764049 0.000996123192236875 0.00154704658153296 0.00158389437984304 0.000697310820976221 0.0115721863230453 0.00472422205091385 0.00032797095963203 0 0.00113993072127907 0.60725745293114 0.00143442064790104 18.1289181560313 0.000635449350914141 0.000404012768139041 0.00378050694588292 0.0130175615689647 0.00144364963741181 0.0121345169382326 0.0903659933159198 0 0 7.97525233235813e-05 0.00134311297862496 0.0340272722238622 0.453266376362185 0.780054515588813 0.0227551775562694 0.0169989610312424 0.113837670370266 0 0.00164941256327605 0.00028981543547585 4.89215197475535 0.139510655821848 0.000694322650995416 0.00040910294661009 0 0.000543654373085583 0.00502469214161702 0.0241639479059815 0.012287140709072 0.00370771978949022 0 0.00210029985429974 0.000373686160060529 0 0 0 0 0.000388028014331731 0 0.00207161041210674 0.0695498595109214 0.00012502557306766 0 0 0 2.68432048809152e-05 0.000219699154798553 0.000342166718606231 0.00449650568663088 0.041468579605293 0.000620173337781922 0.00511272786097494 0.00240244744884918 6.34156888837563e-05 0.00320193765630138 0.000179669587181395 0.0112218159075815 0 0.000424696016770712 0.0108745471181841 0 0 0.000345885362009916 0.00127276469779448 0.00114857087574355 0 0.000213576252564765 0.000341022636191176 0 0 0.000424362939652947 0.0196395979015939 0 0.0939157693010912 0.000570040628377289 0.000173433673316022 0 0.00321331743160106 0.000529275556122588 0 0.00126548344272603 0.000392574183566984 0 0 0.000295629604509691 0.0128327555458296 0.00803878677423882 0.0170657160170506 0.00172061477496126 0.00200665505726623 0.00765790578526755 0 0 0 0.113313038420557 0.017662899152322 0.000507647298896218 0 0 0 0.00488487957148145 0.00103331450708207 0.00248393090279851 0
0.00828510561287062 0.000938895483545639 0.0077825864518083 1.64654417575946 0.00222978588932884 0.00886023948667646 0.0532070698778829 0.0233321304104833 0.00171258126420244 0.00196809507180129 0 0 0.00249989149266729 0.776112180802024 0.100205898512477 0.164539078100661 0.062921784481289 0.0843383597062845 0.000761875083143219 0.00062347849954314 0.000244458102738845 0.000159103992867188 0.000574984619779366 0.00155206971122214 0.0101517668669282 0.125095373914766 0.00853645864194736 0.0523766461499038 0.320858552716648 0.00305920562074825 0.000185653551424657 0.0142110796875586 0.00187051037671598 0.00304218181431223 0.00326277419968719 0.0123518092503895 0.00401576953349907 0.00727599751442499 0.00429058026728458 1.28309811268278 0.0546461996301932 0.000117770922012725 0.00207278651140758 0.000145562908941618 0.183826649167668 0.00901186902274552 0.0116356172079179 0.0323822436287843 2.87793090528121 0.00094974456848897 0.000660527869734235 2.29394894121171 0.0226390425374476 0.25977198848312 0.0251806542815297 0.0441752017511351 0.000395917798393389 0.000729190448947643 0.00314657316681357 0.00267861786842573 0.000366793399899149 0.0132602631765115 0.000354366290318223 0.00297229860904892 0.000233874910345623 0.0203341162023183 0.0974622865323955 2.4612423148687 0.106437809046744 0.000455050866289096 0.00139902478832002 0.0126951607781873 0.0232733094536812 0.00164470205236779 0 0 0.00188720094063021 0.000203801803346378 0.000803240131050571 0.0119764550682497 0.0341093863959776 0.00502530773256666 0.000608356505786325 0.000451704748041463 0 0.00562945269790807 0.00022138552081374 0.003534874457847 0.011122625600733 0.0229106522876134 0.00017051741613079 0.000632500958417555 0 0 0 0 0.00126798508274296 0.000130509208374509 0.000590447956811343 0.000104214268447512 0.0014490078614175 0.000420164352367826 0.00146663234801448 0.000697378692443433 0 0.000832855481130469 0 0.000118939894221742 0 0.000430492701785232 0 0 0.000954539843815064 0.0054532136356787 0.000233358078576585 6.64509744102118e-05 0 0 0.000788069615528931 0.00152657640661537 0.000439642712738317 0.000517090576071778 0.0040351256446959 0 0 0.0107456108600571 0.0113739188573479 0.0223146853690595 0 0.000482916670503649 0 0 0 0 0 0.000983177516214406 0 0 0.000386810411325444 0.0365794083273823 0.00121034025875368 0.00448962322362379 0.00477956727721203 0 0.000656792687089569 0 6.46580429685632e-05 0
0.383136742305963 0.0004212365277937 0.000227481895724301 0.000460695005604245 0.0345666876769158 0.0200589320753178 0.000672508466595849 0.000723854038459343 0.000212393230960612 0.000302641547354727 0 0.00249989149266729 0 0.692998118894938 0.0364393396140207 0.00948129195173956 0.0116247882914954 0.0469007884726554 0 0.000159929975669356 0.0001062818584327 0.000132966030941616 0.000209065618201394 1.98283168926383 0.00041775209320435 0.000164338687388607 0.000194794030657517 0.000253753004085347 0.00014228710656166 7.33291733236996e-05 0.00750966778011178 0.00265745806252106 0.000999348546069923 0.000567565482990666 0.00442092373880204 0.000725598583964759 0.000401608063898568 0.000320011602809742 2.81589693128736 0.0159556997307992 0.000580185072208115 0.000340974368715431 0.00188433925760432 0 0.000584690322863674 0 1.50502988838546 0.00796248145688387 0.133806560315786 0.000337645611405146 0 0.135748158051636 0.0496552038313309 0.00403245961213332 0.0020032533609509 0.00051776917359604 0.000553914151242728 0 0 0.000718071477363904 0.000344263804803084 3.35224713567372 0.0159755121520641 1.18954387167695 0 0.00222015427459598 0 0.00114177105867677 0.000675250435020794 0.0349864281840204 0 0.00278132474871611 0.00102651278898722 0.00037407208993559 0.00247839414582588 0 0 0 0.00171901758766321 0.0042648086081118 0 0 0 0 0 0 0 0 0.00101038160432122 0.000287007357723022 0 0 0 0 0 0 0 6.52800503482907e-05 0 0 0 0 0 0 0 0.000459807600211384 0 0 0 0 0 0 0 0 0 0 0 0 0 0 0 0 0 0 0 0 0.00114137149668813 0.000171415378757262 0 0 0 0 0 0 0 0 0 0 0 0.00647358439833213 0 0 0 0.000684605764814994 0 0 0 0
0.326744916178864 0.000175296064113404 0.00184250890423162 0.0252198152786151 0.040528876305358 0.049556830884913 0.0377868722703682 0.00361774005702511 0.000329686606406801 0.000576276456193729 0 0.776112180802024 0.692998118894938 0 0.22340722725347 0.138858619554463 0.0281607282896808 0.110973424694223 0.000389912374918576 0.000185248383982855 0.000143565580247848 0.000222277951062277 0.000368123514025069 0.136534872235352 0.00466359767927203 0.0168341086176326 0.00316853091026365 0.00570473909139213 0.0184631959405453 0.00123724812858271 0.00314228660944859 0.00634684291561578 0.00105884769702922 0.00225829633878553 0.00579920685104731 0.00252234417965264 0.00228953667884288 0.00323773940988089 2.1851218913103 2.48943896193843 0.0179695605831081 0.000166160935325298 0.00194576871284884 0.000394507034393257 0.0330295950406491 0.00134836380860735 0.0774829771788742 0.0175512562683153 1.86769881147176 0.000342518195760048 0.000357484211052153 3.93261827073773 0.33975772100818 0.194868510596367 0.00625490661659334 0.0115070507218394 0.000110253534905697 0.00107946815651049 0.00254411525394232 0.000614526941273555 0.000747907002543912 1.5215036491731 0.00409987307787071 0.0918106127741276 0.00118685321145486 0.0117973839147618 0.0181158483291853 0.123552744468814 0.0207125143335243 0.0142212803612125 0.00152757104377206 0.00716130481990378 0.0100473972570049 0.000953995950952046 0.00193691505976153 0 0 0.000158080829524083 0.00508887298616863 0.0252172681009733 0.00610624242992924 0.000960445773288045 0.000630158169353995 0.00012280414675445 0 0.000214219397409151 0.000581304457050285 0.00119401910382882 0.00448208893555089 0.00824743538052462 0 0.00014449974655701 0 0 0 0 7.83944292683924e-05 0.00204593330299208 4.82317921159424e-05 0.000124133103727359 0 0 0.000224473471514613 0.000229267648770993 0 0.00254967534655782 0 0 0 0 0 0 0.00122468241304246 0.001854869828086 0 0 0 0 0.000595520290029377 0.000116408717065788 0.000192225481741319 0 0.00194740879809412 0 0 0.00509296513781646 0.0130789280406477 0.00718990482397991 0 0.000139599466311955 0 0 0 0 0 0.00231787792885311 0.000404445612218973 0 0.000148464618276098 0.0343744191729711 0.00045388379419754 0.000374939887943493 0 0.000343441915436778 0.000432010408848378 0.00012995225561842 4.45311565146003e-05 0
0.675164486260344 0 0.00392363205757536 0.0105918152589666 0.334182624131423 0.0570340972112303 0.0610194435651918 0.0116424736305418 0.00147358812730114 0.00151196636331876 0.000221413978498739 0.100205898512477 0.0364393396140207 0.22340722725347 0 0.874802144245038 0.00844884348418827 0.0253463371213885 0.000753386216830777 0.000572190975985654 0 0.000243159623054451 0.000639139203009176 0.124823140617923 0.0123621474112196 0.0111974987528443 0.00587258638140313 0.0259473701295954 0.159551090151644 0.00327494476147261 0.00202960622438914 0.00335990801193385 0.000188914884088165 0.00142107814564495 0.000906649629246956 0.00138859859590934 0.00181458888749999 0.0043803749337597 0.011413954977616 0.0524671314081524 0.00514161797208393 0.000131424440047642 0.00113986567371954 0.000382087231178107 0.153515187001372 0.00552189024597071 0.0134426964379814 0.00773848703986153 0.155236213889195 0.000377385122563942 0 3.37610522583802 2.3588339682848 3.78342035284738 0.00981899674729354 0.0331487903625265 0.000213050717386181 0.000622075258146441 0.0013830017947233 0.00109783098413935 0.000292159203434898 0.475064039140102 0.000428408496377149 0.00957611309017498 0.000891122286796268 0.0287961454627755 0.0441615373360831 0.505471083253679 1.04135769594846 0.00616240101164461 0.0020646123943513 0.0044576838434004 0.0141986523615896 0.00060997790290462 0.00370308416158032 7.31676782586704e-05 0.000327396154683302 0.000272181820584761 0.00794189674129462 0.0491350257816532 0.0349685932796563 0.00269199366539242 0.000609547589189529 6.07336771668234e-05 0 0.0071680405803595 0.00133077693184123 0.00448461838281702 0.0167286003140853 0.0422447563394837 3.88125990367677e-05 0.000740998210857925 0 0 0 0.000100627939562491 0.000193539709880724 0.00245962111764057 0.000306314027728669 7.36911834789133e-05 0.000498560070177081 0.000289994027091694 0.000834409363419744 0.00055957791181501 7.52657243399766e-05 0.00185818189750479 0 8.95351963889476e-05 0 5.69932172883379e-05 4.1686873752562e-05 4.37366686928114e-05 0.00117565888118446 0.0040534403873423 0.000291357575690571 0 0 5.69745166035685e-05 0.000448281831281736 0.00187825070704527 0.000194010674868782 0.000464578308581929 0.0043179227720149 0 0 0.0128484186293994 0.0314885503630204 0.0278215214869545 0 0.000533119629404402 0 0 0 0 0 0.00292369981469578 0.000183131044382828 0.000101723252755835 0 0.0710518620646779 0.000353415255003547 0.00224481275150226 0.00232642573193829 0.000222000001061049 0.00144802667934585 0 0.000144847774681994 0
0.789307199739546 0.000299844001992641 0.921659953234691 0.0321736495257784 1.08584757956764 2.5564898354238 1.57365939282302 1.31522704852637 0.0111221772270435 0.00581460300637018 0.000159602778952949 0.164539078100661 0.00948129195173956 0.138858619554463 0.874802144245038 0 0.0253581907919674 0.0421542451483841 0.000551785102092851 0.000309587070332825 5.4576763733852e-05 6.27112659275625e-05 0.000944954616216982 0.0816256819337709 0.00874663225020463 0.0177312526697002 0.0649673584949332 0.028093970209295 0.455381740399333 0.0336538294733126 0.0951601778355813 0.0142358974510955 0.000845126748204594 0.00173589940994953 0.00225234422144593 0.00210095413724772 0.00107179874637411 0.00384630432712753 0.013245454871037 0.0690993906207144 0.0116587451904988 0.000221944899864634 0.00229662274654644 0.00158069346958973 0.182060524515296 0.218143529081912 0.0218257013687889 0.0169842391639627 0.303452679206561 0.000511811986037052 9.12628026298321e-05 0.347795910363337 0.424069043774897 2.89268876577725 0.00440837455474258 0.0562361357729307 0.00021679519918063 0.00109824384988152 0.00130158773921107 0.00101426199761184 0.000401850735803408 0.035390970573652 0.0152310651786547 0.0469761233925145 0.00366155064588494 0.166641154247972 0.0631882604653824 0.170491699561435 1.15642600263774 0.435314120709082 0.0138889406852202 0.00440447971638204 0.0122616420246274 0.000954972818666665 0.00666405396697357 0 0.0114940914818213 0.00263451859196778 0.0159222138510953 0.120203476535655 0.119544026880122 0.12286465181416 0.00317305708009467 0.00086989113654558 0 0.0225618762302361 0.00166234875456963 0.00794764859900421 0.0670078033236647 0.229808324717705 0.000868818477400123 0.00270759036455041 0.000149215927885987 0.000128915407278756 2.32580918844202e-05 0 0.00111004782474986 0.00480490841790036 0.00137491018065372 0.00071937984447598 0.00326851973580527 0.00119676779130639 0.0353197130979927 0.00376519110430273 0.00063519640982278 0.00385710835970632 6.24378238083239e-05 0 0 0.000128452849670528 4.31842415829983e-05 0.000285715173237434 0.00351140421104362 0.00791320171552204 0.000779545231969162 0.000108974929226568 7.8158101271061e-05 0.000148571360252083 0.00955675606128526 0.018744458258138 0.00106625081232623 0.000432563648362755 0.0176271731683293 0 0 0.032977694678499 0.0681936504575236 0.0932689703265434 0.000124055876078377 0.00179617404761027 0 0.000244829635141731 8.96662056396001e-05 0.000170952163191523 0 0.00661017249955547 0.00105681960149628 0.000872054910872986 0.000600161180385989 0.262984703402544 0.00303454005456756 0.0231452255652911 0.0425075868077422 0.00338881943809329 0.00440254745029174 0.000749428181297022 0.00110756344948888 0.000119729872434886
0.0213869912539011 0.0103660070258187 0.0104811032487267 0.151204438489236 0.00556686123034628 0.0130627750133357 0.0104269250579108 0.0110659841738407 0.0014133116468576 0.000363299115300449 0.00759196753102282 0.062921784481289 0.0116247882914954 0.0281607282896808 0.00844884348418827 0.0253581907919674 0 1.77850237325585 0.011173020955819 0.0126174594988227 0.0042397899457653 0.015558388516621 0.258326150348181 0.0808023763513272 0.0169580119639199 0.0720055524854597 0.0168658756373277 0.039067448208792 0.0362881988201987 0.00494988245306953 0.00563947592629012 0.238194341884667 0.0224298646489677 0.085762365124217 1.66546680447859 0.0199083302133874 0.0601148461362503 0.0407477314752133 0.0335562468610142 0.0575994880557592 0.422227753090879 0.0114229295468231 0.578587677132728 0.0216565447406856 0.0919000939578349 0.0138118019708298 0.70051463328975 2.52872301590008 2.58144390990508 0.0503802147456016 0.0376099118642652 0.0190294850277824 0.0148214012992506 0.0266470834944524 0.0208344119035503 0.0322973274347943 0.0192185365590192 0.0144003107597985 0.0266772364849806 0.0360356128931862 0.0177546524668824 0.00584424581790585 0.303922439392807 0.120377178657107 0.00711394116103903 0.00709817591193845 0.0676377861244648 0.0335410795461158 0.0241961954066244 0.0382969160276015 0.00385802019170766 0.313179656177018 0.110527025614496 0.0240972761480825 0.000445717089902403 0 0.000305702397322808 0.00047050203400803 0.000151480086034479 0.000340380733083789 0.00323569717671489 0.00463139384774324 0 0 0 0.00117205398729342 0 0 0.00216252015372375 0.00311903937478921 0 0 0 0 0 0 0 0.000354276083839495 0.000242651727696776 0.000200344955707725 0.000905900825949534 0 0.000707946002075574 0.00122724425435193 0 0 0 0 0 0.000394525735521453 0 0.000191807729703983 0 0 0.000316920625797384 0.000347934392560216 0 0.000963389069814147 0.000848636328467212 0.00171755729834691 0.00064470123916123 0.000867155116063641 0.000322159850131488 0.000419087955667516 0 0.000798294072942525 0 0.0036981339098845 0.00166526687561892 0.00135268386926597 0 0.000536820463897435 0 0 0 0 0 0 0.00103461238993383 0.00629676148350299 0.000841764215200743 0.000227271834924866 0.000627798319045407 0 0.00390924857686885 0 5.47645928330107e-05 0
