0 0.000855920778954104 0.000360385441345796 0.000768631328582531 2.51779161387886 0.639312116634188 0.0537471814706068 0.0160399016738642 0.010211252556037 0.00944561966117887 0 0.0143239760771814 0.155102608914603 0.0909639307635702 0.736019160735911 0.506003394573254 0.0107501853388463 0.0607410958952025 0.000332322983305955 0.000120202619338022 0.000407991942977734 0.000372440175388671 0.00144618206558574 0.578771681644242 0.000860501005371746 0.000503347191795708 0.000487019472475206 0.000428057831420897 0.00278992649682041 0.00308715839247 1.24932334716908 0.00805495385696242 0.000224927845618547 0.00222770387090913 0.00238063327653426 0.000157769604339511 0.00136860454295572 0.0026643224561013 0.0682485691874249 0.0211522159478801 0.0013584970598996 0.000895833340980473 0.00746910257325862 0.000970895344777073 0.00086563807813048 0.00357715332144916 0.163351559633506 0.0105194771065802 0.046255672078381 0.00108267023523648 0.000176536757395573 0.820274676683532 1.57167081015441 0.0647943485810882 0.000307561882467224 0.00151067312411574 0.00056603894460317 0.00112290405639321 0.000125636524996172 0.00089875729734086 0.00102920588563978 0.930521135450054 0.207158605463175 1.66960919873398 0.0010145282982304 0.14657692318204 0.000823232628667823 0.00470826640346175 0.00238962458047156 1.11948490990408 0.00428425275615964 0.00324604435463526 0.0031898403547099 0.000195367429623389 0.0318167996985633 0 0 0 0.0178306665633931 0.136006942859901 0.00266949152869624 0.000101442746626146 0 0 0 0.000628596939028852 0.00269466614511007 0.00200726224806522 0.00255949166535551 0.0104228373739458 0.000309716432747568 0.000598625727631951 0 0.000327390186095147 0 0 0 0.00628179281339523 0 0 0 0 0.00013426405298213 0.000187635346703876 0.0156768520454533 0.00919614121268502 0 0 0 0 0 0 0.00147860158398157 0.000214263004816357 0.000367338075265218 0 0 0.00028147771543004 0.000117188045239414 0.000502795808582234 0.00139990205196295 0 0.00297666254877961 0 0 0.00271331179502157 0.0184992822910989 0.00229170287430492 0 0.000253963755756925 0 0 0 0.000209350724619323 0 0.00958507978586496 0.00730185912903369 0.00841121186161339 0.000665075654483791 0.11235557756364 0 0 0.00021950521719577 0.0364765704572242 0.000118353746692487 0 0 0.000461810717328311
0.000855920778954104 0 0.000242562434072634 0.000624262341994097 0 0.000842028681161093 0.000447578422562728 0.00010492942117587 0.000587974020899731 0.0041197464677135 0.0520528317725298 0.000478155039304058 0.000771338050371634 0.000353518188794588 0.00035602693708221 0.00022213855990817 0.0109712862184667 0.00469953960848904 2.66217008270533 0.198882843901109 2.2728186426248 0.397205535743668 0.00911860433931358 0.000827601345545329 0.0182550258536122 0.000302572481742406 0.0117193541400797 7.84956943092959e-05 0.00189309262967439 0.00969629074466345 0.000203543971924046 0.0028269076716746 0.000944035771881211 0.00592858855086599 0.00313060358664159 0.000875046472891177 0.0844875830149591 0.0214484961165485 0.00028125086363978 0.000331349785165845 0.00131871939599279 3.12725739811275 0.0141982137683254 0.30731981427075 0.00223389816226354 0.000435300512530595 0.00386243435653236 0.0257724289853221 0.00142528595576211 0.136444130476396 3.46548972324934 0.00102633845348418 0 0 0.00193612117357389 0.029762498514969 1.03575190974432 0.691846071754252 1.57676047660146 1.09309124352869 0.567318163682639 0.000242518759310393 0.00127763068594604 0.000479679762375728 0.0400268154838223 0.013829454277411 0.00189214048708901 0.00186484014186703 0.000743018523712332 0.000236121130753275 0.00203118896128425 0.284424286576641 0.0482434429690071 0.000812777812774779 0 0.00096919879591836 0 0 0 0.000121722877171861 0 0.000198011559684561 0 0 0.00089326555399419 0.000310358241655782 0 0 0 0 0.000462409379810135 0 0.000570947050438082 0.00405706624538349 0.000596768431460894 0.000462640642618181 0.000222149838251817 4.15394319248728e-05 0.000821801787474253 0 0.00518942256422581 0.000161215559539019 0.000157928499346842 0.00723564097317737 0 0.00014813628642683 0 0.000333064533555739 0 0.00053120225339913 0 0.00035854947219555 0 0 0 0.00179315098696733 0 0.00627481095886465 9.24421058974539e-05 0 0 0.000801858564645607 0 0 0 0 0 0 0 0.004897837115478 0.000152739020870731 0.00222987069470539 0 0.000389232941253724 0.000878922437234451 0 0 0 0.0167365032615051 0.00635007692766837 0.0001393836351183 0 0 0 0.00103340919674063 0.000784299726594714 0.00160592191179848 0
0.000360385441345796 0.000242562434072634 0 0.0843913118081883 0 0.00699492172610811 0.034672049663988 0.48800258597799 0.0106387985608359 0.00164003955765661 0.000535232330122221 0.0199528931019343 0.000466932038254993 0.000411088190125336 0.00520901977078718 0.819880502309508 0.0310988867663236 0.0155884060176226 0.000659138007978758 0.00232224211773813 8.56172936226293e-05 0 0.0234785772157335 0.000610716869384457 0.00782201073723629 0.0802782703471132 0.48021300790174 0.291279030032325 0.917633900184456 0.286431558115644 0.000134331609016466 0.00678117155934084 0.0053316066501054 0.00135037005068955 0.000219197685852367 0.00775186341156524 0.000820598940913211 0.00286065124306545 0.00180043707092835 0.00206441678309825 0.09921598416798 0.000467656189093408 0.00149876913928011 0.000781683777486587 1.93350016005886 3.79609681083823 0.00267111611272746 0.05303234339106 0.0886800877700411 0.00041837580563712 0.000524341361221186 0.00660482763545498 0.00150335730238618 0.0303709052976219 0.00928452782127765 0.0515854627672816 0.000817355038102112 0.00410195946976532 0.00124124374543842 0.000276612620932035 0.000177722047919653 0.000411363215687469 0.000576862535610796 0.00160324090971124 0.00907787471390346 0.393501807111641 0.609389285198169 0.0191973429723509 0.0804378439855325 0.000817217077980829 0.0354994317380446 0.00278131403430521 0.00614905802895054 0.00453846226187235 0 0 0.147895246673848 0.00249351169800212 0.000308720846556804 0.000951810799822059 0.0134848008331372 0.194393011241691 0.0371574412536521 0.0263388761914623 0.000155389374317513 0.00136654883984685 0 0.000126164195831602 0.00511043055671759 0.0760418260004825 0.00170383138043125 0.00062828444488991 0 0.00102413603975953 9.57084298032684e-05 0.000786403844111803 0.00516016124594152 0 0.00144937959047319 0.00093634451994355 0.0297201074552737 0.00919187980755174 0.103077811687248 0.0497701829147311 0 0.000261256364598436 0.00131546647794221 0.000756412401713447 0.000249821720491872 0.000405428331418059 0.000208961283616198 0.000306027889291187 0 0.000684442778882046 0.00986334300827688 0 0.000175158719988708 0.00292585101888549 0.0514997077973905 0.218525565573431 0.000213544607152637 0.00186466941706107 0.00475054632850528 0.000201558015339512 0 0.00174570149659201 0 0.00844727604979882 0.00234835913166799 0.00930751959031012 0 0.000589713620173616 0 0 0.000929315226170862 0 0 0 0.0114696189231931 0.25744499183601 0.0251901630275371 0.00335094668576841 0.0384046776790129 0 0.0768829861401459 0.000323568172464844 0.00160734370968573 0.000450594425119067
0.000768631328582531 0.000624262341994097 0.0843913118081883 0 0 0.000736033270216405 0.00226349115314245 0.00469979185107863 0 0.000666833890018009 0.0001918676395644 1.37868460893314 0.000921861639141437 0.0037337326886914 0.00651222485416731 0.0323157528869503 0.196073310381807 0.0435797871847986 0.000535505853553103 0.00100611687330032 0.000709084449234109 0.000134736417207876 0.00314782405566387 0.000586104744343209 0.0240516528475662 1.89336348523911 0.0259924779004397 1.26590291006953 0.839529267376501 0.0125649694011464 0 0.00361632359111014 0.0118355293539585 0.0116880631053615 0.000831054571802643 0.0738900560428687 0.0159325658240069 0.0346550479093824 0.000365346938291523 0.00744979267993863 0.483573581255083 0.00109820166538893 0.00214569352740534 0.000146945586859482 1.94259058122892 0.0137442170439399 0.00557806752489619 0.0932759920135578 3.219944230023 0.0042090805717353 0.000727741773786407 0.0204211694493947 0.000514995325184946 0.014132749193928 0.0826091802978372 0.0369418414440395 0.000652042630891463 0.00153892746638124 0.00737551350871622 0.00362057458216644 0.00165995186303381 0.000813919109939804 0.000994478068591431 0 0.00330232824672118 0.00623301983262407 0.938364848318002 0.657248152883016 0.0780974412093585 0.000236398621895067 0.00258856304755798 0.050091703510922 0.0498449821217305 0.0159442792252973 0.000118220028652284 0 0.00360795817469211 0 0 0.000146999159125022 0.00119057483759106 0.00322019740023079 0 0 0 0 0 0 0 0.00472776084561689 0 0 0 0 0 0 0 0 5.91769896548747e-05 0 0.00198573463770811 0.000157125356051266 0.00211228331503414 0.00240437380144147 0.000145262699989254 0.000936131611175631 0 0 0 0 0 0 0 0.00030238273250556 0.000534827574154934 0 0 0 0.00114536193979885 0.00298605154307469 0 0 0.000418267581634341 0 0 0 0 0.000813192752498974 0.000647737816877186 0.000737251436242828 0 0.000181691431417285 0 0 0 0 0 0 0 0.00752257005126815 0.0016956382754984 0.000234154553263838 0.0024859121459335 0 0.00171343663779234 0 7.73256850501863e-05 0
2.51779161387886 0 0 0 0 0.305611069999048 0.0425800482313873 0.00556082000065105 0.00421063896371975 0.00249310159291353 0 0.00239404801864288 0.0315648554357049 0.0183357183759807 0.247072806352379 0.762281894492328 0.00247522098228014 0.0103022095625653 0 0 0 0 0.000206987014229068 0.0535387783691803 8.81631605782296e-05 0.000100816751934608 0.000354486554548743 0 0.000134679252277638 0.00172017615261843 0.267789035751683 0.000876527969852266 0 0.000386614760121572 0.00141144136225812 0 0.00012184486494847 0.000391639996171037 0.0202725460703814 0.0116877229293192 0 0.000427416649532129 0.00137097360534977 0.000301229199414299 0 0.00216513510640416 0.0252198442994953 0.00380584203661149 0.015563181370438 0.000246350351792199 0 0.0854459252856786 1.3104412642113 0.0417295194387136 0 0 0.000633179249495668 0.000387879572854324 0 0 0 0.0841006819829446 0.0365665248054785 0.105141241530947 0.000582311678816276 0.046881842981882 0.000230480501227051 0.000264491438314848 0.000360445363467465 0.348349161268201 0.00205051172930448 0.000496739928479227 0.000793218113393054 0 0.0117761855276479 0 0.000264738838201686 0 0.00769446661890248 0.04877572735881 0.00143855900750469 0 0 0.000326268141830781 0 0 0 0.00156146055495469 0.00125175093439527 0.00328889185024442 0 0 0 0 0 0 0 0.00308148798589995 0 0 0 0 0 0 0.00223633113221483 0.00169931165356036 0 0 0 0 0 0 0.00268927283921005 0.000486876812147541 0 0.000145676046652492 0.000105552725633075 0 0 0.00041461736926493 0 0 0.000191795125562885 0 0 0.0013210403523111 0.00655731630456272 0.00138524068840966 0 0 0 0 0 0 0 0.00304648493759399 0.00335812498443878 0.00319954768099145 0 0.0376225987181678 0 0 0 0.0121546100672701 0 0.000238315558500832 0 0
0.639312116634188 0.000842028681161093 0.00699492172610811 0.000736033270216405 0.305611069999048 0 2.99320260607925 0.426907199857776 0.197639941393875 0.141875209468811 0.000102861335455734 0.0162786054870756 0.052188004137992 0.0664126787765162 0.115795987960146 1.44051706805957 0.00656230805535285 0.0611167654906658 8.80724091496532e-05 0.000865238623080869 0 0.000737569602287324 0.00590845005338173 0.187393659904781 0.000302018489513889 0.000247056754405147 0.00277382133136802 0.000211424629300637 0.00243611905129105 0.0557234064295822 0.537083272192619 0.454810960670111 0 0.00147867757847296 0.00113918650178738 0.000855073688819149 0.000959575517054733 0.00175982167684502 0.0355319488503825 0.0247860966300539 0.00099449629257134 0.00101055040066255 0.00872412586700682 0.0118386505881447 0.00301877050972209 0.091888970844359 0.0816216405669488 0.00631629075489091 0.0561230638457175 0.000981475539941718 0.000624295387635527 0.107466557579567 0.196574459605865 0.0317695871987547 0.000812476925301862 0.000568560405744128 0.000421768060752543 0.000424518332079802 0 0.000241551141505736 0.000800286417825882 0.103936631126969 0.830569854472347 0.281247392784442 0.0161644344093885 3.614907061448 0.00109208973292175 0.00362216136529424 0.00345831210598481 3.09679594625408 0.110656665358799 0.00159135347720695 0.00267549268853463 0 0.0645643231130101 0 0.000763270039349255 0 0.0460611951166512 0.554991345200914 0.0242073344194945 0.00187191937500502 0.00125914118042092 0.000857098345277162 0 0.00848366852073764 0.00325842963630421 0.0193261481005994 0.0261745473583071 0.0686215505145447 0.00111294432279163 0.00379037233972002 0 0.000606513978967233 8.17105560106789e-05 0.000322486726584404 0 0.0176386307340647 0.000270826183243829 0.000597040682509046 0.00113778660356587 0 0.000571557643045084 0.00195307020657945 0.0314800709452949 0.0400093255696717 0.000516584356409066 0.000142008915624577 0 0 0.000159425248048343 0 0.00899003408558516 0.00333259633545805 0.000725237979869096 0 0 0.000255874847561134 0.00104054442737048 0.00166025833364734 0.00380759718481356 0.000672718922601246 0.0119895853670615 0 0 0.0258506948856446 0.0853206365816912 0.0127305874656133 0.000438048146141845 0.00141729310023881 0 0 0 0.0003100009239701 0 0.0187633626390727 0.0125386176657699 0.0198507212440428 0.00187757307976301 0.884364002606541 0.00142890386774584 0.00143599775321366 0.000962044801981523 0.0858120109925964 0.0015006057095416 0 6.4076762097005e-05 0
0.0537471814706068 0.000447578422562728 0.034672049663988 0.00226349115314245 0.0425800482313873 2.99320260607925 0 2.81854818527246 0.194418295550575 0.120146395862293 0.000469615100578693 0.104915854377177 0.0134766854452764 0.0571874775058689 0.151878549476632 1.55598395345239 0.00679051674263886 0.0483911295741713 0.000341291388926242 0.000143542819857859 9.48009836169135e-05 0.000264301126375982 0.00588017254685169 0.00963079887895663 0.00155662564678774 0.00121687503551798 0.00680236949398226 0.00122818793400961 0.00996946851631598 0.0785144209921353 0.0140713049130532 0.00582235054489873 0.000233410767100983 0.000665105684519584 0.000485034572152602 0.000885265187499785 0.000598098637230432 0.00137419413378546 0.0141425526064224 0.0642969989931908 0.0047825110062083 0 0.000905294820498674 0.007085620467024 0.00713861486009971 0.312366645420622 0.0127375322504776 0.00564193652107533 0.112633439135939 0.00085697954365091 0 0.137095165568929 0.15895737361866 0.175822375519441 0.00177652353598911 0.00262868553113395 0 0.000201169822058433 0 0.000198427227084848 0.00129646954463616 0.0284996097509025 0.0197690050367525 0.0140654106813193 0.0131038125254327 0.938870548421664 0.00368177849905606 0.0360769039843447 0.0239954645503334 0.0939710292182527 0.141862215597034 0.00379118272501494 0.00104687787300195 0.000283031238948718 0.00576297360596335 0 0.00502549734390026 0.00273575237789654 0.00571034764004817 0.0726286353264738 0.216494974582352 0.0438340636346599 0.00158885718837758 0.00199153832013625 0 0.0497115410115891 0.0018468226447554 0.0198416065800613 0.0765086472798913 0.141160837444627 0.00065926467919121 0.00386030890921722 0 0 0 0 0.000843874754565967 0.00284393196162676 0.000820150134011638 0.000641988310859092 0.00244698392418229 0 0.0161656296448897 0.00336590667074389 0.000171406302385615 0.00266811872693206 0.000558844774413841 0.000203183021001516 0 0 9.832222645561e-05 0.000240982998979136 0.00348733835456728 0.0225076031601796 0.000569102059202325 0.000296710171282036 8.90622755208856e-05 0.000444048927782001 0.00210623036053137 0.0112385704903921 0.00435785030040574 0.000190936111520282 0.0268828063320609 0.000233174201873458 0 0.0598600212464481 0.0542606762858396 0.111306241122042 0.000765538269784104 0.00132382189125378 0.000184471604051963 0 0 0.00023516206650499 0 0.00740541469939809 0.000461456609631053 0.000789195259857269 0.00182785253632955 0.466348148585752 0.00194011305937219 0.0273211174988157 0.0223068282300384 0.000951020836857636 0.00403402882820494 0 0.000781283147315651 0.000584524745451415
0.0160399016738642 0.00010492942117587 0.48800258597799 0.00469979185107863 0.00556082000065105 0.426907199857776 2.81854818527246 0 1.77285361255948 0.340096847636911 0.000126291147092237 0.0323139237037255 0.00202770226955531 0.00625112942564912 0.0399795119360309 0.966977320844256 0.00846013501823237 0.0125251987118634 0.0003768576185392 0.000717954815242012 0.000535314575612624 0.000559704325369895 0.0109501726162097 0.00260961010460228 0.00173867228950407 0.00291969443269512 0.0438778297193482 0.0030033633275192 0.0367176245975726 0.41457711554701 0.00442635508155177 0.00611862971990573 0.000675160413382628 0.000489430047418767 0.000183411667779233 0.000363933104727804 0.00128448571621234 0.000397092889044476 0.0024319112071495 0.0100130573592252 0.00512684942400679 0.000853931847256394 0.00121066751155511 0.025952227688115 0.0175643326818773 3.21079314065323 0.00653656001323163 0.00554572559714509 0.0388601193398052 0.00111638606889208 0 0.0267576160776787 0.0263532964546931 0.0634447677487833 0.00349532772083616 0.00766882252426519 0 0.00106619095490792 0.0010790679173199 0.000486165648272821 0.00280614883903781 0.00645909846863736 0.0169308439248082 0.00205069449411024 0.047352591049688 2.36176321180703 0.008965818365979 0.02020731582292 0.0302384934808377 0.027772003229499 0.552324349893618 0.00125649053185021 0.00187794924649124 0.00119176292925699 0.00128873723103632 0 0.058768908592267 0.0023325128648813 0.000784039168825861 0.0041647868375765 0.128298788520994 0.162271100279872 0.00466988697896662 0.0037324212260131 0.000277390867024741 0.0189056366420765 0.00063097867057282 0.00179697736185671 0.0441622128963789 0.184008406841152 0.00286228739495431 0.0029464143475499 0.0010162507946669 0.000594686947359152 0.000543968316742083 0 0.000428982018177652 0.000219068960289595 0.00142166568464282 0.000696906208509986 0.00966982388248756 0.00509045424615447 0.100272599479489 0.0183205671383156 0.000309396160347645 0 0.000503864740262865 0.000235739915615458 0.000158822980283191 0.000630577009304217 0.000115155496310141 0.000714902726938395 0.00173264270999 0.00270780518630551 0.00194336215150266 0 0.000232464364131846 0.00280238327893152 0.0211408034827333 0.0422777785352592 0 0.000573228883999494 0.011691111692715 0 0 0.00827205352186712 0.00588772151561976 0.0816611460502588 0.00190350730848321 0.0066386601214984 0 0.000886532508748367 0 0 0.000615636831605466 0.000701302400542968 0.000185835212303372 0.000406538848245326 0.00774141533660395 0.464846654885089 0.00424571386107821 0.0181263424365276 0.118208982456855 0.00159061367681106 0.0209066296987964 0.000326390179069293 0.000647941908589884 0
0.010211252556037 0.000587974020899731 0.0106387985608359 0 0.00421063896371975 0.197639941393875 0.194418295550575 1.77285361255948 0 1.5641403684516 0.000320496284994115 0.00257865822872768 0.00127276236598609 0.00247042564864744 0.00976525533723506 0.0197598678145033 0 0.00223698531802004 0.000478673335099933 0.00113068895699778 0.00119169273197195 0.0012796605329008 0.00862463315897833 0.00137489021999253 0.00356934820283124 0.00167420803978059 0.0196719984112157 0.00138879794702623 0.000843394449845916 0.782241391867841 0.00290057422558867 0.00122690675900124 0.00124046979758899 0.000453980130395463 0.000513591158390485 0.000556404763807028 0.00111960693630094 0.00229064828943898 0.00109567634967537 0.00262950672261858 0.00566805973900719 0.000240340059780637 0.00081137563348338 0.0516686105819545 0.00193627157811398 1.03669809132218 0.00182053030736283 0.00667303928185202 0.00584921146737796 0.000849855922155189 0 0.00915269417273907 0.0129918187965998 0.010310247968181 0.00156246336219708 0.01140221849449 0 0.0026014230836718 0.00200340048975543 0 0.00239910383102951 0.00503144288522209 0.014613078513327 0.00351853821948545 0.213583503853863 4.24477298113634 0.00893017754946399 0.000554513693507196 0.00205763116336494 0.0272693711762398 4.33776074287756 0.00285834074040783 0.00297263906111936 0.00102087715682636 0.000641984564150218 0.000140767133118945 0.0134744885422467 0.000201560157546819 0.000577880238174497 0.00261957326128664 0.00137219883652942 0.00174949604567807 0.00931998614429914 0.000763948008554685 0.00046017594584992 0.00049284873435936 0 0.000309840455911349 0.00064127393370412 0.00229594699996693 0.000774229293433348 0 6.7613785099156e-05 0.00111029951446465 0.000137592467579828 0 0 0 0.0010111045680601 0.000377873046582678 0.0155529721264651 0.00158411538430631 0.00252993058484527 0.0172381253964155 0 0 0.000293481813508911 0 0.000297897175183366 0 0 0.000703029778804279 0 0 0.000265792087663919 0 0 0.00287203171397042 0.00445242577830204 0.0287053459392747 0.000790662642075828 0.00223390230330724 0 0 0 0.000173665007524925 0.000761456916394121 0.00112457570526944 0.00323438549752515 0.00833656761492673 0.000593208679560836 0.00188897901147785 0 0.000974533244583027 0.000471149270350687 0 0.000478316136959603 0 0.00901844088438913 0.0632266542048457 0.00530916306405268 0 0.00144357342068027 0.000771688467088121 0.0121210042975302 0.00130150729123497 0.000766758288011993 0.000827938815321092
0.00944561966117887 0.0041197464677135 0.00164003955765661 0.000666833890018009 0.00249310159291353 0.141875209468811 0.120146395862293 0.340096847636911 1.5641403684516 0 0.0198300691868215 0.00476581101561963 0.00148152788599949 0.00287741275046597 0.00570352853212129 0.016034964772292 0.000937424175128997 0.00188994454732943 0.00308680817756785 0.0282843332497645 0.0054617107288014 0.054972935733612 0.627079595173201 0.00261181515770399 0.00354254263453964 0.000840372117080157 0.0282066397724701 0 0.000448192524657073 1.14176407060687 0.00198693143053861 0.00811954375192904 0.000844322916864038 0.00138342274990303 0.00149482219057528 0.00225512656547986 0.00121601846252803 0.00191932399150504 0.0022101009498024 0.00160785921922636 0.00315776197686858 0.00409178667996067 9.61192054573096e-05 1.44576953636159 0.000326670511172689 0.0726577508725999 0.00302800710872254 0.00552229163464707 0.00458986376987631 0.00471065284509748 0.00477871229208918 0.00768379106563933 0.0164262739590511 0.0102910546260463 0.00221044585630296 0.0247680778476081 0.00351136548360265 0.0471193745235563 0.00983105781565491 0.00255802238477289 0.0916257862657823 0.00144350376898107 0.013059535587998 0.00260480156628101 1.17683291096511 4.05512297848138 0.00174598193414255 0.00187776890349552 0.00114977157615974 0.0251667225626394 0.906439830575143 0.00717880496005667 0.00402936077566683 0.000881292931730115 0.00065458652206863 0 0.0060619652445764 0 0.000219982243877828 0.00269381819023429 0.00201993887856996 0.00333341125886451 0.00497039082459228 0.00323579622754727 0.000249179904742228 0.00123510784272651 0 0 0.000670180026548953 0.00143328761528333 0 0 0 0.00251594072665924 0.000464738568460877 0.000293249563824496 0.000465723716755684 0 0.000133568152139094 0 0.00361636032104371 0 0.0011935858337635 0.00662406165067517 0 0 0 0 0.000238082676296096 0 7.32018656432985e-05 0.000274169564763185 0 0 0 0.000378409629762889 0 0.00562893595812875 0.00135220210212925 0.00399886987915911 0 0 0.000903935395536078 0 0 0.000568606500698839 0.000272181413024319 0.00211019115123401 0 0.00277410537528615 0 0.00394160161280727 0 0.00050582566642976 0.00263092346931282 0 0 0 0.0173596253600638 0.0506077891524014 0.000735677514650224 0.000291055887027165 0 0.000618502958151773 0.00946636291239069 0.000478985347419261 0 0
0 0.0520528317725298 0.000535232330122221 0.0001918676395644 0 0.000102861335455734 0.000469615100578693 0.000126291147092237 0.000320496284994115 0.0198300691868215 0 0.000154241914777101 0 7.9143246227778e-05 0.000170247365928891 0.000113350726859386 0.00335278143239907 0.00246729602244129 0.0530572310965905 5.24863487392206 0.0348654958143114 3.46935234937153 0.0181537442580891 0.000676469604753779 0.0036844190336307 0.00017996042814447 0.00949896395045989 0.000105802589661562 0.000410965368993028 0.0204900539332405 0.000150127132985331 0.00243941586839789 0.00160195500067404 0.00263937996057337 0.000750494520073145 0.00133222486633077 0.0166142551376682 0.0093649531494672 0.000216970422175968 0 0.000852524321844099 2.0663592035724 0.0037587596161522 12.4233945695005 0.000189593689547926 0.000543272521256771 0.0012624566318772 0.0164044350713603 0.000483252513655074 0.0280148524692242 0.0424134157598448 0.000504907524386949 0 0.00041063847126804 0.000571025887626236 0.0100431619808945 0.072963691908734 1.43327650750504 0.0283390562671037 0.0167478815877727 0.249277329623242 0.000157402893589993 0.000636438304821386 0.00147485085235906 3.65321691153952 0.0642827685917077 0.000508918287487519 0 0.000123143028850168 0 0.00655440115241326 0.03195996174463 0.013057333121568 0.000262785010499714 0 0.00423212148696414 0.000714292413688812 0 0 0 0 0.000396795752369103 0.000632239878609886 0.00202874462427123 0.485744707719323 0 0 0 6.76759028423284e-05 9.75691694137298e-05 0.000979117592830869 0.000126124569463725 0.00340043096655947 0.0483275616449662 0.00286976109944534 0.137680130101324 0.00240412485596012 0.000101080683469483 0.00501385553697746 7.10419309269284e-05 0.0156560658121992 0.000793152797405796 0.000261566368255374 0.0201046226071175 0 0.00123916024013102 0.000525206592547747 0.00110266341996492 0 0.000188589310593462 0.000294594206281768 0.000692272079273977 0 0 0.00116745603165942 0.0241030465658346 0.00104080735101995 0.254769884423529 0.000273198391036192 0.000839870819735813 0.00109067022588406 0.00337061037011772 0 0 0.00288672715301774 0 0 0.000268568450636688 0.00126271058951992 0.0155685023009545 0.00258731231263248 0.02940771588322 0.000725788540840488 0.00313930274406396 0.0121652441267685 0 0 0 0.134481887952655 0.0273314418266534 0.000737032836647757 0 0.000262333991486837 0 0.00479786276101843 0.00345443131792006 0.00136234216402695 0.000699447162889805
0.0143239760771814 0.000478155039304058 0.0199528931019343 1.37868460893314 0.00239404801864288 0.0162786054870756 0.104915854377177 0.0323139237037255 0.00257865822872768 0.00476581101561963 0.000154241914777101 0 0.0184881198913525 1.28785691018403 0.208849874348774 0.180950808973078 0.0311987034750532 0.148897295731645 0.00136097726343646 0.000798008750538746 0.00191348502542838 0.000214362250411932 0.00356857227102565 0.01017936253238 0.0273246071478365 0.0773971958256549 0.0109010060692775 0.0376010021935761 0.403457047268881 0.012011711635977 0.00195233102167885 0.00435100474126202 0.00760363334275102 0.0123447371814044 0.00130992334698986 0.0332992706743436 0.0206633950988488 0.04269559950039 0.0492118509236299 4.01089052538191 0.117685889551507 0.000635844585360388 0.00333450682925551 0.00117714934636202 0.165329319100178 0.0186573622820013 0.0798300513305336 0.0435378639131584 3.52698595509951 0.00761051980388589 0.000588213891339395 2.53241074580605 0.0440989985637176 0.269221936303788 0.0539683224159665 0.0294805059344595 0.000816611255377468 0.00212555087698969 0.00797095816142479 0.00617350208766302 0.000964197727015116 0.0448303486748851 0.00470902581851152 0.0171502210980847 0.00242293226852924 0.0312828462486131 0.0700283362776417 3.39995965453878 0.232026284064624 0.00133542360712041 0.00529253724998102 0.0694343905183624 0.0633360096161612 0.0116951402959302 0.00055224839778186 0 0.00137240665909667 0.00127781851258236 0.000509186591483579 0.0144915553620262 0.0375705890658155 0.00359401376203335 0 0.000365137112122525 0 0.00840750500193354 0 0.00277572595690707 0.0107256260795152 0.0204596175482558 0 0.000590392567278454 0 0 0 0 0 0.000427669591224893 0.000185913348580237 0 0.000744364889439215 0.000188101302165834 0.00257032449555208 0.00203301003935639 0 0.000851685476134454 0 0 0 0.000373250997748348 0 0.000176301064641065 0.000511743822313903 0.0044972997364693 0.00104601613695543 0 0 0 0.00121956098292564 0.00216055732461476 0.000533475270575261 0.000309483358815082 0.00599159267416563 0 0 0.0108185402964859 0.00959758164386511 0.0149362531457575 0.000351435018599869 0.000710042019846958 0 0.000364470110139126 0 0 0 0.000841839541048916 0.000358971278067565 0.000151274159887423 0.000262146116872938 0.0394965359386716 0.000639341838791858 0.00322331796254125 0.00334576748449197 0 0.0024472495813916 0.000318247454642206 0.000236386851198917 0
0.155102608914603 0.000771338050371634 0.000466932038254993 0.000921861639141437 0.0315648554357049 0.052188004137992 0.0134766854452764 0.00202770226955531 0.00127276236598609 0.00148152788599949 0 0.0184881198913525 0 0.594545117552328 0.0366698856791744 0.0259851357062835 0.0216390475651164 0.145619228730747 0.0003462936106702 0.000465540640566052 0.000111098777264874 0.000149478088652032 0.00256059383915963 0.649946441041539 0.00085153952896808 0.000100297494159638 0.000586198459453891 0.000670076767582128 0.00248856357525864 0.00201390489675534 0.00830853920076421 0.00728003713801582 0.00215749879085328 0.001718643494416 0.00516868837199893 0.00237162377774485 0.000558949609501951 0.00172778454132339 6.72412116868748 0.107113996943869 0.00119310090317482 0.00164135967572942 0.00537141038626289 0.0012119066533148 0.0022781802679285 0.000682385483270948 2.02940598437127 0.0188558554085717 0.378834871582553 0.000764746131750454 0 0.302788425631601 0.114714190895287 0.0259745740673701 0.000568062269706775 0.00105258886072934 0 0.000451402782821603 0.000223273707973887 0.000468930085499114 0.000863690969871581 4.60504880930438 0.0273785923204123 1.46097060494065 0.000395614303760894 0.0122893986616187 0.00144840888954611 0.00554926518802638 0.00439883355915558 0.0163627647534353 0.0011387780060805 0.00360022314613061 0.00379483030108687 0.000452792488875899 0.00139912641330033 0 0.000198706170078205 0.000316777801299567 0.00181846362722814 0.016570979671869 0.000724865181575158 0.000220639461185269 0.000434456868750668 0 0 0.000204635270375337 0 0.000696417951567533 0.000527581810391524 0.00226988512162702 0 0 0 0 0 0 0 0.000558066788597064 0.000209116368785733 0.000310532893287658 0.000186827495397741 0 0 0 0.00105955106333576 0.00322779212265237 0 0 0 0 0 0 0.000406263781314534 0.00149244459463849 0 0 0 0 0 0 0 0 0.00021793963845204 0 0 0.000385861357454179 0.00627079107199719 0 0 0.000724652501504408 0 0 0 0 0 0.00167985442505515 0.00111133545504893 0.00135632178355191 0 0.0134941781271128 0 0 0 0.00365304972002302 0 0 0 0
0.0909639307635702 0.000353518188794588 0.000411088190125336 0.0037337326886914 0.0183357183759807 0.0664126787765162 0.0571874775058689 0.00625112942564912 0.00247042564864744 0.00287741275046597 7.9143246227778e-05 1.28785691018403 0.594545117552328 0 0.138934742340617 0.109228211093233 0.010676457301555 0.134370692453851 5.54741454683648e-05 0.000427588723949227 0.000162539523769892 0.000400598062281274 0.00224767330545884 0.138372426665373 0.00152952559750357 0.00127093805588697 0.00115756121280425 0.00230504524375761 0.0147678098166909 0.00198942795754819 0.0024909608285653 0.00387764764491366 0.00170879219614853 0.00163893012826198 0.00242418166134573 0.00209464535926668 0.00198637705843856 0.00457365696345544 1.13229270717532 3.51853927685167 0.00579479043838228 0.0003441198885209 0.00352647987038506 0.000997005069546633 0.00939832505417639 0.00364823287524793 0.115605919519624 0.00884151831531977 0.893707319786759 0.00116804081470839 0.000317155475235028 4.5461777525186 0.195001599502614 0.137798034705718 0.00174483157478771 0.00201280792940415 0.000181320181366173 0.000605530044422445 0.000939813768458224 0.000225397741867386 0.000687380687935567 1.83469493255505 0.00601163265408008 0.0962942944513216 0.00113132670559011 0.0187875801656667 0.00363330766826222 0.0671756574791547 0.0214144190181628 0.00402314151808524 0.0030645098347435 0.00490981722670706 0.00431817708041472 0.000663106170514585 0.00203843906298764 0 0 0 0.00287424953272582 0.0380082932027669 0.0100364326439077 0.000892005014260714 0.000160760998725307 0.000161170731922122 0 0.002648966226657 0 0.00233304605493414 0.00315024290306743 0.00947713176309393 0 0.000279747035510971 0 0.000283649873138699 0 0 0 0.00035399504687765 0 0 0 0 0.000345718080192481 9.62857894248673e-05 0.000810522138947941 0.0029963767866705 0 0 0 0 0 0 0.00357403132695188 0.00173111259776064 0 0 0.000103654891257268 0 0.000190398694381306 0.000787930648283041 0.000209265856309225 0 0.00263782867461534 0 0 0.00535993870711469 0.0143211337940294 0.00533053619801132 0 0.000129323018173396 0 0 0 0 0 0.0023264851631191 0.000435281414510068 0.000179179302361949 0 0.0380786189499492 0 0.00157878149497061 0 0.00420669255135361 0.000404256181006495 0.0002004677999792 6.47686270224433e-05 0
0.736019160735911 0.00035602693708221 0.00520901977078718 0.00651222485416731 0.247072806352379 0.115795987960146 0.151878549476632 0.0399795119360309 0.00976525533723506 0.00570352853212129 0.000170247365928891 0.208849874348774 0.0366698856791744 0.138934742340617 0 0.965027925316293 0.0107673028903733 0.0734461329828142 0.00100480795713043 0.000271583866444432 0.00112189219274358 0.000273971354798659 0.00279159541095062 0.0426505492598932 0.0134830619143773 0.00692527512102914 0.00699736171570794 0.00886646344867179 0.302586566442433 0.0114864432781228 0.00441387901770135 0.00475375137816772 0.000788419800844636 0.00253208471522003 0.000684199616400293 0.00279504627135024 0.00320892898786021 0.00685694180217494 0.0260724049710304 0.09054186130948 0.0093798753426162 0.000154450375528417 0.00248634824993699 0.000942788495770161 0.0451362716977927 0.0200546059906085 0.0276493335285224 0.0127299411611515 0.160459519803695 0.00112309647808499 0 3.34291446459353 2.75770870241392 3.27655017592007 0.00551650802305571 0.0230398712659727 0.000486342663148829 0.000862868766971648 0.00202870601132568 0.00237269123807299 0.000305765808219057 0.165897618786843 0.0027535768444167 0.0286111629208635 0.00386608783254096 0.0684669056485519 0.0162537797526808 0.697685640440396 1.18190567578909 0.00691807382227176 0.0125637887158618 0.00824300262756406 0.0105003757820661 0.00132922050584367 0.00511340040407737 0 0.000763076058999599 0.000365944595867968 0.00592171241763377 0.0963955228701483 0.0786349664574735 0.00572954047087357 0.000273244723444791 0.000144384170178058 0 0.0167842006390888 0.000361607087538771 0.00657494797833987 0.031338785549208 0.0645509874975124 0.0011335124176505 0.00115727885629986 3.0279643002333e-05 0.000380266648681519 4.76322795801777e-05 0 0.00032450235750246 0.00279045575101123 0.000494120983229806 0.000617039888751619 0.000877514943621625 0.000564017899889258 0.00337359415708126 0.00150570282030328 0.000751809461441728 0.00425974452713578 0 5.90138025848607e-05 0.00012749179415004 0.000104119536804181 0.000178519512999988 0.000265286387233218 0.00446931292954313 0.00925989362955419 0.000148543005875285 0 0.000132555190273248 0.000100315458509647 0.00150635896387685 0.00345004992909733 0.00056595180348866 0.000443274829974567 0.0121435606024159 0 0 0.0366810696732782 0.0415928869266136 0.0425537451306164 0.000597187179656859 0.000870198204748854 0 0.000700357850028748 0 0 0.000150509438100101 0.00629108795655668 0.00081515805916588 0.00115682345090724 0.00117560206558326 0.0922950073969527 0.00127994680013018 0.011591036556856 0.00321197348940572 0.00377096948723209 0.00212676516409806 0.00072034912062916 0.00093639631663439 0
0.506003394573254 0.00022213855990817 0.819880502309508 0.0323157528869503 0.762281894492328 1.44051706805957 1.55598395345239 0.966977320844256 0.0197598678145033 0.016034964772292 0.000113350726859386 0.180950808973078 0.0259851357062835 0.109228211093233 0.965027925316293 0 0.0254121521989652 0.0760832661600908 0.000823440296432348 0.00124564546079508 0.000444543112837702 0.000591108269387105 0.00931278783005674 0.0539625827030791 0.00849693980155077 0.0124776850293046 0.0415022484750526 0.00908775932825236 0.563391111342146 0.0934854508034756 0.0807123236089287 0.0072143608654149 0.00112503765484795 0.00298228297518011 0.0010732359753141 0.00346434065245398 0.00392144890077499 0.00628874630492906 0.0217085404982239 0.0644471966249268 0.0102908349466993 0.000685811932087774 0.00379545708008876 0.00241373394592635 0.110297633755512 0.314422418107143 0.0230327871196814 0.0194829157773621 0.225985845119056 0.00137881241679613 0.000195693827476718 0.295460325433837 0.650572397235362 2.44650523202208 0.0039795163306536 0.0168177117482209 0.000538988678001782 0.00197305470476043 0.00166647671957997 0.000863164002284061 0.00112911089294724 0.0490495485632582 0.0298659735679172 0.0557879572653317 0.00756494638695084 0.231816185168164 0.0176799839426411 0.142209665547534 0.793066006340822 0.265760573937763 0.0358969119433896 0.00670007244645006 0.012269911620724 0.00114130167670551 0.00767904182310828 0 0.0273623458302916 0.00376890607721584 0.00744901047406547 0.119786382593162 0.151776624555078 0.164670813111695 0.00332771894029226 0.00360210406221116 4.80124470695676e-05 0.0263467231089454 0.000826107693049951 0.00891952649197579 0.0672633462433715 0.339663683284847 0.00105898188813108 0.00281139796264603 0.000301714105337032 0.000210149574903927 5.05437128753175e-05 6.35584137238798e-05 0.00223746074988159 0.00468370806382037 0.00164694688472296 0.00126244639554557 0.00763828127932138 0.00156927469678845 0.0828220494603565 0.0113398516315243 0.00138176799286209 0.00309927851170033 0.000109073996326968 0.000296372571950087 0 0.000419313211254222 3.4300571434625e-05 0.00070420695400454 0.00272440433617443 0.00751968381163771 0.00175937459313706 4.37280354022985e-05 0.00012809161543851 0.000706725182989396 0.0179261103021809 0.0355349603928753 0.00208029827256004 0.000706587250129257 0.018022911344463 6.03308420116652e-05 0 0.0357179005126653 0.0384056231285853 0.0921792819257064 0.000742315329112156 0.00341481785951189 6.08169176616689e-05 0.000350165944513633 4.80277445214627e-05 0.000137641868425242 0.000160301300557362 0.00458375977007144 0.00138156455284809 0.00258209423404683 0.00275128444685481 0.253731199658164 0.00366835484975934 0.0209003612913841 0.0738416400570985 0.00517409579779477 0.0113544103574756 0.000933322885535606 0.00244246322471781 0
