0 0.000146221918407049 0.000398156832728813 0.000295506780095042 2.28019899122747 0.356499914902535 0.0218818136112066 0.00223167450559016 0.000283402328830236 0.000168062858718065 0 0.0146018778887828 0.101767050019911 0.326697917490887 0.727927136812442 0.441426756881809 0.00262005296259915 0.0275779759160331 0.000137791934580769 0 0 0.000321364135138624 0.000152400334892583 1.38151622749266 0.000202830766392881 0.000976422943250621 7.31233951073622e-05 0.000309708907361336 0.00268998089654366 0.00057578636900569 2.1049340123445 0.00236831084629846 0 0 0.000868211510939173 0.000404335574667285 0 0.000315797691269681 0.248634076253695 0.0148486255617502 0.000587556761857733 0 0 0 0.00152213002438283 0.00140068272328206 0.262002054223589 0.000804457099206597 0.202571073570984 0.000125777781214175 0 0.678269429723247 2.55987045228026 0.0377985664254775 0 6.12932911102531e-05 0 0 0.000206247859027063 0 0 1.92131352216525 0.198334142811792 3.169533512596 0.000668126383100134 0.133414888963471 0.00120219892147966 0.0132339848781848 0.000776281262129797 1.5606678627633 0.00237880441868134 0.000722538561525464 0.000641338336153438 0 0.00836250810539764 0 0 0 0.0134843088452308 0.0595554471444266 0.00880119645661607 0.000342745375914969 0.000336178847922156 0 0 0 0 0.000116928022876338 0.000952802543246773 0.00433447568357581 0 0 0 0 0 0 0 0.00162886801161481 0 0 0 0 0 0 0.00241944249798381 0.00216358283703827 0 0 0 0 0 0 0 0 0 0 0 0 0 0.000325894340781497 0.000452470546438832 0 0.000257230447040374 0 0 0.000465617458327995 0.00715667094865371 0.00125105792011808 0 0 0 0 0 0 0 0.00181497885868621 0.00379357009077588 0.00616745044481015 0 0.0478227516854448 0.000265978094839213 0 0 0.00708270484274406 9.89184101700753e-05 0.000268552929195672 0 0.000163441023961034
0.000146221918407049 0 0.000773636923995966 0.000287220620054478 0 0.000375736005852957 0.000135554952436288 0.000387456458698357 0.0055428415028736 0.0176819223705281 0.0628670665385935 9.95546917703068e-05 0 0 0.000389195695960152 0.000891242253697685 0.0133572713804155 0.00422715547044715 1.42900424599613 0.121053736050459 0.791146819316659 0.32833227595362 0.00428991655387566 0.000126356972392182 0.0152497218506914 0.00186420659624561 0.0124103620841686 0.000251838829191582 0.000909690308207117 0.0144606277532816 0 0.000393696989808045 0.00426757758240703 0.0101993453882335 0.00984726090231196 0.00581613073313198 0.144900822460212 0.0159118172055198 0 0.000157745290749238 0.00558656932367329 1.06495124159338 0.00960954431257711 0.541584957680604 0.00235492360226763 0.00165407607265401 0.00366227453054871 0.0341491203709221 0.00260455036662366 0.0528799536020158 4.97227968668805 0.000911567025127212 8.82130513218254e-05 0.000458989797719603 0.00249024696487451 0.0321852240725596 2.24360579673272 0.355722816140591 2.52618003481631 0.485527004789265 0.687779464732871 0 0.00043724471292917 0.000116267767962829 0.0902730690528722 0.101636936727136 0.00285167154001477 0.000720524133489284 0.000810571794156672 0 0.00530100206735065 0.205020778888758 0.065179095966217 0.00909931114179039 0 0.0118569635093776 0.000624307325313431 9.53977975758618e-05 0 0.000157918529858305 0.000193383683024586 0 0.000629328067180225 0.000881506389452724 0.0293973462404863 0 0 0 0 8.89166246905841e-05 0.000433190288143627 0.000505102229199493 0.00984737303971112 0.0285862329509955 0.00685147998653873 0.00322090777765606 0.000447350687743328 0 0.0060682936315094 0.000506273736764006 0.00626690507079598 0 0.00015850223117124 0.00895198976473427 0 0 0.00115004992988262 0.000676249324502614 0.00104463575513065 0.00121535447429399 0.00161564928116855 0.00148098363695828 0 0 0.00120361372446877 0.0235818123848527 0.000262586701591781 0.0384761567782081 0 0.000845967955202085 0 0.00188060175978868 0.000233409083039163 0.00461770339262991 0.00456328316721807 7.63150471146737e-05 0 7.13941333909517e-05 0.000729905609464898 0.0120723480852048 0.0261327996008248 0.0253307231182464 0.00717451343830708 0.0156250675957951 0.00728198149169543 0 0 0 0.0407133360252905 0.0190238474231771 0.000523859738213037 0.000109184971348983 0.000401560487746945 0 0.00371853825627166 0.00828569103303613 0.0102466892558317 0.000831220840510034
0.000398156832728813 0.000773636923995966 0 0.0133212228036131 0.000176229919530502 0.00763323680006085 0.0650409983925224 0.627786537235053 0.03847898076814 0.000557978591217739 0 0.00501846082847982 0 0.00102506654514777 0.0036642418439354 1.15328637741594 0.0303540782115532 0.00562296265345819 0.000866236989392877 0.00104212718347158 0.000359295253162611 0 0.0274983172383764 0 0.00741658439314366 0.0159975403521871 0.475505731946092 0.744237987840971 1.27019605076718 0.0633625879626844 0 0.00732185753898704 0.00163967675702376 0.000977614751219935 0.000193254041861398 0.00303160464025358 0.000514589363293873 0.0012955607211831 0.00100137473093124 0.00115016326964804 0.0112741951077059 0.000311143567924738 0.00049145403810249 0.000879436408179151 2.70809157679594 1.67328181020434 0.0015266878178496 0.0215665892037819 0.0449496219528757 0.000687637786488016 0 0.00584110731630023 0.00212415397930206 0.00894693073187725 0.00256242838242757 0.0414098555896025 0.000575202582285092 0.00404402533905181 0.00119516284626393 0.000499960815549261 0 0.00064977837861966 0 0 0.0105990301898581 0.267534262262798 0.939501526145923 0.00994705465550298 0.126972096098274 0.00171944625897733 0.0161319386517208 0.00240397439969796 0.00480592770074622 0.000681561242522943 0 0 0.174395865590532 0.00239805660195912 0 0.0012942201435064 0.00694538663668295 0.157976305948424 0.0207781108613825 0.00978653488487007 0 0.000868392582265304 0 0 0.00159025736677872 0.0419212538957887 0.000671112079378155 0.000500034691668129 0 0.00037868545676932 0 0.000146123417277988 0.000215497929438708 0.000137770759563231 0.00129220567175926 0.00203936486060285 0.00895241122376168 0.0122266896912346 0.0984744864269133 0.0115152808693838 0 0 0 0.000641986254029306 0.000238066732923189 0.000753304851092392 9.06769018847483e-05 9.75833046151882e-05 0.000234830536456289 0.000264290675062858 0.00566262121547388 0.000152305632056553 0 0.00168914923412543 0.0925301257554015 0.217434156634691 0 0.00105836619683882 0.00405369377889242 0 0 0.00192373905812259 0.000596776206573141 0.00382339999917053 0.00123130035180227 0.00606566079672315 0.000768586767700394 0.00112878755514416 0.000137198170014653 0 0.000186788190557098 0 0 0 0.0034456741053104 0.171938435031024 0.0337450580824721 0.00712064656600191 0.0446855324403964 0 0.0193403320544899 0.000272961561894344 0.00143536840639089 0.0012293809053266
0.000295506780095042 0.000287220620054478 0.0133212228036131 0 0.000150521869783309 0.000809623023367166 0.00683899112435785 0.0161108154655223 0.0025711906430966 0.000352834951499615 0.000305410885370144 0.689731762660193 0.000157087040794535 0.00400814762660611 0.0105528029295401 0.0387660669295036 0.11660493618561 0.0296591104618776 0.000685818448826859 0.000287536562600163 0.000139707175530438 7.00899150029022e-05 0.00318964363171424 0.000455514768208769 0.00488516304534592 0.493762535995763 0.0111437564671795 1.84242089538103 0.6292660167768 0.00318991622008165 0 0.00143444098543652 1.59905015208104 0.294116187957498 0.236161751043249 0.0329374750341795 0.0014821772513506 0.00318993195796638 0.000656413944729681 0.00380629147081113 0.0917876278839564 0.000335895774127126 0.000878007264498008 8.24614258318063e-05 2.85487042206492 0.00986961026184984 0.00185600704461022 0.160643880154141 3.01888702047027 0.00136071257924826 0 0.030120576658123 0.00192880164863588 0.0195006690189666 0.00274573006478214 0.0160472170803507 0.000581984877938878 0.00183632127923519 0.000955968406970997 0.00102719134429887 0.000180290522056904 0.00131449166533785 0.000224813393505698 0.000389758007794004 0.00275305814551648 0.0184335739947976 0.843882321491312 0.760765908415643 0.0594031675073122 0.000204629298466031 0.00255115185757714 0.0117742120742182 0.0168718665391451 0.0773594558177966 0 0 0.00144153992711667 0 0 6.63771093131864e-05 0.00213305510085692 0.00856661257279663 0.00155139786777789 0 0 0.00014126112592211 0 0.000161800554781312 0.000238121721456862 0.0031781832268731 0 0.000166744823035768 0.00011123489555797 0 0 0 0 0 0 0.000328559024827127 0.00122622391748477 0.000804474170281087 0.00138542412389379 0.00122298232968124 0 0.000133720094554356 0 0 0 0.000720801835102501 6.05822125792866e-05 0 0 0 0.000530872094369606 0 0 0.000151817253010744 0.00159923642551065 0.00422602696350729 0 0.000234178461726853 0.000228330333583222 0 0 0 0.000309233745389844 0.00109815336632552 0 0.00116940648196897 0.000222018583481465 0.000103684461158873 0 8.61425527107556e-05 0 0 0 0 0.000473723093635072 0.00712688120899042 0.00220091679819347 0.000132664092731979 0.00398633070153074 0 0.00164776098570809 0.000254499314808657 0.000386787136011358 0
2.28019899122747 0 0.000176229919530502 0.000150521869783309 0 1.01834334003093 0.0273999929343216 0.00400821994233229 0.000878861464521851 0.000413061542432987 0 0.00154431889361114 0.026520878970535 0.0348203917047177 0.625696398893018 1.83124489138479 0.000206106382387678 0.00646874319947726 0 0 0 0 0 0.077167275629115 0.000137084396277173 0.000120961575062087 0.000294694395709389 0 0.00036420149576231 0.000820163345687514 0.375824126328747 0.00147982317469306 0 0.000198970185399799 0.000429083523667693 0.000241969098296609 4.43912810147631e-05 0 0.100626333563286 0.00282395489077716 0.000236520523948111 0 0 0 0.000953308013340433 0.00348027123221037 0.179846720424671 0.000857075397077078 0.0892958408644888 0.000757529813933747 0.000285666959017753 0.0865492287986327 0.742990265316484 0.0224458931053031 0 0.000116292175132528 0 0 0.000214489648233078 0 0 0.155530306476162 0.0556621530731878 0.626425170849304 0.000733792918240651 0.117662893638775 0.000133104984008509 0.00289452299672763 0.000405620437131554 1.73007702869723 0.00198985974940191 0.000122687264144262 4.84968604667207e-05 0 0.00889873932929297 0 0 0 0.0114048147643776 0.0515825810719653 0.00959740443400391 0.000471609746237625 0 0 0 0 0 0 0.000978035367909757 0.00316919086168856 0 0 0 0 0 0 0 0.00118445550820016 0 0 0 0 8.55505926531993e-05 0 0.00343899951589218 0.00178963161424741 0 0 0 0 0 0 0 0 0 0 0 0 0 0 0.000726278891896838 0 0.000412055346052605 0 0 0.000567857932973199 0.00644039725724452 0.000942311127918541 0 0 0 0 0 0 0 0.00262092677712106 0.00520508279048861 0.00639742911144603 0 0.0447707106584512 0 0 0 0.00730060837698814 0 0 0 0
0.356499914902535 0.000375736005852957 0.00763323680006085 0.000809623023367166 1.01834334003093 0 4.35530452942756 0.120516366383863 0.0424967880351347 0.0140446165767939 0 0.0176955261920225 0.0190663906302848 0.0624629029978994 0.446481186394058 1.91450284110983 0.00403933520840563 0.0317385829778505 0.000275703778144538 0 0 0 0.000245215861425403 0.0337852547694601 0.00108367524282399 0.00172978320730797 0.01072138003284 0.00164373649256104 0.00601239414776619 0.0380809573294664 0.612001835804087 0.398294703352911 0.00019277450689556 0.000255047696044665 0 0.000655244387837036 0.000156310175529655 0.000254077670494519 0.0948931504038489 0.0247838072096888 0.0018372611030955 0 0.000261014724756327 0.00338211727518659 0.00605739052401568 0.135554127932423 0.100763378458446 0.0021620756045254 0.380574340286252 0.000460477050439927 0 0.218298390460965 0.528757349157707 0.18292467287012 0.000763325509468313 0.0032088260522837 0 0 0.000132602892508119 0.000110926095612709 0 0.0560827804797565 0.606396181658316 0.18112317421622 0.00954891720726454 5.96501037617594 0.00566152872661106 0.00685060170123288 0.00494924929280452 4.19240262665605 0.084274016427469 0.000141296644720965 0.0015552995692307 0 0.0540160316385036 0 0.000228245515816832 8.24553871833812e-05 0.110909214075295 1.10870334706603 0.363460388530444 0.0273118630612036 0.00104610482879841 0.0016957755441466 0.000113725174292079 0.00131467696085399 0.00095480456477887 0.00601016087236061 0.0222252903917031 0.0641552439956661 0 0.000233534742822637 0 0.000221789166101251 0 0 0.000361685257893367 0.00938599924040871 6.81086682386839e-05 0.000387079446080504 0.000321454119613266 0 0.00156066567729857 0.000641833705623117 0.0164647957649753 0.0199601450215398 0 0 0 8.66278718810337e-05 0 0 0.00411861164583274 0.00151615143023242 0 0 0 0.000159691446678817 0.000452669547673009 0.000720738388647001 0.0047630782619909 0.000287903465926624 0.00466707164890254 0 0 0.0158098435696627 0.0907865860300169 0.0301995601331996 0.000103233233717919 0.000692406789407723 0 0 0 0 0 0.0137730334843541 0.0266954233203652 0.0310612782557062 0.000249143017063795 1.24277141340034 0.000549844710056608 0.000782308812316274 0.000551058003602082 0.0401165007744707 0.0025411531807071 0 0.000351233290126797 0
0.0218818136112066 0.000135554952436288 0.0650409983925224 0.00683899112435785 0.0273999929343216 4.35530452942756 0 4.43426109136304 0.0603635181528483 0.0133968814873855 0.000389599303332998 0.108992216705202 0.00122520842709597 0.0364055634635389 0.185249385498688 1.2637280876876 0.01092016539692 0.0180917139699942 0.00100795978935527 0.00112925968012149 7.88096041691791e-05 0 0.00194887396691492 0.00154292812400353 0.00293523279349892 0.00635899266473909 0.0353065335347811 0.00947059965405305 0.042179967112907 0.0669202512140197 0.00333373883441142 0.0227462291860514 0.000589448715719081 0.000764315853360067 0.00123184291973244 0.00225477084895615 0.000374180489847767 0.00132205090571701 0.0083485146677722 0.029760852895541 0.00926514128617457 0.000228755283322647 0.000462239382925016 0.00138887655138938 0.04796922821678 0.545085800919981 0.00410380920074742 0.00297225386779224 0.299081884305189 0.00028721716451563 0 0.235254930871522 0.177934110548374 0.471588269345082 0.00219980722023105 0.0180843709373012 0.000399281851661295 0.00215357115328528 0.000756483177568884 0.000454585580282534 0 0.00862552578075151 0.00570203724077265 0.0047816088108252 0.0230279136225855 2.60162647049041 0.0267345158166332 0.0960810661004637 0.0605091345072367 0.0969163937678984 0.143757538380998 0.00485709067340402 0.00497209458646493 0.00051423144569571 0.00290300740045017 0 0.00741460217892963 0.00133110487715239 0.01495646548724 0.303530771102905 1.96447583320206 0.297623068189152 0.0081619826035502 0.00258453472495736 0.000140337767428576 0.0170696310221487 0.000822170888881812 0.0162995306206863 0.0521964727020051 0.174561352947338 0.000420043004128543 0.000352941210261261 0 0.000477689226630121 0 0 0.00174211225564559 0.000658330418748385 0.00063475076698097 0.000573897942756389 0.00271159796114745 0.00109648916301052 0.00974832054407069 0.00622526049196472 0.000204683080677918 0.00670136328399119 0.000333740615869164 9.79813741791638e-05 0 0.000215633477333934 0 9.93254711146498e-05 0.00412782304376873 0.0265195669466669 0.00129166070048379 7.26532059558086e-05 0 0.00074781625597033 0.00483716902416487 0.0253023560681907 0.00192398033973807 0.000336649004996161 0.0421093182292636 0 0 0.080444257792129 0.054261722102875 0.103531545171637 0.00166790907324557 0.00171393846863693 0 0.000301272916459299 0.000957761280272726 0.000839266783209105 0.000120198928162663 0.00316921513383804 0.00379105977547756 0.00187589626746023 0.00167164595254415 0.960120886085228 0.00306481334345887 0.0326570205541303 0.0199803958833223 0.00581253689692363 0.0100981676821799 0.000566818625060833 0.00112833677934722 0
0.00223167450559016 0.000387456458698357 0.627786537235053 0.0161108154655223 0.00400821994233229 0.120516366383863 4.43426109136304 0 1.28372120962305 0.0396794853447582 0.000403822438768651 0.0161788036797938 0.00020988302074414 0.00285400429231846 0.0237340063624613 1.35376128859106 0.0216727480582858 0.00722020023867484 0.00223108793679906 0.00333683638802048 0.000579181685067966 8.70879290961824e-05 0.00587809770100047 0 0.0117743047106645 0.0141602771338561 0.139595762793577 0.0299788161259064 0.277681510050094 0.247295313878484 0 0.00240617661871899 0.00371566208009454 0.0006215110446669 0.000489514709795569 0.00419942607067495 0.000830669453066955 0.00144165686860324 0.000904684211515822 0.00217701874820108 0.0213785396626857 0.000333380299167228 0.000465787687844796 0.00415824656765877 0.237780962031149 4.49552265066298 0.00102105832429792 0.00865513420867086 0.095958379779305 0.000945693269184325 0 0.0179904939017252 0.0118311012790928 0.0517247334174032 0.0032519184605239 0.0596226740913517 0.000670707954838368 0.00704430410639439 0.00138449464411616 0.00181821687234213 0.000774732342140219 0.000510653620083464 0.00125515109450932 0 0.0802981796621251 2.0570179447074 0.0878624016091826 0.0589924161994072 0.36087096444599 0.00614123655749555 0.707455353112029 0.0063467827797291 0.00956567426266821 0.00171434105898123 0.000668686400405599 8.49952600514908e-05 0.107368984081485 0.00431962789838013 0.000377678355379607 0.0147901697278279 0.277283900704079 1.04980429581089 0.0257453498033704 0.00678354445040294 0.000625465251935405 0.00365801581290899 0 0.00126983681960272 0.00638539167869472 0.223285374463285 0.00288617364235189 0.00106544354353741 0.000191046869192829 0 0.000304664355990289 0 0.0026854536702279 0.000300902620104238 0.00193601476145711 0.00236605797969013 0.0104017350825496 0.00706242405211928 0.131948543298906 0.0108515062470796 0.00110561150958477 0.00166513937305835 0.000578137584243256 0 0.000194015041040302 0.00131072729042358 0.000146472925745197 0.000306717032398586 0 0.00320718833813183 0.00581707747787026 0.000189202229634172 0 0.00129332984534328 0.0593474081290361 0.125373309153246 0.000379820548798836 0.00083312923189559 0.0132167489461357 0.000290414232744576 0 0.00847181720931922 0.00375027408721385 0.0279385947658067 0.00122679647095228 0.0064625943224951 0 0.00192966854587699 0.000219290673634298 0.00176828326730932 0.000162997360061231 0.000736429026510246 0 0 0.00308953559671768 0.618642519313405 0.0139188741136855 0.0291284535686518 0.156185083828163 0.000804032396206845 0.0164062916575281 0.00294244773205352 0.00214824935477397 0.00105900339712392
0.000283402328830236 0.0055428415028736 0.03847898076814 0.0025711906430966 0.000878861464521851 0.0424967880351347 0.0603635181528483 1.28372120962305 0 0.724489023583237 0.00163401036537249 0.000426446551216572 0 0.000386320292522216 0.00166452562242085 0.00666740653325892 0.00526867075757769 0.000133628908619968 0.00254641831742738 0.003941376974722 0.0010870804989668 0.00133842676005322 0.00640142152534678 0 0.0354752677237197 0.022764608955438 0.0726539417290016 0.00470060506795118 0.00238292580607358 0.808769727677029 0.000783666657575857 0.000193346076835963 0.00896262094361674 0.0033902753648638 0.00205160812029244 0.0222735763296503 0.00272278011321127 0.00208635241197323 0 0.000346746020141772 0.0307990925165194 0.00475945660646466 0.00139752568584813 0.0846072036982718 0.0096309823267708 2.50892947864065 0 0.0188849659997436 0.00505080315550785 0.0037795047795057 0.00406046006589041 0.00214131523622922 0.00276504776163246 0.0031671077600754 0.0279100885279889 0.0962646884857953 0.00686445833236645 0.0105229047664018 0.00556189570744686 0.0125438531395483 0.00455610417647915 0 0.00342320512289812 0.00239191472520166 0.490029540809084 4.22264939818946 0.0276377474539565 0.00204893046451808 0.00208656570860323 0.0069652647238563 5.70083963974037 0.0161126961772543 0.0173963002230397 0.0061980540281887 0 0.000966110188262105 0.0361140975664223 0.000142728971296857 0.000296297836431814 0.00073350612715673 0.00796411058900611 0.0190601683480312 0.126775109402863 0.0047489597614129 0.000311286422694311 0 0 0 0.00013772207147645 0.00140493828997738 0.00105987023229583 0.000197171691383748 0.00112379697224238 0.00121094041515876 0.000534883859974759 0.000693663655995196 0 0 0.00882901997171076 0.00255439521315819 0.0394798018016349 0.00865328392578744 0.00354819391507344 0.0767513291869098 0 0 0.00619076322437754 0.00249562510369486 0.000969867924726715 0.00929785334229885 0.00108207598632142 0.00138072804915626 0 0 0.0220987323454783 0.00156730889751385 9.92535669019131e-05 0.0028719867104316 0.0173028800260869 0.130185736480393 0 0.00988536680081682 0.00154987660800106 0 0.000283732961700034 0.000176296278782946 0.000118133650620619 0.000959529499284614 0.0127917320101917 0.0332617348047726 0.000881279705979142 0.00481449266427231 0.00125179992038561 0.0044057926597804 0.000302231585667535 0 0 0.00016198567783793 0.0141324708634933 0.502002315125388 0.02775376491956 0.00115895954603908 0.00270538349005449 0 0.14737624510861 0.00823754329785672 0.0140896632401743 0.00746088941069817
0.000168062858718065 0.0176819223705281 0.000557978591217739 0.000352834951499615 0.000413061542432987 0.0140446165767939 0.0133968814873855 0.0396794853447582 0.724489023583237 0 0.0431608033315351 0.000673678361224256 0 0 0.000870686638120311 0.000941355464655783 0.00161902068317634 0.00037191972313582 0.0179022156317532 0.0398156086323941 0.0076511750781595 0.620660015707269 0.0861558895083991 0 0.0283672024265879 0.00642294894155539 0.0113391130841886 0.000347421299375428 0.000116414217376515 1.17557806215622 0 0 0.00367192384628 0.00237725924883875 0.00225402131728564 0.0148404341810775 0.00293274988498206 0.0018829624778137 0.000852890305226395 0 0.0124419495580135 0.0176238262733352 0.000780860117121385 2.92117585814666 0.00114320546611128 0.0145193116368495 0 0.008479741423752 0.00113223495609212 0.00815347194452826 0.0137526161762817 0.000829774276987504 0.000937015849447446 0.00154102474378328 0.0234111992781255 0.0275103602926981 0.048355866065645 0.053030485307829 0.0155646078899342 0.0131415496443048 0.0288969552779851 0 0 0 1.82139605802166 3.28703398389907 0.00307332474174083 0.00172683747714613 0.000407943467513095 0.00225434363035818 0.324910045151452 0.0154967287463475 0.0192052090730666 0.00959892063734097 0 0.000864080540368545 0.00169698547178698 0 0 0.000824406255103153 0.00104722888260439 0.000567793898974555 0.00405441790076257 0 0.00210496422237734 0 0 0 8.30882564615519e-05 0.000334124950868643 0.000793522456541806 0.000314234899843877 0.00158581776374198 0.00305015635965356 0.000708699922301673 0.000472792919040583 0.000182875619438893 0 0.00252365281809405 0 0.00502773914168617 0 0 0.00907919479193413 0 0 0 0.000309139438543127 0.000321144617708047 0.00126394593748843 0.00046411672203861 0.000661033119385007 0 0 0.00110792106499075 0.002590976723305 0 0.00446321732344326 0.000328798168289708 0.00648096864128071 0 0.00178503157811358 0.000195215229272329 0.000202271236032026 0.000810449861970153 0 0 0.00046487066620856 0.000334011588344618 0.00476214893620647 0.0036683893121946 0.00264296404323298 0.000539314857851718 0.00461977847904688 0.00110302924204449 0 0 0 0.00411816705812555 0.019514356748828 0.00215030214507203 0 0.000984795409569694 0 0.0115867970459851 0.00283029616199779 0.00306519917070818 0.000559256726209503
0 0.0628670665385935 0 0.000305410885370144 0 0 0.000389599303332998 0.000403822438768651 0.00163401036537249 0.0431608033315351 0 0.000789479577756351 0 0 0.000177907640779971 0.000428520850621961 0.000516547139419522 0.000600590276110986 0.175169819645527 9.40982409203604 0.0104375730078796 0.812450496367056 0.00408914112628 0 0.00493168512666733 0.0011161071633404 0.0171831243262369 0.000259645642846362 0.000282519393093334 0.948706105145113 0 0.000734481519841332 0.00228617807671426 0.00407892913295872 0.00268433567283399 0.00408371385070983 0.00501224422587303 0.00304556639113076 0 0.0003505972094218 0.00259777831607304 1.06811163492985 0.0015467201635124 10.0186078840421 0.00127686889697101 0.00158609744630564 0.000513315046026655 0.00775452193325699 0.000495870584424872 0.00732976339304113 0.0479416399911023 0.000200181612127866 0.000224648026952271 0.000294273670085277 0.0018163467771294 0.0376384969441887 0.327206194812099 0.956994405333933 0.022698147203755 0.0169546301281955 0.0777282207840299 0 0.000333916003786468 0 6.0120625304908 0.423437800094904 0.00160973152419185 0.00068609784403719 0.000982983819287737 0 0.00168927262721675 0.0190352581969444 0.02103300020857 0.00414023015626027 0 0.010423575744887 0.000147996937672479 0 0 0.000106482495401621 0 0.000199075060982926 0.000388665973550084 0.00372819371874314 1.01031827500023 0 0 0 0.000132635672450653 0.00011663082184785 0.00117756723087566 0.000845235383317378 0.00960204777007575 0.0684257142493081 0.0101032386186053 0.413662187114672 0.000352071597990028 0 0.00478011607591695 0 0.00546007197810205 0 0 0.0488652589322401 0 0 0 7.26735401593882e-05 0.000264807881296569 0 0.0020965954806067 0.00120072839683845 0 0 0.000874463556013954 0.0399884069682122 0.000145803620206734 0.44238745828689 0.000343441886373599 0.000915691682080743 0.000671564351817228 0.00135088806779103 0 0.00415506270712016 0.0136994442136831 0 0 0 0.000306015066538982 0.00852570527225756 0.0296053169111126 0.0458059174488693 0.00866946595966225 0.0197249267983251 0.0543602396938901 0 0 0 0.12592418889324 0.0826144178357228 0.000627840362208977 0 0.000134714188414223 0 0.000849464472883429 0.00521350416090267 0.00598959149787208 0.00014691136177731
0.0146018778887828 9.95546917703068e-05 0.00501846082847982 0.689731762660193 0.00154431889361114 0.0176955261920225 0.108992216705202 0.0161788036797938 0.000426446551216572 0.000673678361224256 0.000789479577756351 0 0.00708600023270841 1.82133791825795 0.140330164410326 0.141577729496308 0.0143573752014523 0.0197879017168865 0.000820707875135299 0.000634791794595573 0.000178980693205946 0.000160328128002707 0.000777045848453443 0.0036406747732139 0.00466257434459661 0.0530785817691963 0.0067556846448442 0.0356554207189289 0.398520757788123 0.0046085987018998 0 0.000863053450211112 0.016690529946043 0.0346979922324741 0.105174670256188 0.0308254072546853 0.00314997507629566 0.00802053297694468 0.0322330696259759 0.751431934147926 0.0326029404966283 0.000230635411664168 0.00101303168823128 0.000446812100957645 0.258725774507823 0.00696253003017934 0.00511778786675395 0.0209176283014672 2.73899954798758 0.00253231006285195 0 3.43092161716906 0.0546073066899879 0.327203504380339 0.00466990012530857 0.0154991057365538 0.00197940700137193 0.00178905598755855 0.00205724050310762 0.00287946557966655 0.000298077211316816 0.0318364192882644 0.000428991971464926 0.00113807731401187 0.00305166375215988 0.040592652130638 0.0764532294126297 3.4988771509272 0.04476066602113 0.000458195854695431 0.0033889241858231 0.0302082883617231 0.0338149392622089 0.0079215326477821 0.000150445548113002 7.83208543000229e-05 0.000525522133840797 0.000740385180751396 0.000332674865439312 0.00682983357583874 0.0351065333233868 0.00752215454269303 0.000436544532339284 9.49370001658528e-05 0.000302168657714617 8.48103264237329e-05 0.000104354483889851 0.000628982217762281 0.00109552515224468 0.00816210514665558 0 0 0 0 0 0 0.000257944599529363 0 0.000352297591158915 0 0.000895267026362183 0.000432544255546251 0.000650976182766218 0.00101923926627972 0 0 0 0 0 0.000132681946943512 7.31278898263681e-05 0.000136430224591895 0 0.000648002053869846 0.000824412008890062 0.000198735753533008 0 0 0.000945446935690934 0.002232167806686 0 0.000188443241892752 0.00150408479905606 0 0 0.00232255819167305 0.00189157954479585 0.00402137350228347 0.000145914740532209 0.000769495002783929 0.00013944242648324 0 0.000497947331276697 0 0 0 0 0.000107221112850024 0.000415165516798397 0.0242993025981917 0.000794249224828163 0.00140851477029186 0.00141651416605185 0.000279432152570092 0.00109107284999679 0.000379069746347563 0.000295601577088266 0
0.101767050019911 0 0 0.000157087040794535 0.026520878970535 0.0190663906302848 0.00122520842709597 0.00020988302074414 0 0 0 0.00708600023270841 0 0.834977708468485 0.0184026437388591 0.00664007050100436 0.000457436299316563 0.00660214933322719 0 0 0 0 0.00088026641834027 0.3019964760862 0 0.000468125801025784 0 0 0.000388570412694276 0.000210837464975341 0.00136196728116475 0 0 0.000503464643287245 0.00126721453974871 0 0 0 5.08217938813333 0.0177958565761706 0 0 0 0 0.00014700637328979 0 1.68275153400754 0.000392894031411795 0.114056966347544 0 0 0.235289041118958 0.0502609140948598 0.00203236207848306 0 0.000147189608113422 0 0 0 0 0 3.87508818369686 0.0249735981555093 0.94371387847165 0 0.00430547467980087 0.000213334328750375 0.00435553562818369 0.000187584929967934 0.00412414925804132 0 0.000165834954364339 0.00033911212854414 0 0.000264287054110111 0 0 0 0.000242919218779441 0.00153204407023753 0.000550230318921603 0 0 0 0 0 0 0 0.00011357580246296 3.94720783174177e-05 0 0 0 0 0 0 0 0 0 0 0 0 0 0 0 0 0 0 0 0 0 0 0 0 0 0 0 0 0 0 0 0 0 0 0 0 0.000240122432980296 0.000237795707888715 0 0 0 0 0 0 0 0 0 0 0 0.000405973387580985 0 0 0 0 0 0 0 0
0.326697917490887 0 0.00102506654514777 0.00400814762660611 0.0348203917047177 0.0624629029978994 0.0364055634635389 0.00285400429231846 0.000386320292522216 0 0 1.82133791825795 0.834977708468485 0 0.181338907513481 0.0532989776161279 0.00338079180680771 0.0185940332188098 0.000161340657311101 0 0 0 0.000219739025163071 0.116152199272876 0.0012323206706828 0.00421305787519699 0.000637180551689756 0.00412580995500538 0.0182147595878676 0.000447563149303582 0.000606269785402559 0.000899647088761779 0.000689222180500673 0.000661803051068846 0.000754551079644589 0.00276918340975191 0.000740869022557281 0.00136266541215113 1.78871010265012 1.44145440529541 0.00676264019201469 0 0.000419938746310574 0 0.013104163015714 0.00180222240214716 0.0297131605172898 0.00319808735716593 0.517868804363259 0.00101139364694662 0 6.63495195872426 0.321462199177195 0.108844494705485 0.00154943044590799 0.00268623467532341 0 0.00027756256780382 0.000143221014209695 0.000377621311780537 0 2.04321925080227 0.00605254234962798 0.106457528630549 0.000370086030269498 0.0377517223061348 0.00903830197487983 0.168888134723828 0.00619757115912408 0.00740834213272934 0.000676577629349064 0.00573091745474353 0.00549849388768792 0.00138444634046627 0.000305693977276181 0 0 0 0.00201062950641078 0.0132816035124407 0.00985733471089423 0.00106059833568665 0.000400519256843756 0 0 0.000100677835014374 0 0 0.000292271210645712 0.00192503668101452 0 0.000375235814370692 0 0 0 0 0 0 4.62283533336251e-05 0 0 0.000155125623574351 0.000106122198752947 0 0.00012413786487186 0 0 0 0 0 0 0 0 0.000302285279389622 0.000153235538139836 0 0 0 0.000268603151537353 0.00045313186104918 0 0 0.000406373576568265 0 0 0.00142512971870691 0.00187877678216562 0.001079151410471 0 0.000115472455812509 0 0 0 0 0 0.00122482651690299 0 0.000157483814958066 0.000102517428724452 0.0166580444605801 0.000393467988980951 0.0005817912289919 0.000196500494325365 0.000469177099094539 0.000342942112832384 0 0 0
0.727927136812442 0.000389195695960152 0.0036642418439354 0.0105528029295401 0.625696398893018 0.446481186394058 0.185249385498688 0.0237340063624613 0.00166452562242085 0.000870686638120311 0.000177907640779971 0.140330164410326 0.0184026437388591 0.181338907513481 0 1.31240355219741 0.00829235725292954 0.0178037108817738 0.00114212830222609 0.000856392876172601 0.000121955034389007 0 0.000629322308939695 0.0712621910589295 0.0123677746698559 0.0161373212289841 0.00736793887739628 0.0212836275926871 0.310046115933113 0.00363660621315941 0.00606073464504344 0.00219604788974835 0.00074430433697395 0.00176382202291192 0.000621253125406934 0.00627052400973405 0.00380355859638819 0.00915222158612212 0.0560327184875643 0.0278432136295991 0.00519029475157775 0.000112596902939674 0.000678200373582219 0.000295245793842138 0.118767478208658 0.00737847054458489 0.0199480187939335 0.00278551562842728 0.350190769458675 0.00280970114659761 4.40945140958715e-05 2.75511521435202 3.87663762894597 5.27889742244348 0.00271283105091834 0.0331849676664851 0.000920400853560101 0.00287920655842291 0.00267181334020196 0.00255816996809524 0.000308816578875556 0.25731761484628 0.0068736040550255 0.0823353475035439 0.0038904656010865 0.217030638176913 0.0596539669879102 0.944517505840227 0.603769097196586 0.0269115155487527 0.00449849209821635 0.0184623514825853 0.0361340067271882 0.000987800713235039 0.00312432392922398 0 0.000414415850358798 0.000530436515940869 0.0072325918024949 0.081568669570284 0.110548434187425 0.025115767042488 0.00105246055385916 0 8.87973099335019e-05 0.00117529607889962 0 0.0017149978849862 0.0103019264953777 0.0417654325738027 6.30215773171454e-05 0 0.000229561293600624 0.000162876509869086 0 0 0 0.000909089045818372 0.000761091318438841 0.000252374236523984 0.000941245448516062 0.000240777068450596 0.00247934240678516 0.000937064670865791 0.000493683068825269 0.000657718586710688 9.20995499768167e-05 2.47820384315877e-05 0 0.000230590631934153 8.62700636899429e-05 7.76321036928406e-05 0 0.00138530025269815 0.000150553990237486 0.000160533275424752 0 0.000327792099555503 0.000865181528559855 0.00336783727370672 0.00026165737491339 0.000129336402076505 0.00355928564539685 5.32133482265365e-05 0 0.00910437675283527 0.0132484608264236 0.0158689654158779 0.000288643881142754 0.000800523343869906 0 9.49155117312122e-05 4.8003532325579e-05 0.000119751765860487 0 0.000497503064909432 0.0011916551392447 0.00208116116077056 0.000574817572018224 0.11255679100448 0.00112830455614568 0.00535423256101021 0.00406414113855553 0.000989093993325253 0.00123189773252141 0.000293737949078783 0.000428790285727115 0
0.441426756881809 0.000891242253697685 1.15328637741594 0.0387660669295036 1.83124489138479 1.91450284110983 1.2637280876876 1.35376128859106 0.00666740653325892 0.000941355464655783 0.000428520850621961 0.141577729496308 0.00664007050100436 0.0532989776161279 1.31240355219741 0 0.0257333708354402 0.0264697652911443 0.00227747698632217 0.0010545761775183 0.000176492806467575 0.000237095255245655 0.00879396751409528 0.0281638992823415 0.0202673107785332 0.0217631716123541 0.111944399225349 0.0461761932380905 0.889249521541168 0.028727375973892 0.17515312538674 0.00556343080562903 0.00268191147209457 0.00139944044085713 0.00130990031912164 0.00713800557182198 0.0024747585514889 0.00620931048890335 0.0237145542195699 0.0244402519125981 0.010400265111582 0.000508615941945738 0.000774186298096111 0.000753917746788882 0.314060811674512 0.336083211955888 0.0246397081231881 0.0109136639505949 0.41756316291632 0.00158668189960287 8.9176472296882e-05 0.252211705157298 0.494391421840841 3.17574715702926 0.00248694255389645 0.0625530756557902 0.0013195658193712 0.0035200422596365 0.00198688459608136 0.00218258172493529 0.000373319656831164 0.0215151479069417 0.0191512090056888 0.0968956406370204 0.00949477367775741 0.399994793883292 0.148551580587594 0.242271401578221 1.34290966592723 0.364098515696104 0.0109986827318937 0.0128571260722158 0.0284092074536751 0.00133890075309533 0.00286950587577386 0.000172470450811696 0.0161549409038336 0.00263300043450399 0.00647528146017421 0.0609202246113107 0.19149167385723 0.274206674105481 0.00541147416400604 0.0018646568521902 0.000112180858359936 0.00316261920776089 0.000246580892348806 0.00213969820670596 0.0172706842764849 0.182909834850018 0.00120317468890647 0.000949474591684994 0.000321757384829392 0.000112757655563574 0.000209529186534141 6.83529013556375e-05 0.00103260758596893 0.000875039246077102 0.00143609679434543 0.00114025155323651 0.00493841755123005 0.00293988948631937 0.0515101436315714 0.0053401482396328 0.000904141528148977 0.000564011080094513 0.000149863153715898 6.46746921749732e-05 6.40682945907678e-05 0.000504175677225487 0.000253107848292215 0.000353181571833145 0.000301478806898246 0.00249144292664245 0.00193078673779083 0.000122321573365102 0 0.000552308934081222 0.0204658286046645 0.0291255756821627 0.000369428824873808 0.000606550070200995 0.0111321666675315 0 0 0.0187749074499366 0.0148345223076991 0.0358639975760093 0.00069459091851891 0.00450871809260637 7.8392006028554e-05 0.00044824758422003 0.000235131566680529 0.000231506737979653 7.49475239731632e-05 0.00128886162995673 0.000713243359012911 0.00175163347908019 0.00152518998180682 0.207464022982107 0.00712675858516732 0.0187454954517628 0.0619575047412669 0.00171585337527873 0.00724600849142058 0.000660521192551375 0.0021865070593259 4.83953278359543e-05
0.00262005296259915 0.0133572713804155 0.0303540782115532 0.11660493618561 0.000206106382387678 0.00403933520840563 0.01092016539692 0.0216727480582858 0.00526867075757769 0.00161902068317634 0.000516547139419522 0.0143573752014523 0.000457436299316563 0.00338079180680771 0.00829235725292954 0.0257333708354402 0 1.28519375529678 0.00694729263391239 0.00431607348959176 0.00640650506106999 0.00546777140932689 0.45477463292976 0.000902757614169309 0.00952414242316902 0.0448700746462402 0.0164162876531192 0.0422063166480537 0.0414348714013093 0.00648008647570587 0.00145251524215628 0.0348503304297427 1.3103901435124 0.23857064330281 2.98059297605938 0.0612424263103546 0.0416787301033147 0.0348368577664115 0.00906484861357742 0.00521053666514799 0.359708970859109 0.00856944421724359 0.743622346667237 0.0135834246965582 0.161415045528641 0.0250791441839573 0.206046614394581 1.67833515810825 3.46282704893168 0.515437130116261 0.012931824261766 0.0112613335488922 0.00643770958328178 0.018891507750225 0.00669863068295148 0.0208497113553385 0.0173057239892081 0.0166446783242825 0.0140474905011123 0.0359639183911292 0.029430471678573 0.00221867762163668 0.0114837698095882 0.0153838056199806 0.0186495614696552 0.0179941847212066 0.0893912552451984 0.0184779404044638 0.0286276260867326 0.000814502369766854 0.00929357672714148 0.161141812375278 0.12595931185197 0.289633514943796 0 0.000112783792302829 0.00346993293789011 0.000429348862894816 0 0.00147144543587336 0.00406923031962595 0.00505826779098661 0.000764280394107315 0 0.000700882706847799 0 0 0 0.000240963767649505 0.00254042845551172 0 0 0.000302841446482428 0.00097977219472486 0.000334271520788728 0.000146045098752997 0.000510135209799326 0 0.00106144551753571 0.00080304247425628 0.00294822517399764 0.000877632538268764 0.00106285535739911 0.00296785182173667 0.000183305074848154 0 0.000577438940244736 8.61478332231189e-05 0 0 7.9301943687363e-05 0.000137245472906188 0 0 0.00253113454992861 0.00065811394347856 0 0.00135534197829606 0.0022515307365999 0.00677836645360718 0 0.000993707523197133 0.00046886255778539 0 0 0.000373514697019014 0 0.00128060313347719 0.00206351586605337 0.00241162278240356 0.00106684164409121 0.00149703618393758 0.000650714725104425 0.00129926240900212 0.000623218521342719 0 0.00132454818798311 0 0.00207619485454641 0.00975377869046925 0.00340303152329522 0.000723591181538023 0.00176480774665853 0 0.00310562979454202 0.000682349620499635 0.00178543658659363 0
