0 0 0 9.35445303290594e-05 3.99371134336815 0.361251999547461 0.0154775374847406 0.000786214203019662 0.000121342569166088 0 0 0.0013237294300109 0.00978869767590334 0.0986619367767019 0.547189831997248 0.283035990666647 0.00322979441711689 0.0228708635844778 6.73394474717051e-05 0 0 0.000122539271118285 0.000100831022581925 2.00310293504515 3.40618786316225e-05 0.000144840040726484 0 0 0.000228643378011782 3.5490337901129e-05 0.796677406282732 0.00285298606729706 0 0.000103155975158594 0.000278811042863389 0 4.96361793727966e-05 4.61671068008136e-05 0.102089156992977 0.0032120470593587 0.000577509111420764 0 0 0 0.000537544773229664 0.000582701962011148 0.256300783405872 0.00126600489436952 0.0797347792780303 0.000276862920238239 0 0.550827388660063 1.49196100330835 0.0190359467655644 0 0.000182163705746349 0.000115428949401651 0 9.78356605438827e-05 0 0 1.18412855728531 0.125349181414906 2.51961981457237 0.00025738672441615 0.0952556197586892 0.00044903256956944 0.00366254265510815 0 2.70151032680018 0.000850319705221484 0.000458065832890618 0.000529111704608877 0 0.00012365762851179 0 0 0 0 0.0187632610438581 0.00171715357595873 0.000228827034550219 0 0 0 0 0 0 0 0.000111321573054932 0 0 0 0 0 0 0 4.0851358906088e-05 0 0 0 0 0 0 0 0.00154280846533288 0 0 0 0 0 0 0 0 0 0 0 0 5.93678990049762e-05 0 0 0 0 0 0 0.00059438785528524 0 0.000462434500855487 0 0 0 0 0 0 0 0 0.000100547507009469 0.00182120464994729 0 0.00189315828918669 0 0 0.000142581898248888 0.00052512726991619 7.54401953169804e-05 0 0 0
0 0 0 0 0 0 0 0 7.53051172744752e-05 0.00103773709179503 0.0416686291122568 0 0 0 0 0 0.0112252737528762 0.00178944878477593 0.892929571376409 0.033503510873174 0.991533406950521 0.278621094579589 0.00117038042416808 0.000163995357000381 0.000315754933804505 0.000134400181299043 0.000304640692441802 0 0.000309620252181504 0.00110058525199723 0 0.000143593428701866 0.00047662004847804 0.000588552699116261 0.00176734788516086 0.000133400666005267 0.0130536829881641 0.00702579967964543 0 0 0.000787255971060399 1.00209575683272 0.000977133931092145 0.418252893092177 0.000348732479948528 0.000223123142188975 0.00179966099429566 0.0113196915358667 0.000502254831483105 0.104147391294613 3.50166121774084 0 0 0 0 0.00330740106336221 2.70640410660357 0.13230370003265 1.39241294940827 0.511412059490257 0.742943195771138 0 0 0.000348122806794037 0.0284702811527438 0.0153652335155031 0 0 0.000230912001494478 0.00013304619897783 0 0.812064499468466 0.078295151552305 7.07838761982841e-05 0 0.000617243550150187 0 0 0 0 0 0 0 0 0.000698948915984141 0 0 0 0 0 0.000441806524938797 0 0.000113039391711251 0.000611992905699649 0.00017843652254123 0.000134870453112534 0 0 0.000549278904424017 0 0.000154591774044113 0 0 0.000352714787597847 0 0 0 0 0 0 0.000163842106121646 0 0 0 0.000893067131482416 0.000320463105300049 0 0.00266561769289289 0 0 0 0.000481020819239677 0 0.000210703689983764 0 0 0 0 0 0.000786916918764865 0.00110132347927518 0.000474784793583871 0.000315734233685 0.000539220378547806 0 0 0 0 0.00298468001019687 0.00194176120944755 0 0 0 0 0.000565741608784115 0 0.00115629603109946 0
0 0 0 0.0011600137301582 0 0.00161409519398434 0.0222225271179756 0.682096983497028 0.000816324407049308 0 0 0 0 0 0.00219962134975159 0.406965019103081 0.00148431319475352 0.000373861119342678 0 0 0 0.00021736002793658 0 0 0.000809424715558789 0.00478933086227162 0.0664787525463785 0.877709073129376 0.446503946407249 0.250832170739071 0 0.00156439325962767 0 0 0 0 0.000181020201986412 0 0 0 0.0128702919259646 0 0 0 4.27301513652307 0.90194151416172 0 0.00294219686317083 0.0137992561943999 0.000424978876072048 0 0.000944189573056449 0.000825691713680712 0.00893313832719839 0.000724202853182974 0.009592796109548 0 0 0 0.000455631912550492 0 0 0.000141543515127376 0 0.000465936710698847 0.0319823451166733 0.506723118900676 0.0052656590790373 0.0691249979195159 0 0.00824037387898069 0.000689902438226286 0.00193040385757459 0 0 0 0.00693495105587342 0.000715227326396652 0 0.000705411139206907 0.00284351216532287 0.032093566584461 0.00330298512697475 0.000301576176600562 0 0 0 0 0.000110001849479712 0.00305710979968236 0 0 0 0 0 0 0.00061819147762281 0 5.00986801674416e-05 0.000240162371547015 0.00056165229541743 8.52544076134715e-05 0.00312131598397524 0.00117653226979492 0 0.00060468471647486 0 0 0 0.000270478635657576 0 0 0 0 0.00161730998206056 0 0 0 0.0247230107160387 0.0235322708519202 0 0.000395657530074004 0.00122410841682606 0 0 0.000562060577969085 0 0.00226537433884881 0 0.000752245414189032 0 0 0 0 0 0 0 0 0.000448482835740283 0.0150277393140011 0.00439867858461915 0.0012576074388081 0.00724346745159048 0 0.00384818164999906 7.5306303603299e-05 0.00023638191161952 0
9.35445303290594e-05 0 0.0011600137301582 0 9.39313803481612e-05 0.000263298379578037 0.00553825600290339 0.00973246880704091 0 0 0 0.768666455717432 0 0.00140162499561279 0.00259545071015828 0.00738004656329931 0.118173445520328 0.00182106286589538 0 7.29123927308631e-05 0 0 7.60316378102871e-05 0.000106938768536201 0.00678985709182911 0.670934060063977 0.00199272235401888 1.47758892720179 0.580291952016972 0.000961047782354058 0 0.000416326732817802 0.299202622540324 0.145155522502117 0.00630973596792661 0.0327867857883019 0.000668392495895619 0.000719380848220074 0 0.00661162053587259 0.10603356771585 0.000206226563553577 0 0.000143747361784832 2.61393188310056 0.00561207200363638 0.000237739420805873 0.0895113054885734 2.25089772201889 0.00127324804509707 0 0.0373466993685351 0 0.00768718926978823 0.00959915720694774 0.0130422840716579 0.000681422611095522 0.000144611443073309 0.00259864687896101 0.00341777694680466 0 0.000304494184763778 0.000112618252357703 0.00035115911628587 0.00173277176176669 0.00258744171157178 1.20013470597058 1.26693233626318 0.0160799325623515 0 0.000570899824348737 0.0109381972538061 0.0460130144505623 0.0634850817344878 0 0 0 0 0 5.43286568415683e-05 0.000470977699273591 0.00249035819915033 0 0 0 0 0 0 0 0.000526079204615958 0 0 0 0 0 0 0 0 2.99802755060101e-05 6.87405226128439e-05 0.000293291427031026 0 6.42964274128344e-05 0.00025796797609004 0 0 0 0 0 0 0 0 0 0 0.00106211266221362 0 0 0 0.00105408919776857 0.000971166852794877 0 0 0.000330001126831172 0 0 0 0.000106168382253479 0.00013129085020529 0 0.000354995527447218 0 0 0 0 0 0 0 0 9.2589225581031e-05 0.000325995813158032 0.000318866907811298 0.000376183735471187 0.000723054168001631 0 0.000631838176837322 0 0.000210322620735157 0.000164279570547743
3.99371134336815 0 0 9.39313803481612e-05 0 0.163217015643304 0.0048233931157412 0.000268152724012139 0 0 0 0.000367378711297415 0.00245811253201586 0.017226052956984 0.715964090173254 1.26815025150754 0.000838607537308395 0.00788469446469668 0 0 5.01076344474067e-05 0 0 0.147801942111774 4.9128168581665e-05 0 0 0 0 0 0.323894534260674 0.00360854283443676 0 0 0 0 0 4.2013440429871e-05 0.0221925320455572 0.000785417475956562 0.000212913660974784 0.000176064153813671 7.8527002251532e-05 0 0.000436566745667489 0 0.109740683567064 0.00102054018659917 0.0266455218762314 0 0 0.0909385921338615 0.903380983475308 0.0182474364584246 0.000211844661073553 0.000132887237836395 9.22923320979298e-05 9.31451417492254e-05 0 0 0 0.0470985162212932 0.0173878768621634 0.413775346807248 0 0.0242676438450472 5.81148229738468e-05 0.000588989681664305 0 3.00191500253228 8.74647850352232e-05 0 0.000229392859193595 0.000651172721039109 0 0 0 0 0 0.0037728425777184 0.000185740618237647 0.000142691775273996 0 0 0 0 0 0 0 9.51746313430967e-05 0 0 0 0 0 0 0 0 0 0 0 0 0 0 0 0 0 0 0 0 0 0 0 0 0 0 0 0 0 0 0 0 0 0 0 0 0 0.00123583375708555 0 0 0 0 0 0 0 0 0 0.000416778878652747 0 0.000929300075780001 0 0 0 0 0 0 0 0
0.361251999547461 0 0.00161409519398434 0.000263298379578037 0.163217015643304 0 3.40044032630653 0.0835250168903999 0.0083105536395005 0.0167837849140085 0 0.00444614879511571 0.00656465496612218 0.0347028266218875 0.215738167366186 1.15081933222913 0.00839164857074744 0.0364336362134441 6.57677385515962e-05 0.000128993010861435 0 0 5.15690406091111e-05 0.0715102627551017 0.000660277077353232 0.00068468086845519 0.00272228043778673 0.000149236196207138 0.00336746361465606 0.00650696240838601 0.556023360221116 0.451547967034901 0.000409194092639842 0 0.000213332666171203 0.000347353386822227 7.4994366713238e-05 3.52001976988375e-05 0.0654714055800422 0.0118977231012708 0.00353943833687935 0 0.000128807085637652 0.00657730048730251 0.00918328788064345 0.0304932966140369 0.248039996832368 0.0027103500309155 0.353167325880629 0.000848153935890758 0 0.243044277900571 0.577359518191214 0.137136774692942 0 0.00499676158554245 0.000124857153531591 0.000858647474074381 0.000197371536560266 8.41291246975202e-05 0 0.0430151231198062 1.90445671218748 0.452771711251717 0.00951322086496605 2.8080607761883 0.00311488046765938 0.00802737928421901 0.00493232627959308 2.84535506744535 0.0414258744008091 0.00121769498281936 0.00207526773121262 0.000256065937157309 0.00999333295036568 0 0.000116348126170522 8.14774092395484e-05 0.0182824518400951 1.92181047110696 0.194942612781196 0.0394101249443633 0.00193910621016438 0.000973079241920236 0 0.000333873321001991 0 0.000959888212094168 0.00272890467607687 0.0194085974071573 0 0.000642275526258135 0 0 0 0 0 0.00398335905510706 0.000218854830308313 0 0 0 0.000747393858170832 0.000841360798130124 0.0171428694933902 0.0340917876563932 9.75322188202761e-05 0 0 0 0 3.61076960166324e-05 0.000401987310925458 0 0.000317514877563388 0 0.00010006872402128 5.72531724041953e-05 0.00198033950019887 0.00123222371775145 0.00221077492217979 0 0.0120152903755445 0 0 0.00407553093330233 0.00703318766763327 0.00762561558535325 9.46853513738855e-05 0.000364419056603783 0 0 0 0 0 0.00163447266593718 0.0167017401457553 0.046584182563063 0.000638061047635772 0.232173434656441 0.000124691543609279 0.00300793397866723 0.00248241491074571 0.0455314308228566 0.00191658797322954 0.000102142387704168 0.000113380081329818 8.7213315711915e-05
0.0154775374847406 0 0.0222225271179756 0.00553825600290339 0.0048233931157412 3.40044032630653 0 4.04648745594406 0.0260482191056233 0.0306525745768801 0.000315311131605144 0.032603429864207 0.000140176751919081 0.0224358831360145 0.229565411875362 2.29696563346835 0.0183852184832821 0.0158530337718165 0.000791689196064337 0.000463144559475175 0 0 0 0.00146493757989852 0.00617962870569851 0.00589930685476171 0.023832789325712 0.00678474606735302 0.04145109218036 0.0325971978580045 0.0001919176478448 0.00211748944995946 0.00148472237945527 6.86526167549464e-05 0 0.00166050075640463 0.000517198029977012 0.000300593524844739 0.00515916843806009 0.0388487182923653 0.0135536377540797 0 0 0.006633910914696 0.104955816792033 0.343427560762507 0.0155389941603992 0.00506420637887698 0.598705096819627 0.000287342087758685 0 0.284472371799699 0.192365071256238 0.848067122816394 0.00167956751043585 0.0461728852545828 0.000712495320386529 0.00461852266600423 0.00165606911859231 0.00145943274045751 0.000356374835966535 0.00322030007524466 0.00851608351441875 0.0128417492236276 0.0302612290119113 4.78894449906912 0.0372467175841467 0.143203261050636 0.100244853558249 0.0515664339928413 0.199486277155355 0.00559641787667253 0.0116706359667091 0.00146733841918851 0.00231856376177528 0 0.000574713731618624 0.000311348012707795 0.00480531732206442 0.648529455627862 1.02555693090376 0.257601191963326 0.0114853874970454 0.00228185420349192 0 0.00226894259517237 0 0.00015874665714819 0.00755033877585175 0.0472886325951732 0.000993637884189359 0.000305582407031871 0 0 0 0 0 6.70917367783133e-05 0.000397703853331809 0 0.000166855466242973 0.000209727704524244 0.00441982376191448 0.00405442796173601 0.00119524509098465 0.00821832002285004 0 0 0 0 0 0 0 0.000629989275062026 0.00152259055204293 0 0 0 0.0105923223356256 0.0137445402347965 0.00186270774184844 0 0.0508235912706384 0 0 0.0230362136452724 0.0123089780775856 0.0601221502199472 0.000343275523833767 0.00138233177045226 0 0.000413574406311623 0 9.95438624270123e-05 0 0.000845797341931416 0.00122199088474368 0.00475336397047785 0.000911976592508663 0.509262509979257 0.00199331365405912 0.023490299620388 0.03840003546671 0.00299528087892435 0.0136996585215623 0.000527655427630684 0.00119788168602001 0
0.000786214203019662 0 0.682096983497028 0.00973246880704091 0.000268152724012139 0.0835250168903999 4.04648745594406 0 0.578555949472816 0.0250437114588529 0.000246730484669905 0.00145386249939845 0 0.00023125520666058 0.0138079048693361 1.15678316640978 0.00818644005696103 0.00306142083380285 0.00114305109290901 0 0 0 0 0.000111525383311925 0.00544292607348058 0.00377218473648768 0.073231445376964 0.0161572216168713 0.122362092024665 0.123999136719277 0.000117446505334762 0.00271856387245632 0.00215821692850107 0 0.000226448023440866 0.00153897411067314 0.000625548329865938 0.000241235762553326 0.000336313946963243 0.00171032084186542 0.0129850785907333 7.9021635926893e-05 0 0.00500739748760267 0.370954009532024 4.82695374188022 0.000782490108356473 0.0056544384640318 0.106089978414209 0.00202840734255593 0 0.0152469046468761 0.00361945558911317 0.0637902492732227 0.00236210958260871 0.0913902253344371 0.0024004662173089 0.00790569771800328 0.00241176305074109 0.00212850375255572 0 0 0.00143574249976493 0.00142427107418464 0.0743877104457187 3.17596921093252 0.0944559513707692 0.0484662731084408 0.164964620715463 0.000667942128514233 1.25205313234201 0.00476506785868426 0.00938038658231262 0.00281032658488532 0.000814088033062932 0.000179296240432329 0.0142082450328173 0.00177027945039517 0.00016341947090004 0.0406681024168873 0.160859861102224 0.40502351788604 0.0343792091593887 0.00147729128229707 0 0.000370456706609579 0 0.000338627256044859 0.00205841257692153 0.0648449908196908 0.000852705364196436 0.000307168639114098 0 0 0 0 0 0 0.000858957229075494 0.000826402685490304 0.00269344801403301 0.00139582504727365 0.0278261944681922 0.00609600368628801 0 0.00190695777576608 0 4.40343194439939e-05 0.000278181209208207 0.000297969198329168 0 0 0 0.000223656724553429 0.00498266552709979 0 6.73766289708715e-05 0.000214113983719556 0.110351053266278 0.0731884877180255 0.000451970221213776 0.000675365287466903 0.0328413821129138 0 0 0.0143445222490175 0.0017155268194966 0.0300901935927638 0.00158584312369012 0.00468096112967525 0 0.0014507629012859 0 0.000203372905042516 0 0.000137265123738213 0.00018121607594211 0.000627994911940825 0.00289387497096786 0.240327056577511 0.00543730412896185 0.0266128708211707 0.152877924127706 0 0.0223471966174664 0.00104210638670089 0.000762479833453967 0.000218030760247985
0.000121342569166088 7.53051172744752e-05 0.000816324407049308 0 0 0.0083105536395005 0.0260482191056233 0.578555949472816 0 0.52978257603733 0.000938069559854333 0 0 0 0.000431315991700083 0.000809800375400649 0.00218517152704262 0.000631587225017683 0.00149366591006148 0.000597120564677443 0 0 0.000356907583470433 0 0.00469681655275994 0.00283845550564963 0.0162433484389581 0.000572893746322464 0.00032981955585147 0.834178027637625 0 0 0.0106930608686119 4.37410248545036e-05 0.000281351844774541 0.00278634260760342 0.000616119530254739 0.00104130040527294 0 0 0.0238673940278881 7.97168243811411e-05 6.86322672132072e-05 0.0182063124161853 0.00208209170031823 1.44042910653385 0 0.0122143860955902 0.00092658154094029 0.00120150980663833 0 0.00135587431437002 0.000112009485266989 0.000620476529114298 0.00349205033923672 0.0539897466313922 0.00429768241056578 0.0109619786175842 0.00185478945336059 0.00083924709720286 0 0.00104257311336164 0.000193480043618665 0.000132205575184836 0.653770257752334 2.22556473635866 0.00685012954488898 0.000459634021613836 0.000516613425736306 0 5.75709577316573 0.00425557422675818 0.0203438541823733 0.00908399522716354 0 0.000162026821913883 0.00295852227143293 0.000199127010055963 0.000135679257033628 0.00175783983215029 0.00375275748695539 0.00798121312351596 0.128717353970659 0.00181449115766489 0 0 0 0 0 0.00142668833730668 0.00097249760335695 0 0 0.000225429199810674 0 0 0 0 0.00174880958104735 0.000630546733899272 0.0023472568176082 0.00083054471019658 0.00074034554688517 0.00838542761022414 0 0 0.00115347504777005 0.000162821845648858 0 0.00136263560793201 0.000207772526295801 0 0 0 0.00819362794040788 0 0 0 0.0118341044145885 0.027024124559465 0 0.00618818835277826 0.000152946904744726 0.000438446123871873 0 0.0006972003642715 0.000149132178016114 0.000451772318520558 0.00657903741750863 0.00787713130899849 0 0 0.000313108880718177 0 0 0 0 0 0.0076976974441011 0.239693447080934 0.00548869674910961 0.00105428142928138 0.00130325397687314 0 0.0278969740062083 0.00112434154573328 0.00395484290868533 0.00127621128976729
0 0.00103773709179503 0 0 0 0.0167837849140085 0.0306525745768801 0.0250437114588529 0.52978257603733 0 0.0249056031613471 0 0 0 0.000245775597842642 0.000322674975408401 0.000758667391200528 0 0.00143745819728951 0.0034527249405467 0 1.81821415607559 0.419014469165881 0 0.00089684340961502 8.52306515696085e-05 0.000801545070606528 0 6.58004572276017e-05 0.489680781312728 0 0 0.00136199095300036 0 0 0.000638529719559078 0 0.000399140424382006 0 0 0.00227720936767857 0.00469945520103092 0 2.67561610935617 0.000727669790368061 0.0026020717107693 0 0.000697725930062669 0.00121455870846515 0.00242452231423712 0.00505042702484472 0.000575750952479773 0.000214390352069604 0.000940416200730088 0.00151646847615261 0.0106830575879019 0.0177651239447284 0.0141244178493983 0.00140475264800663 0.000728987969717734 0.413984604395414 0 0 0.000117198629414761 0.979242257420805 2.81451930790659 0.000467145095573518 0.000115168431948373 0.000280603011097251 0.000581632232268162 0.141993458361863 0.00323985933033964 0.00350907789998775 0.00307261122119597 0 0 0.00160146288184253 0.00036431174984972 0 0.00339318436512482 0.00545718930868739 0.00366241062481173 0.0287102895617555 0.00103482285027039 0 0 0 0 4.89149313700828e-05 0.000830805953789265 0.000432673281528982 0 0.000101335231161875 0 0.000188270239195217 0 0 0 0.000817601619554414 0.00054242982533541 0.00171430844485711 0.000245702953995437 0.000701612003365862 0.00315739771591382 0 0 0 0 0.000560999477989543 0 0 0 0 0 0.00540432989099007 0.000104390408716425 0 0.000891801452994228 0.00949919221338924 0.0157677871574468 0 0.00412647519426808 0.00142823710563999 0 0 0 0.000640859768816367 0.000351188752801433 0.00491797668892901 0.00433537885467472 0.000837356337351963 0.000278772701750869 0 0 0 0 0 0.000138242118921997 0.0074486838251182 0.0327911591521561 0.00374910701568769 0.000201231738147003 0.00219478810093581 0 0.0150295129121525 0.000601388389393652 0.00175276558571848 0.000804249584294675
0 0.0416686291122568 0 0 0 0 0.000315311131605144 0.000246730484669905 0.000938069559854333 0.0249056031613471 0 0 0 0 3.89177561520172e-05 8.78508193900367e-05 0.0035286127584993 0.000379295404904392 0.0520564163094828 2.67229956381184 0.00210657560701192 0.937216846532355 0.000388115593019402 9.72175754178103e-05 0.00143880548086065 0.000545429997145743 0.00151544752016378 0 6.92590326269674e-05 2.35907486581074 0 0.000269181836911714 0.000648901249642916 5.3978656142659e-05 0.000515883874144876 0.000141836662635514 0.00333999605236021 0.00236363954041355 0 0 0.000301375237227997 0.349686301254107 0.0001262316769574 7.68335350413978 0.000445891377705456 0 0.000755687073439054 0.00445534971289861 0.000418935616708521 0.0123549342855712 0.079032152348738 0.000163178990223861 0 0.000358021540692309 0.00020981722739434 0.0330786058207468 0.252068202155088 0.710425904481085 0.00967021059443863 0.0155277847967725 0.0566807537789178 0 0 9.38570664430448e-05 9.53282346807518 0.126488845410878 0.00010687423374111 0.000236409835902292 0.000119349933933692 0 0.00170640880919678 0.0137646975284771 0.0153313290211901 0.00107525093934438 0 0.00108207798504969 0 0 0 0 0 0.00038361156381843 0.000137657471873942 0.0103489424091388 0.790609650362635 0 0 0 0 6.77157725035306e-05 0.000617318212708988 0.000182285974048743 0.00267570010273316 0.0246928263865084 0.000594293233941405 0.289119460967113 0.000273090506811013 0 0.00149732135142327 0 0.000197602025802102 0 0.000168829042508805 0.0357992977934773 0 0 0 0.00015323263696309 0 0 0.000179393030870141 9.12176094250011e-05 0 0 0.00194451699005277 0.00727426284376009 4.41960154672085e-05 0.482767850878109 0.000100474497623175 0.00111459292470392 0 0.00126773098153617 0 0.000674371854164054 0.00197556811333153 7.52911828544138e-05 0 0 0.000535129280881388 0.00314859398984332 0.00869213956956849 0.00743257843380122 0.0012584754425662 0.00374554326378172 0.00353042476077314 0 0 0 0.0959269731755364 0.0182519989254987 0.000182711939950727 0.000150202929903833 0 0 0.00282733318871875 0.00283184574729134 0.00598514675109144 0.00070341854598082
0.0013237294300109 0 0 0.768666455717432 0.000367378711297415 0.00444614879511571 0.032603429864207 0.00145386249939845 0 0 0 0 0 0.973684102958297 0.0309795961424879 0.0147288607004148 0.000839816340115467 0.00901683487525633 3.92952968330303e-05 0 0 0 0 0 0.000936600844220665 0.00133962974403319 7.94783464408422e-05 0.00175427504366371 0.173051989649147 0.000261107683421659 0 0 0 0.000116099631162823 6.40158147514731e-05 0.00121501411233389 0.000182698247858711 0.000599553947638329 0.00140639472501356 3.55388788398856 0.00535344668292953 0 0 0 0.0209026452981418 0.000448763108575528 0.00471287075967809 0.000537439021192254 1.4049446659348 0.000112752379570511 0 1.40589212008258 0.0155797676880446 0.0478672454679022 0.00056295561761498 0.00108435225350061 0.000133915004611827 0.000115492165509601 0.00103969992034424 0.00105959983617516 0 0.00117023170676601 0 0.00157914052304085 0.000118177202591851 0.00305110681727781 0.00313034542729248 2.71969557901475 0.00358464480018617 0.000123210705962874 0.000242049758606422 0.00291739951163584 0.00425902204671129 0.00120699843395913 0 0 0 0 0 0.000486413541520191 0.000316183415266708 0.000625400929141614 0 0 0 7.03998114880006e-05 0 0 0 0.000128597607289911 0 0 0 0 0 0 0 0 0 0 0 0 0 4.8886958227929e-05 0 0 0 0 0 0 0 0 0 0 0 0 0 0 0 0 0 0 0.000117044418207271 0 0 0 0 0.000155879338262029 0 0 0 0 0 0 0 0 0 0 0 0.00169987989769357 0 0 8.75297884172978e-05 0 0 0 0 0
0.00978869767590334 0 0 0 0.00245811253201586 0.00656465496612218 0.000140176751919081 0 0 0 0 0 0 0.565768118952672 0.00168647401441615 0.00073455466780459 0.000233481428571332 0.0798789820258793 0 0 0 0 0 0.176519909659884 0 0 0 0 7.50953062383696e-05 0 0.000183271471365425 0.00137313548360773 0 0 0.000303360798035585 0 0 0 3.11922170528681 0 0 0 0 0 0 0 0.801032366236507 0.001403873927219 0.0391913788922159 0 0 0.0417154930255808 0.00754090149094958 0.000785638905680063 0 0 0 0 0 0 0 1.80705128429332 0.00112851305019186 0.115171267037704 0 0.0019948728578106 0 0 0 0.00249957660260839 0 0 0.000413198790540175 0 0 0 0 0 0 0 0 0 0 0 0 0 0 0 0 0 0 0 0 0 0 0 0 0 0 0 0 0 0 0 0 0 0 0 0 0 0 0 0 0 0 0 0 0 0 0 0 0 0 0 0 0 0 0 0 0 0 0 0 0 0 0 0 0 0 0 0 0 0 0 0 0 0 0
0.0986619367767019 0 0 0.00140162499561279 0.017226052956984 0.0347028266218875 0.0224358831360145 0.00023125520666058 0 0 0 0.973684102958297 0.565768118952672 0 0.0565681251486871 0.0160031701021317 0.00127416645169013 0.00547004003674034 0 0 0 0 0 0.0555011778466967 8.3723706321627e-05 0.000275336048446209 6.06862362669859e-05 0.000133621959735744 0.00362268556834522 0 0 0 0 9.69146903945285e-05 0 0 0 0 1.88970283608849 4.66276286041429 0.00219879275655488 0 6.2492398249825e-05 0 0.00228185203114261 0 0.0416600861743318 0.000674750794159512 0.528712465256311 0 0 7.44144719578589 0.121716569522232 0.0295405545391422 0.000282915934209454 0.00062293524785384 0.00033169521714187 0 0 0 0 2.27577865993523 0 0.252714742154517 0 0.00300272225272572 0.000437731558867152 0.15120729019447 0.00135434569959982 0.00533289444468884 0 0.00170127888937637 0.00103280464701124 0 0 0 0 0 0 0.00040330183991938 0.000420260968222723 0 0 0 0 0 0 0 0 0.00011461074886384 0 0 0 0 0 0 0 0 0 0 0 0 0 0 0 0 0 0 0 0 0 0 0 0 0 0 0 0 0 0 0 0 0 0 0 0 0 0 0 0 0 0 0 0 0 0 0 0 0 0.00015478533213255 0 0 0 0 0 0 0 0
0.547189831997248 0 0.00219962134975159 0.00259545071015828 0.715964090173254 0.215738167366186 0.229565411875362 0.0138079048693361 0.000431315991700083 0.000245775597842642 3.89177561520172e-05 0.0309795961424879 0.00168647401441615 0.0565681251486871 0 1.41428141062451 0.00502755606701572 0.0136311986251307 0.000611585838657831 0.000301533299950044 0.000161277145213561 4.12724854925543e-05 0 0.116648624469452 0.00748988928289409 0.00930885344815771 0.00237459365718444 0.00727685242014084 0.148380667097273 0.000833614866958038 0.000364227589375703 0.000671716802555042 0.000265905875292617 4.42324551509473e-05 9.14345886852529e-05 0.0014648140125047 0.000658287114386765 0.000603964275546524 0.0361054386791821 0.0161801029317413 0.00643225786828141 0 7.02843326730136e-05 0.000189169772576697 0.113291222195746 0.00273893067029101 0.0418742485935776 0.00151970719254879 0.373387575085735 0.000781672299239746 0 4.54042680985253 3.85756371803737 3.19834323284724 0.00131011424821976 0.0190554556391364 0.00146354996542709 0.00177074880381423 0.00194293505997574 0.00290345501367874 3.8991594533945e-05 0.209861176063159 0.00223330360539847 0.128881927282983 0.00147849283777259 0.0323786286246897 0.0349666037172536 0.629589393274582 0.377359584652567 0.0201558160067849 0.00265435589891171 0.00781779587691537 0.0182163611539834 0.000390328699019961 0 0 0.000137945945091072 0 5.31843336844164e-05 0.00788945217713445 0.0123522069495704 0.00504185194977608 4.75282593135644e-05 0 0 0 0 4.35996976333145e-05 0.000174051821252707 0.00225496903798249 0 4.07758842940614e-05 0 0 0 0 0 0 0 0 0 0 0.000160473571655341 0.000139562244818978 0 3.60612193193565e-05 3.98219373815185e-05 0 0 0 0 0 0 0 3.66629096949394e-05 0 0 0 0.000426780433655057 0.000530783263783732 0 0 0.000738789688386557 0 0 0.000451903696255391 0.000150126900717927 0.00126082003151264 0.000142242955632986 6.45842843396728e-05 0 0 0 0 0 0 6.43684107526012e-05 7.16791351578969e-05 0.000152200262799876 0.00684790420860232 0.000106683652630928 0.000761375497503813 0.000896073510248562 3.41560925436364e-05 0.000414971389888701 0 0.000187498590896409 4.09831109699568e-05
0.283035990666647 0 0.406965019103081 0.00738004656329931 1.26815025150754 1.15081933222913 2.29696563346835 1.15678316640978 0.000809800375400649 0.000322674975408401 8.78508193900367e-05 0.0147288607004148 0.00073455466780459 0.0160031701021317 1.41428141062451 0 0.0129212475058722 0.0154855546221579 0.000394295782775309 0.000224428251222622 3.50788470749634e-05 6.98278262409747e-05 0.000351927736719108 0.0241176635276364 0.00557595910240899 0.00607851642481519 0.023678225941322 0.0136995201104383 0.587620822925925 0.0129713976075561 0.0127930375146243 0.00193634368827343 0.000299980987339851 0.000116707608362375 1.70273147829433e-05 0.00100107080596678 0.000578790207001023 0.000666461134111833 0.0093963340569836 0.0104975630212936 0.00689076617310016 0.000196959398507767 2.14481377715159e-05 0.000238611668805382 0.649876445489327 0.126213569743729 0.0475964022973539 0.0040162688959665 0.31834391612485 0.000733643872964883 2.68118165117172e-05 0.1942094361734 0.660315009002185 4.00759140478251 0.000975183304140034 0.034265360482554 0.00117539134689016 0.001968215961321 0.00156622086351895 0.0015258424109254 8.03917711380152e-05 0.0128203986278199 0.00662225868692525 0.0776147501333287 0.00398658023065325 0.0935789446618673 0.117975637616577 0.103179797136656 1.01997504232805 0.220640085307349 0.0104027258329155 0.00482316310345716 0.0154441007605189 0.000667936898713909 2.96877047715159e-05 0 0.00303387672454677 0.000380834718802204 0.000103372432100565 0.0172884837751401 0.031619917294553 0.0567019778525021 0.000567690049312432 7.78870078226804e-05 4.75164210992254e-05 8.43668027486924e-05 0 9.84067369096875e-05 0.00114924277128633 0.0280339668716213 0.000261644110537659 0.000170440161987211 0 0 7.4701642312448e-05 0 0 4.560752311966e-05 0.000265479085641527 0.000188159635634261 0.000375271851287347 0.000130230565317007 0.00687113665834715 0.00115478533275845 2.12976714268243e-05 0.000759431904087917 0 0 0 0 4.60221832377546e-05 0 4.9853730531341e-05 4.66469706225561e-05 0.000975516333166275 0 0 0 0.0192843056417545 0.00910601303436051 6.13485244739952e-05 4.67865326745311e-05 0.00569791239950577 0 0 0.00283750239435573 0.000737022009475371 0.00740794394375623 0.000210381828733135 0.00154409355934335 0 0 0 6.91029808641097e-05 0 8.30731108295642e-05 0.000156138155389187 0.000521709829472417 0.00116817872993979 0.0225521061450848 0.00132372112878346 0.00702572412663996 0.0234853560170581 0 0.00381099213035645 0.000165743811289611 0.000544075861304654 0
0.00322979441711689 0.0112252737528762 0.00148431319475352 0.118173445520328 0.000838607537308395 0.00839164857074744 0.0183852184832821 0.00818644005696103 0.00218517152704262 0.000758667391200528 0.0035286127584993 0.000839816340115467 0.000233481428571332 0.00127416645169013 0.00502755606701572 0.0129212475058722 0 1.73559294858849 0.00525212552719918 0.00405814191589497 0.000998893518300818 0.00374326322773115 0.447903347986947 0.0128767730757116 0.00335762179548065 0.0115901589302724 0.00603892331491299 0.00435192591871579 0.0126800906784378 0.00472044293381962 0.000105151722416819 0.0160454357321699 0.684751517038695 0.178416301354136 1.63672010101961 0.0589758149451647 0.00343995478168856 0.0310167256171387 0.0037594775867718 0.00201566287268459 0.35577692328236 0.00649533604947523 0.578728966078007 0.013487497975906 0.0655650378340649 0.00795994869971387 0.354516280598028 2.32322530070813 2.30634219944491 0.73669077742669 0.0218867320105288 0.0129397265474563 0.00499870617169991 0.0142632449000195 0.0050666066700963 0.0243128423158651 0.0366734215565553 0.023567433795455 0.0263880794191821 0.0102877578789489 0.0121442583962084 0.000799975848321571 0.0487651038250471 0.0592968973222454 0.0166266176772559 0.00946580038696403 0.0301856698349962 0.00497700524680718 0.0199407881075327 0.00359321977965874 0.00721890257614406 0.0987903580374108 0.467638196009108 0.217174605340702 0 0 0.000594848538678716 0.000205789968992075 0 0.000367508418249507 0.001593509531667 0.0030250684851369 0.000250867611846679 0 5.76560545193661e-05 0 0 0 0 0.000403833648913006 0 0 0.000375871824566325 0 0 0 0.000522915232747133 0 0.000779707305014991 0 0.000507525648323866 0 0.000197682551203747 0.00124247690493889 0 0.000497366824124996 0 0 0 0 5.47796746467114e-05 0.000146009421967157 0 0 0.00337674792071292 4.08175273641951e-05 0 0.000774713138857096 0.00171472158476365 0.00376149089897374 0 0.00100049989974089 0.000375897840901277 0 0 0 0.000119016849426209 0.000451606722893697 0.00125781354314908 0.00243336464918436 0 0.000598213194561905 0 0.000210892640998446 0 0 0 0.000113058439826593 0.00224411241813275 0.00208254240305964 0.00168249014060992 0.000893022353496805 0.00221425421622351 0 0.0032145957480051 0.000373357925710159 0.00145480652763597 0
0.0228708635844778 0.00178944878477593 0.000373861119342678 0.00182106286589538 0.00788469446469668 0.0364336362134441 0.0158530337718165 0.00306142083380285 0.000631587225017683 0 0.000379295404904392 0.00901683487525633 0.0798789820258793 0.00547004003674034 0.0136311986251307 0.0154855546221579 1.73559294858849 0 0.000986269413228872 0.000857624488690399 0 0.000882465432095487 0.0467301331495169 0.116644072374704 0.000946519991283732 0.00143987081197327 0.000789237072337371 0.00126936588547312 0.00418953215181752 0.000901630134805223 0.00189048628071697 0.0210381885738021 0.00537058452286646 0.0339999022896822 0.291942779324631 0.000857507435876267 0.000435144547193155 0.00591357414511788 0.0147426294163838 0.00357183267134936 0.0127757092790896 0.00107731770204453 0.0939474417531655 0.00102748524537701 0.0125199304670667 0.0013170305237421 4.710376865539 0.284417530951558 6.69824053751713 0.0492381898287426 0.00297050688967471 0.036239861814991 0.0390660270449775 0.0228768017717245 0.000119543408672191 0.00363178903062264 0.00800168115241087 0.00363273509157855 0.00467615684908111 0.0024172777539966 0.00375676458344561 0.00823545617178547 0.319010812056415 0.394167015696463 0.002436012066418 0.00771803003808956 0.00495759562639151 0.00341041423818066 0.00494136137426697 0.0216767247158638 0.000888844297934198 0.0164849284565072 0.0652192071495635 0.00290820097620995 0 0 0 0 0 0.000766686590931488 0.00013044559604768 0.000899941473542498 0 0 0 0 0 0 0 0.000527738755436553 0 0 0 0 0 0 0 0 0.000218033339137291 0 0 0 4.90495403717753e-05 4.82358826254907e-05 0 0 0 0 0 0 0 0 0 0 0.000210742646947416 0 0 0.000201658494482976 0.000308126974248017 0.00119945673277767 0 0.000200564879967285 0.000315849724780499 0 0 0.000179834906672153 0 5.88498698897433e-05 0 0.000613211791645188 0 0 0 0 0 0 0 0 0.000207663109744313 0.00163341494551599 0.000436941281911065 8.34145145288219e-05 0.000681966036791649 0 0.000240973931409739 7.0925674174611e-05 0.000306475522302847 0
6.73394474717051e-05 0.892929571376409 0 0 0 6.57677385515962e-05 0.000791689196064337 0.00114305109290901 0.00149366591006148 0.00143745819728951 0.0520564163094828 3.92952968330303e-05 0 0 0.000611585838657831 0.000394295782775309 0.00525212552719918 0.000986269413228872 0 0.13651876551793 0.0143475950947274 0.00774322874262137 0.000433084038346148 0 0.275672680800751 0.00102897658102005 0.00294220429601065 0.000215477027420613 0.00103516479585206 0.00517438898228445 4.10479318896598e-05 6.68835380320046e-05 0.00179482098339482 0.000579129293213803 0.00118144431202044 0.00026512601450841 0.00600919641489822 0.00620335322422462 0 0 0.00289463480416491 0.253407604203111 0.000452149264272193 0.0895225564150703 0.0046958697354354 0.00019313421571694 0.000795381309397446 0.0136882191015471 0.00100028255124211 0.0197788802309909 0.111435916922026 0.000338912114033036 3.94052119228466e-05 0.0016037311639318 0.000289037513688831 0.196727163965482 3.23293611160388 1.32371120040374 1.02822144433641 0.0485361466374049 0.0308026986128009 0 0.000218049943405563 3.93069301964704e-05 0.0852982078606816 0.0466242113491717 0.0022113704305126 0.00160025005128075 0.00237418033147359 0 0.00345178497716677 0.0897506529247331 1.08462712140563 0.00223781439068493 0 0.000306728986089527 8.29825469453541e-05 5.81959462583087e-05 0 0 0 0.000425708686216083 0.000480417729956308 0 0.00208663860315085 0 0 0 0 8.27103510269217e-05 0.000118563398430239 0 0.000486485755117384 0.00147750430073356 5.6033457087888e-05 6.17448931644103e-05 0 0 0.00192029620897793 4.72781009370816e-05 0.000568895910100762 0.000123285237190252 0.000152433734419283 0.00238582181804651 0 0.000317348751362259 0 0 0.000153153190608048 0 0.000297182096631318 3.83753496114004e-05 0 0 0.00182428544220941 0.000794244508147703 3.4046096909482e-05 0.00912154205585831 0.000577932329257132 0.000678702901562077 6.28790544641095e-05 0.000459228582652735 0.000111469211144867 0.000503458945191369 0.000170703664493163 0.000233080469779173 0 0 0.000961398390200959 0.00573399033949032 0.00123644244224864 0.000779901765024402 0.000368269665150798 0.000388916252149357 0.000620992658208076 0 0 0.000154356734889143 0.00912752284495543 0.00468147308487513 0.000893433520620704 7.27732716639742e-05 0.000295960423902737 0 0.00406745012399771 0.00119576535494119 0.00477186790931042 0.000139189065302563
0 0.033503510873174 0 7.29123927308631e-05 0 0.000128993010861435 0.000463144559475175 0 0.000597120564677443 0.0034527249405467 2.67229956381184 0 0 0 0.000301533299950044 0.000224428251222622 0.00405814191589497 0.000857624488690399 0.13651876551793 0 0.00177007241663332 0.0278941379769019 0.000379653295963683 8.45505595076148e-05 0.0027520447180043 0.000194090917939307 0.0923252894667785 0 0.000341797535508199 0.010108677705347 0 0.000329874368129343 0.00126959325140725 0.000165003661241115 0.000124196651512174 0.000280324423975586 0.00300143080035163 0.0019414483695479 0 0 0.00205176825536178 1.04987953227896 0.000610079475894798 1.6615496994375 0.00203285325900906 0.000301398537290778 0 0.00686472184043273 0.000217537093838895 0.00679063995541947 0.0383368684485006 0.000101507791767167 0 0.000431552965920059 0.000179198405802912 0.199707890709242 0.583064583210387 2.90581035297126 0.0173504754133463 0.0137026410438469 0.0178092842082586 0 0.000126188149265558 0.00011917916547464 2.58198575834247 0.102648586020137 0.000470067426114929 0.000392364090782025 0.00122596928650764 0 0.00473810052178856 0.0242020669779562 0.0183020525059327 0.0011467596311581 0 0.000530617502284845 0 0.000126207905867691 0 0 0.000170875175567894 0.000143759733440227 0.001062966149656 0 0.00491862593584529 0 0 0 0 0.000100357712221482 0 0.000137502244023837 0.000428279128010802 0.00319705700243156 0.000359884885060884 0.0003073076432034 0 0 0.00170922232453587 0 0.000663341310224443 0.000117727547345809 0 0.00210056712572128 0 0 0.00012243403660437 0 0 0 0.00010360793422385 0.00010661853460421 0 0 0.000941813637973757 0.00181399690250905 9.56024587597751e-05 0.0214979569447732 0.000679282492709652 0.000614829695712152 0.000134984092311633 0.00298576873516062 0.000444727764347194 0.000452756651083412 0.00161068063345514 0.000330877098284027 0 0 0.000955092089699017 0.00371452190764593 0.00609601690062723 0.00322500516116778 0.000217416012757119 0.00211275877225597 0.00156641459589787 0 0 0.000167458260958403 0.0222280903947386 0.0149165739423873 0.000387673100095967 0 0 0 0.00392562030179851 0.00101611980434034 0.00493034922694474 0
0 0.991533406950521 0 0 5.01076344474067e-05 0 0 0 0 0 0.00210657560701192 0 0 0 0.000161277145213561 3.50788470749634e-05 0.000998893518300818 0 0.0143475950947274 0.00177007241663332 0 0.372901247156942 0.262503466500849 0 0.000292470121432795 6.2274232531679e-05 0 0 5.5756591369931e-05 3.44352682646501e-05 0 0.000278612605392692 0 0.000152232139858042 0 0 0.0361701609317246 0.000259258486153174 0 0 0.000401462188745448 0.035730844488111 0.00118352519188305 0.0295223932327155 0.00122810593162808 0 0.000249044020755877 0.000928591588564564 0 0.819516975155256 0.546810742049852 0 0 0 0 0.000862162682332382 0.054431352932334 0.0228594798170443 0.0474907250661422 4.59315721249677 8.20507534485245 0 0 6.34985404846774e-05 0.00401984066820278 0.000794589957236348 0.000196939965097587 6.16070492732296e-05 0 0 0 0.120178061042153 0.00502922581727483 0.000152438656944994 0 0 0 0 0 0 0 0 0 0 0 0 0 0 0 8.56904200763134e-05 0 0 0 0 0 0.000270448775414069 0 0 4.22131113975879e-05 0 0.000182966777209823 0 0 0 0 0 0.000153914779871006 0 0 0 0 0 0 0 0 0 0 0.00035822388897906 0 0 0 0 0 0 0 6.63626061978848e-05 0 0 0 6.83055437010753e-05 0 0.000114789972096359 0 0 0 0 0 0 0.00027327360227674 0 0 0 0 0 0 0 7.16094603323723e-05 0
