0 0 0.000601038440218855 0.000301328139642221 5.42834642986264 0.0509747357361796 0.0132655715777032 0.00283903598619021 0.000762080807304073 0.00127675553786049 0 0.0131315210146525 0.00786631939842658 0.0654542387049743 0.64387882159596 0.154854972131093 0.00020690774117073 0.017338852191071 0 0 0 8.51411319482791e-05 0 1.0647533703798 0.000182290533762083 0.000808733243882567 0.000260580698271033 0.000119390350777116 0.00152691749788137 0.000870760335785611 1.2521884261593 0.000215892979876047 0 0.000593498057542465 0.000284579528753819 0 0 0 0.347912794417148 0.0239448027273232 0.000311367068098579 0 0 0.000455819113815443 0.00133977785087847 0.00272435290243416 0.15688489325816 0.00160327748722662 0.427574889606108 0 0 1.03607325970937 3.16071029460302 0.119642308286561 0.000127836577865345 0.00056955476183431 0 0 0.000103415128185762 0 0 1.19703383328019 0.038695260245571 0.834762664271258 0.00028282291020712 0.031197481343102 0.000402373109192367 0.00953609859413004 0.00150312155991429 1.36353511862639 0.00143373895319343 0.000345269750563955 0.000277034700819459 0 0.000829208629774425 0 0 0 0.00148627468988356 0.0181029873604633 0.00417824072809608 0 0 0 0 0 0 0 0.000386978292540625 0.000693714695432097 0 0 0 0 0 0 0 0.000106519777021022 0 0 0 0 0 0 0.00027438732924118 0.000753008034339905 0 0 0 0 0 0 0.000483354248364954 0 0 0 0 0 0 0 0.000353510003907851 0 0.000170607222644024 0 0 0.000308317726762498 0.00172205118120751 0 0 0 0 0 0 0 0 0.0012221142591615 0.000373863574473776 0.00350434812775829 0 0.0304808825447638 0.000290835626411579 0 0.000238753025745377 0.00208363577977888 0.000261506135652069 0.00037779701238125 0 0
0 0 0.000251924351458181 0.00033936593784499 0 0 0 7.51032242605684e-05 0.00040947380700733 0.0173879631500103 0.176857017714278 6.91565143008509e-05 0 6.26700805188051e-05 0.000120751192358355 0.00031807806400703 0.00402642151801804 0.00489489319353424 0.699652106591875 0.0591296675616356 2.12420621461778 0.878925064203807 0.00885133987183159 7.69012750071246e-05 0.0102105937434178 0.00127782667438156 0.0129745800036979 0.000312363222328032 0.00055919694464735 0.0140099510764434 0 0.000504877171623921 0.00164116621132822 0.00371591206052977 0.00351999144768305 0.00439318996289266 0.0436579834066446 0.00641817897389684 0 0 0.0023268400458241 1.03129372217461 0.00631268607866193 0.639965314680845 0.000996811365151392 0.000139970597270686 0.00289041627377458 0.0209008470222721 0.00116685622919831 0.142880864810153 2.74553617185984 0 0 0.000291765276031512 0.00191448306262579 0.0273918455918524 0.803697257559981 0.379932170570447 1.82140174923296 0.930096328705626 0.985067487776153 0 0.000531301325542619 0.000382459550313332 0.0865834585022958 0.0560288934694931 0.00154465234922828 8.74322667840308e-05 0.000716144353200646 0 0.000329494242854641 0.367702496511255 0.0919579229217005 0.00267248848551215 0 0.00169922081929114 0.000223891475962634 0 0 5.01573100499392e-05 0 0.000244293743227042 0 0.0011143736899896 0.00417605930517192 0 0 0 0 0.000124946648508884 0 7.28576319355533e-05 0.00150762898435708 0.00162448156356797 0.000162641721372417 0.00239295327873559 0.000947168573965176 0 0.00149314488249163 0.0001929548105168 0.00144146445667872 0 5.4766652966368e-05 0.00405158666638007 0 0.000363677004936606 0.0001164257432716 5.61314266494593e-05 0 0.000572176635543417 5.84645631759384e-05 0.000236204017983504 0 0 0.000227296011192572 0.00205748737691566 5.90647874803615e-05 0.0190311920139828 0 0.00051641446117722 0 0.000659910818273047 0 0.000623602138802307 0.000459092063329746 0 0 0 0.000919594812660031 0.00396688452743723 0.00311521128411617 0.00479478036181975 0.00523300807805694 0.00176259688517352 0.00183204607481778 0 0 0 0.0105877359882179 0.0136185291396899 0.000233433301996141 0.000112396685543935 0 0 0.0029297473646745 0.00116671196825995 0.00185505725280501 0.000722686311965077
0.000601038440218855 0.000251924351458181 0 0.00548792217047095 0.000348520729084107 0.0168851670050717 0.0732211574001565 0.504036199378354 0.0131509504206811 0.00408332954155228 0 0.00398619821263723 0.000178010525966497 0.000152091517202538 0.00367532049432928 0.994103785956549 0.00737458684674671 0.000978202087366162 0.00157714124249111 0 0 0.00022162292800211 0.000553410994567717 9.13973724363838e-05 0.011430240568936 0.0177334199719881 0.556416072122283 0.417639599882405 0.585264300420091 0.130178004878371 0.000608214109488217 0.0137687350440132 0.00327810450921882 0.00108304025121169 0.000349988625552447 0.00650008250807849 0.000358071440957474 0.000331166827455923 0 0.000589221588834843 0.0397026443796351 0.000386203012408418 0.000180803342863568 0.000878890117454669 3.55465958446378 2.75174684808121 0.00171131708898888 0.015904311461559 0.0189834826176206 0.00112375910220974 0 0.00348814304138621 0.00107881296631197 0.0366009960141667 0.0136836552943747 0.0811073596581894 0.000390357455438996 0.00225246462816595 0.00363576955019882 0.000575704517965462 0.00116339950468347 0.000347100788373828 0.00184727633187271 0.000906274964336061 0.00149125131693811 0.148372865329852 0.6649226544661 0.00766847680283289 0.0720247132874222 0.00264113437126731 0.0102512702593236 0.00444181368515485 0.0102169701231294 0.00469924788172905 0 0 0.018083859564948 0.000503181508473996 0 0.000217320071212147 0.005993108439065 0.0378723164220315 0.00361224451411619 0 0 0.000354136728172333 0 0 0.000713772812965491 0.0132621800211438 0 0.000137290351519769 0 0.000589746761777487 0 0 0 0 0.000274128938932926 0.000293322458847672 0.00542276336166809 0.000726847287069291 0.012287783878508 0.00245678450208027 0 0.00149416330581591 0.000391013663804347 6.69803172894412e-05 0.000150260098477698 0.000655807031670019 7.08725188572042e-05 0 0 0 0.000823886828083147 0 0 0 0.00511205112294807 0.032935935774834 0 0 0.000922397095429007 9.22209719742377e-05 0 0.000331335787448119 9.60404590386807e-05 0.00147558489472836 0.000242411555992222 0.000962444443445574 0 0.000142596057393456 0 0 0.000407484746441315 0 0 0 0.000359747283465513 0.0455872218768775 0.00420171861258376 0.000734269165277709 0.0158226640667711 0 0.00302504172877004 0.00010481247863491 0.000115640586804871 0.000863194265143832
0.000301328139642221 0.00033936593784499 0.00548792217047095 0 0.000172357834623327 0.000130804776932643 0.00152025999879655 0.00324164256156363 0.000131044428211985 0.00073925134389905 0.000108341670015038 0.358149873365231 0 0.000885652395184212 0.00674999012642046 0.0176778444864706 0.0385541646201321 0.0104666621102108 0.000169092968588644 0.000159530438687932 0.000180590255898385 0 0.000664001288262408 0.000240263979829541 0.0023410824686824 1.06658152262264 0.00569783572687363 1.78469058343937 0.390893898975228 0.00107216900713847 0 0.00412438938062486 0.863021291268501 0.322447182353994 0.0407585448878381 0.0346954470264689 0.00163622350155679 0.00100526056879945 0.000549707978878138 0.00624507279192863 0.171252144195152 0 0.000679123929048484 0.000355339235309397 2.5920103118994 0.00120735023339878 0.00322651871622719 0.0946849315021502 2.77327972213952 0.00199270054105061 0.000331400552323918 0.0135230422537984 0.00140314827156818 0.018622925382288 0.0082760805835472 0.012614541258344 0.000268136725186278 0 0.000173699306167909 0.000483171492928272 0.000214778473821079 0.000136254337456121 0.00215380828837012 0.00142201850651792 0.000217640200970499 0.0015591665596282 1.52089019862627 0.344702121089847 0.0459569253909494 0.00020092488210093 0.00120555054547071 0.00769476100125983 0.0318014267353189 0.298607118796137 0 0 0 0 0 0 0.000976231707214229 0.00151547321912754 0 0 0 0 0 0 0.000160715661481004 0.00122840497199446 0 0 0 0 0 0 0 0 0 0.000102024228112441 0.000135313187875152 0 0.000414686191034639 0 0 0 0 0 0 0 0 8.69736642432461e-05 0 0 0 0 0 0.000166115079069849 0 0.000361194179294769 0 0 0 0 0 0 0 0 0 0.000139971926237359 0 0 0 0 0 0 0 0 0 0.00191524687979628 0.000161321101744834 0.000355343101722631 0.000213671711853549 0 0 0.000390871844065052 0 0
5.42834642986264 0 0.000348520729084107 0.000172357834623327 0 0.0876522325011349 0.0158307228860252 0.00463402614718668 0.000334313725699025 0.00319382170412982 0 0.00217661420699727 0.00742534444287979 0.015916241605447 0.335765495364106 1.18614025660196 0.00125853708061293 0.0112421898317739 0 0 0 0 0.000679412361793207 0.104004412951829 0 4.16380589812037e-05 0.000127451160111433 0 0.000460562988154403 0.000624705206197479 0.145580527072581 0.000288750203528663 0 6.36281255011451e-05 0.000744735927007793 0 0 3.91822694186389e-05 0.14246714975534 0.00457365075539052 0.000214616380166822 0 0.00065337510492757 0 0.00062449030456618 0.00435811064935328 0.107450548913664 0.00126825114762083 0.254912320975453 0.000641644662411789 0 0.139472236358653 2.0892696202519 0.0676244907056732 0 0.000273791994409963 0.000245898952015945 0 0.000531649220311863 0 0.000306283170517294 0.188332301781399 0.023052072358785 0.404350085425167 0 0.0275805868781294 0 0.00374836442521661 0.000409814542866257 1.29697378910627 0.000429171878013525 0.000550808531440999 0.000113644891973969 0 0.00149554006774936 0 0.000104260005179269 0 0.00272463456078619 0.0132846532783051 0.0020699051222364 7.47584052427112e-05 0 0 0 0 0 0.00040356023302654 0.000271074237666341 0.000636990285270422 0 0 0 0 0 0 0 0.000666695788676707 0 0 0 0 0 4.73864459218057e-05 0 0.000343691148094624 0 0 0 0 0 0 0.000371489809417924 0 0 0 0 0 0 0 0 0 0.000571894032159626 0 0 0.000319023057331226 0.000534570876206532 0.000261534925431257 0 0 0 0 0 0 0 0.000489144222215132 0.000735448503312933 0.00379450164146411 0 0.0182484241059563 0 0 0 0.00331762751754638 0 0 0 0
0.0509747357361796 0 0.0168851670050717 0.000130804776932643 0.0876522325011349 0 3.29227025069649 0.165083311765229 0.032245651537965 0.0441044708262284 0.000255317569524079 0.00621345661020054 0.00446947280885941 0.0147929469942871 0.0286029965240565 1.8193873942663 0.00176374390154368 0.014114004631073 0 0.00102353232398715 0.000188110635030094 0.000128782843904482 0.000168091351911009 0.0322339997869066 0.00136161809867261 0.00154751276578983 0.0117826373308153 0.000929429594980286 0.00361179520696718 0.043678770104898 0.317947502934981 0.827005140376336 0 0.00016311123757877 0 0.00239846400796196 9.84980015510395e-05 4.88995868959639e-05 0.034387101021859 0.00747813321961817 0.00133305720209867 0 0 0.00277196473655547 0.00319677446019208 0.133814207291991 0.0709287908611666 0.0011106902173455 0.162488076974947 0.00015469454659545 0 0.0336807688217013 0.0509566376605742 0.0370384764498905 0.000531521840351387 0.00563064368052334 0.000289747560135861 0.000253479191424214 0.000255561178025956 0.000197124560787805 0.00115680330978109 0.0180835610159996 0.321510944021124 0.193044505468592 0.00288769968471613 4.19387237873135 0.00206404561975279 0.00271416644736603 0.00154178058171686 4.8988344816624 0.0539034125500351 0.000890635115378038 0.00190083963702718 0.000116633152174301 0.0268833650443189 0 0.00114006481329 0 0.0356223935860603 0.63402506642729 0.246352037036147 0.0125919728482204 0.000703198660623608 0 0 0 0 0.00227204899604673 0.0117963082244017 0.0276211444186995 0 0.000340464784384591 0 0.000193790554487202 0 0.000355984500388561 0 0.00714931596112022 7.70875274308681e-05 0 0.00044052957509639 0 0.00140729107649871 0.000414848171008719 0.00322437541715314 0.0156677932399574 0 0 0 0 0 0 0.00431195621387569 0.00125724082124499 0 0 0 0 0.000217069798901911 0.00139682383800846 0.0146373314025503 0 0.0172815311372216 0 0 0.0119788874254574 0.0309794815814214 0.0143967006672058 0 4.17193925089381e-05 0 0.000106393565095141 7.45148055398565e-05 0 0 0.00608614894612321 0.0514611672599775 0.0390870584102087 0.000270704450472949 1.14886877480917 0.000230549433186499 0.000194459529738116 0.00106208273599363 0.0652797167116563 0.00112785435888479 0 0.000109362499743222 0
0.0132655715777032 0 0.0732211574001565 0.00152025999879655 0.0158307228860252 3.29227025069649 0 2.95463617941473 0.0609743469617557 0.061742615479266 0.000118105078205227 0.028042585768911 0.000876099238981187 0.0055225016401794 0.0304698470667345 1.61634958529344 0.00324030931630353 0.00347882714139918 0.000756326301675827 0.000160883951239116 0 0.000189458379477913 0.000446833998731145 0.00479492546515212 0.0038215063960514 0.00357455696227038 0.0293566525532296 0.00261576065104515 0.0196652698798179 0.0736960170115934 0.0120095123918389 0.00790726571906293 0.000199551456517523 0.000196060616642655 0.000140564650932297 0.00218850881598129 0 0.00013129554387315 0.00756006603555794 0.0134336514422698 0.00727990496398223 0 0.000322672299101667 0.0027140022876011 0.019235209807866 0.413070006692386 0.00360265053084531 0.00228713953070391 0.10826115078111 0.000366697573768761 0 0.0552080175550411 0.0314233085380609 0.0946656828300499 0.0047924099664478 0.0123624098946217 0 0.00103230177612743 0.00180704939155239 0 0.00108509332743957 0.00588629387625929 0.00709430327615317 0.0127368009006185 0.00673799778164142 2.62316679143338 0.010057995636473 0.0320752955986782 0.0247742502007108 0.125205201897513 0.0918289823115473 0.00200266554133192 0.00322269134427019 0.000531592339019871 0.00740720654668848 0 0.00660871189331578 0.000468246369899475 0.0150627316810737 0.267947525822479 0.77041777101608 0.100366108951645 0.00117453282016403 0.00325558609732884 0.0002207921847835 0.00511006758690558 0 0.00724663155280698 0.0421177341552983 0.0974546301650743 0 0.00115523434541021 0 0 0 0 0 0.00292961750140163 5.51076196500782e-05 0.000111220158717909 0.00143479807182489 0.000110749828278831 0.0114915594603899 0.00152057889739345 0.0008511500345076 0.00272984183711869 0.000146084113452889 0 0.000451611111524506 0 5.34785733167786e-05 0 0.00438225927157659 0.0107950550701324 0.000225551945820309 0 0 0 0.00292314269065223 0.00772390387688274 0.00328241535080287 0 0.0407471192987321 0 0 0.0250050711647513 0.0443055677148618 0.0712208008357608 0.00020449560316339 0.000439939654518137 0 0.000278058582844444 0 0.000106209633459412 0 0.00461113127126129 0.0124465843975068 0.00971501057828138 0.000502097463314958 1.10609243807955 0.000502308441564418 0.0179777254047746 0.0243052545338563 0.0148059229937995 0.00357152379300224 0.000241404761357262 0.000206779498921321 0
0.00283903598619021 7.51032242605684e-05 0.504036199378354 0.00324164256156363 0.00463402614718668 0.165083311765229 2.95463617941473 0 1.58071312294259 0.111984040494744 0 0.00307621520258236 0 0.000634113314926034 0.00579661565342834 1.2397218608181 0.00230897781070315 0.00119861301087625 0.0018201762587109 0.000370859630492003 0.000134479722176766 0.000497832385571752 0.000637348484171319 0.000535846397392314 0.0126764244431426 0.0069619443150753 0.155142654840854 0.0103134753368715 0.0696950464718102 0.295221844096912 0.00222227936399721 0.00120749501265213 0.000801801155900437 0.000923535466923531 0.000945704913312476 0.00632436044097173 0.00120268462146776 0.00102281042617244 0.0017231721433955 0.00115007599347389 0.017602917014469 0 0.000477290381108987 0.00517678980875187 0.113707112235327 3.23062403945363 0.000669229972832309 0.00527439354404681 0.0219736214925294 0.00032763968374932 0.000200864033888363 0.00172334730344112 0.00167533463756383 0.0317470820853503 0.017416687826963 0.0451542841394082 0.00159867599567686 0.0027525232451809 0.00167754494790121 0.000618663090665173 0.0024432567609035 0.000701810527770623 0.000519900495770335 0.00150971206444562 0.0138942712395588 1.11161605309206 0.0602084322181687 0.0150602782455017 0.0810863839095185 0.0207166021774125 0.45290317788893 0.00360655791645232 0.0129867032398132 0.00232441347033247 0.000523687254746394 0.000187853907016325 0.0445733428278804 0.00101411974368689 0.0010313228786378 0.00837516421457248 0.0789671225827015 0.175491151362299 0.0179477768596533 0.000942619865349955 0 0.00207163680400125 0 0.000675522204778351 0.0107710611089635 0.0881011200696335 0 0.000473475249334753 0.000202293988796272 0 0 0 5.05361285586814e-05 0 0.000482952193853162 0.000659526460442555 0.00579182745492977 0.000811118907456483 0.0405880552418531 0.00197182886944235 0 0 0 0.000213903370130401 0 0.000246313796341353 0.00016643928569751 0.000169474611866334 0.000282435250731843 0.00154129380922992 0.000273677678343793 0 0 0.000355572294717208 0.0128915120826228 0.0234622723157148 0.000220319929558114 0.00015950420641864 0.0100594772193429 0 0 0.00307484615344937 0.00283156610868055 0.0125178953791199 0.000858539473004654 0.000731583483835099 0 0.000780770017778591 9.86634574637628e-05 0.000231363240558348 0 0 0.000891786274807934 0 0.00116500012324081 0.199652200414859 0.00445646861275036 0.0121960739973708 0.0596177699002058 0 0.00464508347673715 0.000840844037308836 0.000305758505339037 0
0.000762080807304073 0.00040947380700733 0.0131509504206811 0.000131044428211985 0.000334313725699025 0.032245651537965 0.0609743469617557 1.58071312294259 0 1.62524605205851 0.000309615702171515 0 0 0 0.000824213115926139 0.00302905201033746 0.000735519169751724 0 0.00178201479904532 0.000730304534919703 0.000100267273623573 0.0030315638948261 0.00922226701943666 0 0.00878333955812049 0.00406265033389645 0.056638013595475 0 0.000759829726798517 1.115236975766 0.000471011046655557 0.00308769481852531 0.00131510388148007 0.000942666790627988 0.000385769121284201 0.00511617434780013 0.00100072434989884 0.00128162862466273 0 0 0.0152779256048511 0.000928630940767554 9.79257090606023e-05 0.0348000195267689 0.00203550976561539 1.85996169565277 0.000702388859658773 0.00448875532696191 0.00207574218049188 0.00134386615753948 0 0.00041600201951591 0 0.000740322579711379 0.0177678843698356 0.0307031350403845 0.00175216844396151 0.00622758149673526 0.00472475034516649 0.0021828911172124 0.00411970515802848 0.00100008378731984 0.000188062499155052 0 0.106744651324436 3.40403592916345 0.00383616373791499 0.00143146144281765 0.000188479584086912 0.00872858212455319 4.62219957776855 0.00565518055274207 0.0087167524386291 0.00497634598862483 0 0 0.00346058786783141 0 0.000115131202825707 0.00122200724281113 0.00686384861449129 0.00705654255039674 0.00902358274422351 0.000420971108984619 0 0.000106730074037704 0 0 0.000430211347312887 0.00159411396335131 0.000194225336940385 0.000226317763326225 0.000309583496707927 0 0 0 0 0 0.00105249954719445 0.000235930969919226 0.00471895575903097 0.000239724243889138 0.000617966291103896 0.00350020312614965 0 0 0.000265472861162575 0.000427242635427358 0.00032748686555692 0.000502368886170699 0.000112122629052571 0.000222524235557488 0 0.000425711846557202 0.00133920482297693 0 0 0.00156875950057994 0.00157441816607197 0.0165066510208352 0 0.000757009143246359 0.00030915542561322 0 0 0 0.00122441826475339 0.000359677491001139 0.00088405695040239 0.00422993539159463 0.000298937276737514 0 0.000162735083115633 0.000195956059630461 0.000416880709328276 0 0 0 0.00141324405869538 0.0425662963117966 0.00145901864448145 0.000367906598374441 0.00315868859853799 0 0.0105503117150071 0.000655157658648509 0.00103365012759913 0.000243541320016898
0.00127675553786049 0.0173879631500103 0.00408332954155228 0.00073925134389905 0.00319382170412982 0.0441044708262284 0.061742615479266 0.111984040494744 1.62524605205851 0 0.0492014530888562 0 0 0.000117696521560727 0.000363980822738058 0.00205661515910753 0.000799293049379868 0.00142664850960139 0.0232606754045963 0.037929623531533 0.00380579328359943 0.567352564785588 0.231608342576854 0.000266851311969414 0.0345813193026287 0.00375403770254044 0.0819138804351493 0 0.000884857165138942 1.53296699300312 0.000771475778513444 0 0.00438928567394509 0.000852238748578343 0.00124853588149853 0.011877118275675 0.00253240994587656 0.00200290409281409 0 0 0.0150024796387985 0.00209408080501482 0.000643447513425086 1.72803817650198 0.00242761105804781 0.0198294380315405 0.00353564815614603 0.00723174759567856 0.000455170404689342 0.00918317870418779 0.00574887078469248 0.0011841448212376 0.00142852303846743 0.000169753031609337 0.0411958830362435 0.109130973085802 0.0312730920322377 0.126844199659104 0.0364748453177038 0.0136520900488923 0.112704003245391 0.000502461922616659 0.00127541353245039 0.000698844816795496 0.899747738468504 5.13255076127225 0.00184724949888309 0.000698663898396061 0.000943318847492321 0.0125252069972445 0.71238971417313 0.029342729661984 0.0304299797613649 0.00571546859694443 0 0.00177363660632194 0.014225137012769 0.000336330624098612 0.000247011252884099 0.00164562473728243 0.00758302148218948 0.014358578839735 0.00692310492989166 0.00738923393398421 0.00509597583644007 0 0 0 0.00102774116028535 0.00319564463751901 0.000735731774182249 0.000312169412451976 0.00296095131562 0.00592450723396847 7.92726161877172e-05 0.00166037611707002 0.000141928949876231 0 0.00276843627741643 0.000614530166990535 0.00944789022750201 0.000930129846658197 0.00420099506899396 0.0135856349158474 0 0 0 0.000805807382628642 0 0.000899678344976064 0.000159667501120656 0.0010189435652585 0 0.000753766953452729 0.00335730432342629 0.00220523290548914 0.000218085621731924 0.0300234099059726 0.00192258412182796 0.0561546853412034 0 0.00427404581382108 0 0.0002580132242297 0 0.000670684305818897 0.000178798198466947 0.00133615455723486 0.00420040220560125 0.0127756039591509 0.00518574018872273 0.00918268131614618 0.00603677826270903 0.0034658106263358 0.00235032691694904 0 0.00237199590667336 0 0.030350154112045 0.162116021050087 0.00638702306664022 0.000155425175021456 0.00374177038384801 0 0.0218635650379542 0.0011028987767855 0.00274522110575765 0.00163676997583509
0 0.176857017714278 0 0.000108341670015038 0 0.000255317569524079 0.000118105078205227 0 0.000309615702171515 0.0492014530888562 0 0 0 0 0.000233933095863728 0.000156915293245119 0.00435926382565813 0.0023009071235808 0.164123975704145 4.64186920247655 0.0425931981260489 4.92099844242285 0.00748812675212866 0.000120845600452696 0.00469839154151547 0.000453457194509767 0.0399710402426465 0.000122313554418189 0.000246349412522434 0.88102472477096 0 0.000937390378790287 0.00347318125342874 0.00379158033856714 0.00234913727004892 0.00605656272931522 0.0109223411110697 0.00386544940899761 0 0 0.00426326836372207 2.02331313269631 0.00202348545320729 8.25955588853732 0.000892169332480028 0.000583571498659619 0.00148180260727613 0.0250659898697883 0.00144054651274943 0.0280202266937224 0.473076766882693 0.00079911335447224 0 0.000127570242382767 0.00310285993367556 0.033884833643091 0.673922197948871 2.38168572931841 0.0778813562123262 0.030551945117155 0.141386013979419 0 0.000201689190013257 0.000714089857186795 3.93706485907765 0.199149807949389 0.000622167600842419 0.000273876307700413 0.000500978107902866 0.000413426975069086 0.00522041271129903 0.0537933946147645 0.031274944928252 0.00274726278842906 0 0.00442218977201982 0.000113818047083984 0 0 0 0.000142722724196312 0.000343101897569411 0 0.000580625611658295 0.00759054323954656 0 0 0 0 3.38136966205912e-05 0 0 0.000791163795968956 0.0101169323800319 0.000579456900482993 0.430574829168066 0.00174744077574901 0 0.00184899916649634 0.000100096423926614 0.00320625423860663 0 6.1191540494214e-05 0.00611269133586874 0 0.000239706839175235 0 0.000417560417243445 0.000332422626906581 0.000377745552316726 0.000175382057838428 0.000401265479899594 0 0 0.000265554106928849 0.00439986622507801 0.000131639563527779 0.0413343753244444 0.000145849577444165 0.000642057181404861 0 0.00328644114130614 0 0.000457336512135009 0.000382523157462861 0 0.00017730208385236 0.000347855250049864 0.00109007679863516 0.00497103788323866 0.0038016506858381 0.00783456685359747 0.00515854382906881 0.0031141279652883 0.0045329211629096 0 0 0 0.0262622203737923 0.0417332396572772 0.000399948420783795 0 0 0 0.00422953491693773 0.00261874080962194 0.00264636293523779 0
0.0131315210146525 6.91565143008509e-05 0.00398619821263723 0.358149873365231 0.00217661420699727 0.00621345661020054 0.028042585768911 0.00307621520258236 0 0 0 0 0 0.907488167407249 0.153789333192231 0.111844676148915 0.00883777068395869 0.0278917372814883 0.000242508138307516 0 0 9.32270183492019e-05 0.000233246840644651 0.0034371917412822 0.00217031861747119 0.0381334393881912 0.0029747176929125 0.0208858430344151 0.374327430788058 0.000496869432094357 0 0.00319757877079536 0.0338000942870718 0.0363975939881345 0.0254495911008275 0.0124300229387728 0.00114367551627407 0.00128769342489346 0.0368691728069587 2.15036091454246 0.057411755986396 0 0.000527154399923553 0.000305984500181317 0.100028490210636 0.00128135644998743 0.0021185513248679 0.0174022509416838 2.55485869243376 0.00182973617975227 0 3.82266268092645 0.0306507805256714 0.284205512690366 0.0121454957775263 0.00763178693090402 0.00012503041706681 0.000376746401004957 0.000722777867551108 0.000603597333836997 0.0004762310031687 0.0270426157212354 0.000863645683375805 0.00200522943839541 0.000363207269878849 0.021619418757132 0.0848848893865486 3.75497493240672 0.0367361731449867 0.000996576353969048 0.00048015549291423 0.00758745879021979 0.0118463586496594 0.00563465281810828 0 0 0.000315324588808577 0.000178795950687379 0 0.00268140555059385 0.0178713131820822 0.00174606833569418 0.000291816319907094 0 0 0.000115365257390306 0 0 0.00198044219008681 0.00418542400479253 0.000579052208497424 0.00015565036169185 0 0 0 0 0 0 0 0 0.000125990890004334 0 0.000123600452161798 0.000160912888304091 0 0 0 0 0 0 0 0 0.000263198006051239 0.000239917981007847 8.66966695089325e-05 0 0 0.000104876645108706 0.000171636719010142 0.00103026208577458 0 0 0.000923918286870255 0 0 0.000981773643670552 0.000436972761022896 0.00314547238551017 0.000154456394238814 0.000137568701465956 0.000336650703870484 0 0 0 0 0 0.000272953739787266 0 0 0.00468504559382321 0 0.000390023408350603 0.000390880568807526 0.000600779488897467 0.000369617273852105 0 0.000113453196952371 0
0.00786631939842658 0 0.000178010525966497 0 0.00742534444287979 0.00446947280885941 0.000876099238981187 0 0 0 0 0 0 0.295191183601668 0.000868676185559958 0.00249225764641828 0.00121434762656694 0.00462598291962111 0 0 0 0 0 0.196472382998151 0 0 0 0 0 0 0.000275635407491049 0 0 0 0 0 0 0 6.39456632915556 0.000477738459047083 0 0 0 0 0 0 0.542286101395338 0 0.173463478588657 0 0 0.0152273165675895 0.00612577482580402 0 0 0 0 0 0 0 0.000216613545391551 0.417712913149245 0.00343271511810253 0.185105235367714 0.000414157804315262 0 0 0 0 0.0052933380566338 0 0 0 0 0 0 0 0 0.000220747385961294 0 0 0.000169987420689438 0 0 0 0 0 0 0 0 0 0 0 0 0 0 0 0 0 0 0 0 0 0 0 0 0 0 0 0 0 0 0 0 0 0 0 0 0 0 0 0 0 0 0 0 0 0 0 0 0 0 0 0 0 0 0 0 0 0 0 0 0 0 0 0 0 0
0.0654542387049743 6.26700805188051e-05 0.000152091517202538 0.000885652395184212 0.015916241605447 0.0147929469942871 0.0055225016401794 0.000634113314926034 0 0.000117696521560727 0 0.907488167407249 0.295191183601668 0 0.0853237793867522 0.0627147262026077 0.00108129070215734 0.00642952721768778 8.53469831695822e-05 0 0 0.000218276735259943 0 0.0894660668206965 0.000105156422871478 0.000817656510688006 0.000309537460145952 0.000845802768373546 0.0036177019570049 8.45865792543357e-05 0.000333121392837103 0.00112440855139713 0.00358542934237582 0.0508627481615564 0.0189664589756271 0.00062053567522959 0 0.000365010497893369 1.49402727521456 2.62937779083207 0.00126006152720385 0 0 0.00013312997028261 0.00172290761317079 0.000132085202191177 0.00685722752433033 0.00165831763737589 1.2288570498971 0.000168758720269382 0 4.24834722674481 0.138016857853086 0.0809912646892707 0.000536206930654289 0.000307620083245851 0 0 0 0 0.000137576816523176 2.24391422409688 0.000626138586917305 0.011527844912797 0 0.00523213680771642 0.00225198804564919 0.0387968722737991 0.00166881423642327 0.0012946534878562 0.000143318394658469 0.00075431287383459 0.000734686881941372 0.000838794012824752 0.000234007622928826 0 0 0 0.000519297493009275 0.0086175532255677 0.00368773162294831 7.17672646236584e-05 0 0 0 0 0 0.000593841781046554 0.000331446227279088 0.000521440115002099 0 0 0 0 0 0 0 9.20548579579224e-05 0 0 0 0 0 0 0 0 0 0 0 0 0 0 0.000160424870660428 0 0 0 0 0 0 0.000203552683940345 0 0 0.000361068510110168 0 0 0.000232076482808161 0.000997915178047155 0.000694443367240061 0 0 0 0 0 0 0 0.000326472218059344 0.000326905677665364 0.000453141698579097 0 0.00399334955850146 0 0 0 0 0 0 0 0
0.64387882159596 0.000120751192358355 0.00367532049432928 0.00674999012642046 0.335765495364106 0.0286029965240565 0.0304698470667345 0.00579661565342834 0.000824213115926139 0.000363980822738058 0.000233933095863728 0.153789333192231 0.000868676185559958 0.0853237793867522 0 1.03358251715899 0.00524941682596297 0.0104240839264948 0.000436101856345856 9.13058937776056e-05 0 0.000193334278266925 0 0.122039340469353 0.00832970198647192 0.0119904015574709 0.00455633038860893 0.0260272638268831 0.147445185333259 0.000497567626513218 0.00133741529087528 0.00334124670930515 0.000779706206473555 0.00090880384643179 3.38595607906065e-05 0.00414824696273588 0.00133008629672029 0.000716149626433502 0.0247841496852504 0.0512952576159913 0.00815043150642867 0.000133836204262005 0.000163660919064404 0.000209533548869567 0.13864426333101 0.00234355921760336 0.00669755670805908 0.00416999663047031 0.346621079034086 0.000858646084489012 0 2.27567342239987 3.52299616832245 3.92492322084224 0.00738777277237069 0.0220440640159989 0.000187606664278264 0.000199465004803469 0.00117595333436286 0.00105702945921354 0.000263774456192049 0.222962995547886 0.000485606777017767 0.0251694617154799 0.000174788641258071 0.0312512430335618 0.0427028488635531 0.490868271272622 0.612410257122939 0.0110979790093036 0.000297941872623634 0.00513298922781196 0.0116214696457741 0.000635319157280883 0.00042444836175117 0 0.000156189679479321 0 0.000861131894249995 0.013707479371391 0.0215864326302745 0.00345373411238265 0 0 0 0.000237895607634875 0 0.000530378782511395 0.00413846559483699 0.00913330874428054 0 7.76345412173982e-05 0 0 0 0 3.00134972864565e-05 0.000357077529624754 2.53007886672494e-05 0.000106642434974075 0.000102433266746327 0 0.000480442635181275 7.53056752885904e-05 3.37350407306064e-05 0.000141981052188352 0 0 0 0 3.08629476424727e-05 0 0.000345095002521216 0.000329372521083102 0 0 0 0 0.000322006594888713 0.000293354717608624 0.000112635575018283 4.17907345882321e-05 0.00169070955497636 0 0 0.00148995372473018 0.00292949571729028 0.00466243015817694 3.67129635466352e-05 3.56790856460144e-05 0 0 0 0 0 0.000210075201813628 0.000355298237669744 0.000735993623415793 3.63089369032083e-05 0.0113133711551791 9.69863525794134e-05 0.000807568479840599 0.000520455060773369 0.000107070244200343 0.000102834179225825 0 7.0228337760966e-05 0
0.154854972131093 0.00031807806400703 0.994103785956549 0.0176778444864706 1.18614025660196 1.8193873942663 1.61634958529344 1.2397218608181 0.00302905201033746 0.00205661515910753 0.000156915293245119 0.111844676148915 0.00249225764641828 0.0627147262026077 1.03358251715899 0 0.00987512317229089 0.0278801890297777 0.000533489834053978 0.000104868553498306 7.75281678907136e-05 0.00014403580952782 0.000168358868081697 0.0641626387685413 0.00775937839125549 0.0100533844634212 0.0668252874555355 0.0228835448511899 0.373890749413817 0.0192695314728874 0.316093169947316 0.0120126998372094 0.0013376303242081 0.000664400099636997 0.00036401083644012 0.00314256606549539 0.000852746220247207 0.000579587938328067 0.0284131393013743 0.0448850327096122 0.0142208142734012 0.000113116793577418 0.000391668028038483 0.00101480656699433 0.285058853742446 0.272502678161504 0.0330572929631073 0.00622980419138067 0.53228598955396 0.000562054276208543 0.00041301737668791 0.281717788309612 0.582528482574338 1.90271071835146 0.00532880972840864 0.0375623361873016 0.000204245900194556 0.00072874270441505 0.0012030489851856 0.000302781070820898 0.000992361533827708 0.0251826828193864 0.0335677832678954 0.100343415781808 0.000784209411884638 0.182754840790103 0.0756475800478816 0.126792201139655 0.57720365625627 0.754760364679174 0.00464364845470569 0.00409517557727209 0.0113033290534857 0.00119547900651795 0.00258711683835463 0 0.00730322433709989 0.000834826408883087 0.0046705359618858 0.0690806019058365 0.107981053638488 0.106540613452701 0.000192679435336529 0.000127008759203582 0 0.00256695003335795 0.000196020144524504 0.000717170695293562 0.0221604759433245 0.13762528426175 0.000150218934554079 0.000523087067696799 2.25425332155567e-05 9.66815428126711e-05 0 3.96989486148437e-05 0 0.00113701484311689 0.000288101650117707 0.000266709769427421 0.00142160726976435 0.000503273886221759 0.022836766496142 0.00121916951441556 0.000893713687800774 0.000637193988798292 2.10884232951757e-05 9.12908301704948e-05 0.00015151244996874 0.00017786777875279 0 2.75662517402812e-05 0.00056676655778477 0.00183495884367957 0.000255132123114054 2.22000678016454e-05 0 0 0.00626487441427269 0.00700429122943021 0.000961326395272218 0.000190432994220821 0.0100156085820866 0 0 0.00627765183897525 0.0102996527363755 0.0251315859409985 0.0001853018800366 0.00128979999754298 6.22708239392516e-05 0.000280260128107597 0.000182437477185421 0.000140974148495972 0 0.00109029209835072 0.00414029146187322 0.00294104630387941 0.000121848239236361 0.0898030475659271 0.00130977387994996 0.014454660282456 0.0362012190535805 0.0134487860599387 0.00139332751101274 0.000149108807086943 0.000651247227312162 0
0.00020690774117073 0.00402642151801804 0.00737458684674671 0.0385541646201321 0.00125853708061293 0.00176374390154368 0.00324030931630353 0.00230897781070315 0.000735519169751724 0.000799293049379868 0.00435926382565813 0.00883777068395869 0.00121434762656694 0.00108129070215734 0.00524941682596297 0.00987512317229089 0 1.9328234609857 0.00447431527485647 0.0012523439517768 0.00465885842789176 0.00871481370536247 0.358633379404161 0.0287767200159194 0.00428470092113391 0.0179987388454306 0.00655901134506889 0.0193390594863365 0.0217467836169487 0.00230323754611712 0.000610034478925325 0.0511328433313965 0.436706229108756 0.139161434135332 2.67052614341104 0.0235709868729136 0.0163780181006458 0.0180829791829324 0.00133922930995331 0.00401702045483637 0.1718461009022 0.00237339260860549 1.04889437462499 0.0180957159082264 0.0584506897279719 0.000747765983335435 0.145487755014494 1.78622320210364 2.61211280992162 0.0697038737278804 0.00616544032908515 0.0122030423978506 0.0017199307704703 0.0180866519237952 0.0148135668400343 0.00821843184075999 0.0104929885104257 0.00713782294902431 0.0155063262508794 0.0121311675617636 0.0655228080979 0.000609270980079943 0.629111997105182 0.0273107317446579 0.00386842616047434 0.0029958780649637 0.0496200243294532 0.0145771167464803 0.0171264874612868 0.0055076985337085 0.000894529584833152 0.191243645933303 0.109174287241742 0.0516995715213687 0 0 0 0 0 0.000137404080987173 0.00080084221231458 0.000987138211691687 0.000158788524245855 0 0.000292689531794281 0 0 0.000184412851832929 0.00059019189377732 0.000494902775875707 0 0 0.000129196937721052 0.000143399202205088 0 0 0 0 4.71437287454346e-05 0.00011313651033804 0.000626415194059501 0 0.000160064505800908 0.000184831517746387 0 0.00113944910618516 0 0 0 0.000131543573635585 0 0 0 0 0 0 0 0.00055950800802355 0 0.00148802720021705 0 0.00027566015654527 0 0 0 0 0 0.000445181693771056 0.000638698963423837 0.000530427088723371 0 0.000121379993188883 0.000396506667084094 0 0.000230179606486009 0 0 0 0.000117193868369335 0.00126809372250486 0.00029819330235176 0.000388979082177695 0.00029412357237567 0 0.000926126474877893 0 9.03044165831588e-05 0.000277792942121526
0.017338852191071 0.00489489319353424 0.000978202087366162 0.0104666621102108 0.0112421898317739 0.014114004631073 0.00347882714139918 0.00119861301087625 0 0.00142664850960139 0.0023009071235808 0.0278917372814883 0.00462598291962111 0.00642952721768778 0.0104240839264948 0.0278801890297777 1.9328234609857 0 0.00176048417253232 0.000753678573801674 0.00264567314905984 0.0075215862713936 0.0724354098499389 0.123467494191833 0.0023525861021398 0.00364748528718165 0.00309984732601384 0.00293103614947182 0.00784743623476491 0.000895895882019404 0.00176576044205819 0.0196345488068734 0.0881985777507889 0.0403611547445546 0.456060032943588 0.0085747163670242 0.00905085588389217 0.0122193006225353 0.0378209013751157 0.00718317568171724 0.0294507398258213 0.00326686862240999 0.208168436968844 0.0124541879474262 0.0113520848724015 0.000802235168358856 3.15715560667057 0.537787944904996 5.04739230361477 0.0233655899630744 0.00595586763157432 0.0226493596684935 0.0232734453990846 0.0178706817689608 0.00617913220576627 0.00414122843763709 0.00493961958814693 0.00620638742074363 0.00568608468823158 0.00891980684780726 0.04096078841753 0.0122483351378308 0.401652416448147 0.21851295853826 0.00248875289228774 0.00444068781658399 0.00736951819251277 0.0179676729903811 0.00663225488096907 0.0249224496551258 0.000943938254230739 0.111218866004802 0.0739259660833168 0.0198100706835465 0 0 0 0 0.000139290978087498 0.000753491909145881 0.00120404643857733 0.000421348461786088 0 0 0 0 0 0 0 0.000161093047870106 0 0.000133049363906077 0 0.000215005972327979 0 0 0 0 0.000261145118768642 7.8569305104784e-05 0.00019765969131412 0 6.88438652129801e-05 0.000510799503124056 0 0 0.00017211734238921 0 0 0.000198807014307687 0 0 0 0 0 0 0 0.000246992823386406 0 0.000533986249058363 0 0 0 0 0 0.000303956497151266 0 7.73190394133955e-05 0.0002299458457161 0.000187218894011239 0.000106315156977162 0.00011063390765135 0.000659243066845176 0 0 0 0 0 0.00022060692567146 0.000270001229781406 0 0 0.000137055465999264 0 0.000666424178144279 0 4.51740770152195e-05 0
0 0.699652106591875 0.00157714124249111 0.000169092968588644 0 0 0.000756326301675827 0.0018201762587109 0.00178201479904532 0.0232606754045963 0.164123975704145 0.000242508138307516 0 8.53469831695822e-05 0.000436101856345856 0.000533489834053978 0.00447431527485647 0.00176048417253232 0 0.173888216129957 0.105111972831987 0.0521789337492308 0.00123185508434337 4.43795667197603e-05 0.215461440708904 0.00194994075639907 0.0511844385691688 0.000331637334720532 0.000881806223585234 0.0244112200218499 0 0.00165621177293431 0.0026037515532672 0.0043710642026692 0.00309340491057815 0.00827776922076727 0.0135707700328608 0.0116772607702601 0.000151080763855334 0 0.00546385116110038 0.277968359798516 0.00310002086696903 0.313915279334579 0.00221276260914691 0.00162063856061489 0.00149781381663973 0.0318018694288706 0.00122667664407728 0.0317073163814709 0.282640722614009 0.000608054334357738 0 0.00147076188158904 0.00294177765649515 0.255720689326578 4.51177154732775 2.28059115439264 1.82141720592283 0.0598539899855179 0.114794306242416 0 0.00109967661110494 0.000419256323220166 0.148314009407898 0.0529251870542397 0.00353773414676906 0.000484912392687653 0.00146617138031776 0 0.00456582728257431 0.115211308890787 0.771501563701887 0.00405954600257317 0 0.00199264659490158 0.000111527053135147 5.33899269939964e-05 0 0 0 0.000515696136920821 0 0.000701034125279021 0.0035683607673085 0 0 0 0 8.68443727971753e-05 0.000504174494611702 0 0.00145189757697233 0.00329958717233086 0.000409078747397173 0.00106870518079143 0.000324426657438859 0 0.00188227054501182 0.000273187842372601 0.00353108123825279 6.74804272000279e-05 0.000119638318371133 0.00494284722714879 0 0 0.000105841063056769 0.00063109117231852 6.92862804872914e-05 9.28752623143222e-05 0.000149214264748027 0.000530826436289059 0 0 0 0.00338792982842261 3.85024536016347e-05 0.0184089438340867 0.000151087536106241 0.0014516377002132 0 0.00174279035691667 0 0.000249412171081445 0.000311668348018559 0 0 0 0.00077339555942964 0.0045057686249448 0.00145854960584966 0.00389254933163181 0.00370869481359682 0.00181782765285885 0.00177747060173547 0 0 0 0.0134971921681283 0.0188413709128893 8.06102381126408e-05 0.000257501870799586 0 0 0.00480679418274697 0.000216677945399328 0.0023669444923818 9.4642865122503e-05
