0,0,0.000171443847537006,0.000670390877310203,1.79084589829877,0.465006019214458,0.03336003496888,0.00358178702965148,0.000437873712277418,0,0,0.00222970994880383,0.143909277211988,0.0986899636051395,0.375222535802907,0.48295744108628,0.0084575802462159,0.0231976727634275,0,0,0.000191738720453937,0,0,2.89560639451334,0,0.000108685026879166,6.72648875169046e-05,0,0.000446200120578499,0.000210527155806377,1.77919323972263,0.00684145344442618,0.000181635638518453,0.000118232255358047,0.000845352499283747,0.000223232714189234,0.000322531261930151,0.000536193098432345,0.192034589132511,0.0191387224073519,0.00116704582228247,0.000118854569481994,0.000890464525854563,0.000362021992577377,0.0017491599113612,0.00229244218851085,0.256513673723307,0.00376782496004621,0.0955473796352297,0,0,0.716248094727799,1.4077792724038,0.0290484924768795,0.000381057669706537,0.000182929102189824,0.000678901538493735,0.000364709635432385,0.000210460428749837,0,8.36758063861246e-05,1.20388979893608,0.0641676875869815,2.8910282649896,0,0.102997938796319,0.000479003848810807,0.00219182803770117,0,5.49540719209111,0.000296407266217498,0.00272235401156892,0.00129536862844513,0,9.39055574347322e-05,0.030590264455895,0.506663996272558,0.293721578909423,0.103810237119133,0.00110336136718473,0.00119715558856581,0.0298506228142163,0.000116827148816875,0.103502249567862,0.000771107588926361,0,0,0.000144971943570497,0.00115515094172279,0.00701521053423122,0,0,0.000158954894800917,0.00720945760498308,0.0263994386156612,0.00373086125369952,0.00027239840035528,0,0,0,0,0,0,0.0010094973223119,0.00217960474927748,0,0,0,0,0,0,0,0.000736808554464116,0,0,0,0,0,4.45175347029564e-05,0.000227652364458425,0.00289819714350376,0,0,0,0,0,0,0.00282287933301614,0,0,0,0,0,0,0,0.000811899259070541,0,0.000914841379439157,0,0,0.000719175988129249,0.00514968181106886,0.000725728147679901,0,0,0,0,0,0,0,0.00194809239464882,0.00117753031365935,0.00212093026174342,0,0.0533747986124534,0,0,0,0.00334004907174871,0.000607275242389677,0,0,0,0.000101064888391137
0,0,0,0,0,0.000253627131858486,0,0.000351710196564715,0,0.00294411002972625,0.0164183225732836,0,0,0,6.83959721660471e-05,5.92837623420811e-05,0.00397130352138455,0.00116510425816203,1.56533673083701,0.0340904844652402,0.270898234892192,0.111626245210493,0.00167574941803954,0.00027546422945505,0.00338916855584659,0.000254944361311415,0.000726481785152707,0,0.000138574469864299,0.00203460285387196,0,0,0.000464543021710485,0.0014301759709837,0.00209223211371565,0.000534125944960662,0.00832062798622016,0.00534838889048717,0,0.000138935062063708,0.00100854334931711,0.351831807966282,0.00380177594582318,0.150085000243496,0.000339922476238923,0,0.00154283727557205,0.0127523188517668,0.000913472050184218,0.0205375265447929,3.70879956480731,0,0,3.9036748136779e-05,0.000748910496507369,0.00442503159018488,1.69240381485235,0.413921890954197,2.84496018667433,0.557144649661818,0.199373405373762,0.000285484877009412,0.00016197434455653,0.000260660103598999,0.0236186989717839,0.0101324060636247,0.000399230942786375,0,0.000126969271759015,0,0.000176419105119188,0.111970389383226,0.0941557239376146,0.00012437271194952,0.0831996934605262,0.0130444768764516,0.00041443659503362,0.0101066103516093,0.00407258808763789,0.0609919836491239,0.00291623914383131,0.000865535231455959,0.000510271722417577,0,0,0.000216596748327776,0.00133784945450735,0,0,0,0,0,0,0,0,0,0.000174598007507958,0,0,0,0,0,0,0,0,0.000310377092690856,0,6.21918111663473e-05,0.000302041144572399,0,0,0,0,9.68786915335265e-05,0,0.000336782244457632,0,0,0,0,0.000352012714828044,0,0,0,0,0,6.03730567453166e-05,0,0,0,0,0,0.000839712508355819,0,0,0,0,0,0,0,0,0,0,0,0.000879469066145258,0,0.000335198591683571,0,0,0,0,0,0,0.00167422540669345,0,7.78146311419814e-05,0,0,0,0.000118642969601356,0,0.000607010692539704,0.000665459045133552,0.000117346921015706
0.000171443847537006,0,0,0.011879940304711,0.000454759710934621,0.00285007624857433,0.0120719714502862,1.11892384914648,0.337728622428939,0,0.000239233478382969,0.00103749476112107,0,0.000353776645510437,0.00212704174044706,0.717406190279292,0.0161731533676125,0.00307009661158858,0,0,0,0,0.0012227136990579,0.000191559009727929,0.00457114933353835,0.0133442350767774,0.49856345492536,1.40403651662959,0.748505608587053,1.16878984083621,0,0.00374560150089831,0,0.000143004533279654,0.000528723780946799,0.00159042269889619,0,0.000351113841022701,0.000739111009881555,0.000412792102657905,0.0129792445477928,0.000265807140516421,0,0.000220725807814601,3.76811579992619,3.93267351466756,0.00171251127191539,0.00599646230218708,0.0392276697319764,0,0,0.00162110465010733,0.000655437644413708,0.0163102413132634,0.00113929957896287,0.028821800259021,0,0.000143821381595032,0,0,0,0,0.00118172976974718,0.000128046821229336,0.000725657558453628,0.167889104360727,0.7793856461469,0.00576640865368825,0.167280001343514,0,0.0163342543560679,0.000888667649387642,0.00181473933926984,0,0.00571312561525518,0.106303681424391,0.187892807807403,0.0604815420767699,0.0786671391161564,0.0171472146396558,0.00548539200811284,0.00327058327242985,0.00421655428397016,0.00435526476442743,0.00286529560354737,0.00695022800439299,0.000992185663294116,0,0.000728093078433412,0,0,0.0167765296368594,0.000434241630056379,0,0.000399514531153508,0.00134006457421354,0.0323574930567332,0.00431880005177868,0,0,0,0,0,5.68767950971357e-05,0.00770938821664657,0,0,0,0,0,0.000196994343816537,0,0,0.000247474524814185,0,0.0016340851111593,0.000687922735044935,0.00498293802444646,0.00162569181990192,0,0.00147258820784069,0,0.000146587149609589,0.00047013778900807,0.000238130695288823,0,0,0,0,0.00108443770419023,0,0,0,0.0222964399996947,0.0329714812829188,0,0.000165171427527877,0.00026581690883825,0,0,0.000133898518574371,0,0.00105385306097955,0.000533281217730795,0.00183113053023871,0,0.000238121160322062,0,0,0,0,0,0,0.000444318864953482,0.0472124994564324,0.00679528445545603,0.000303184277158596,0.00663394718847602,0,0.00249141372493642,0,0.000275164313005088,0.000184064289411888,0.00193605765061323
0.000670390877310203,0,0.011879940304711,0,0.000383465109340752,0.000553144399929026,0.0115702266504998,0.0195723617809846,8.86003072536811e-05,0,0,1.85763559643242,0.000252220730520666,0.00392270323152193,0.0106680211227836,0.015658994928736,0.0760642732971403,0.0280794448125529,0.000322878246651549,0,0,0,0.000697687528250163,0.000770881631388988,0.005236940384039,0.903173425763052,0.00194737689092751,1.58589385394479,0.301515654456517,0.00156850332802168,0,0.000607027295912704,0.0125563878676333,0.00235144973399872,0.000934833325792967,0.0178613536473966,0.000660597761406585,0.00202928062210004,0.000174015271307663,0.0247336862950601,0.136631868339459,0,0.000181080901050935,8.19700030280238e-05,2.64428096796368,0.0136067781167667,0.00289298837436979,0.0123497235847106,2.02816200638407,0.000402901938457298,0,0.0252132578927177,0.00229584573588472,0.0189849925665058,0.0288448391425404,0.0165796089691544,9.22590899417506e-05,0.00117638594730181,0,0.00152199098682698,8.09596485771419e-05,0.000819298473267406,0.000122535698778315,0.000793830377007513,0.00160653433955421,0.0170138756433957,0.338351137542001,0.986803520449563,0.0302178872735994,0,0.000570841181579367,0.00229232020331522,0.0151779787976895,0.00574100775260873,0.00204912102531306,0.0343933592160997,0.0582192415975475,0.159482723120386,0.0795386234008277,0.0111366688619051,0.00229624128964198,0.000682384666506946,0.000675361706272441,0.00100891767501308,0.000502643456662762,0.0027335118259712,0.00133732238626412,0,0.000247939309481894,0,0,0.000991721735893498,0,0,9.89891976043125e-05,0.00129439508177853,0.00353735087252787,0.000194736609169851,0,0,0,0,0,0,0.00131772410507596,0,0,0,0,0,7.87929946575051e-05,0,0,0.000257837420498429,0,0.000611042879819743,0,0.000737545810196292,0.000271934579054445,0,0.00039048499721675,0,0,0,0,0,0,0,0,0,0,0,0,0.00256656094976733,0.00465396174825624,0,0.000626974261811693,9.7473591928408e-05,0,0,0.000210510836057857,0.000376472429445821,0.000930751797879055,0.000298418256534971,0.000467803252299961,0,0,0,0,0,0,0,0,0.000133112213709409,0.00310096557145817,0.000888607042696442,0.000845066467931649,0.000718904564391618,0,0.000409022262978591,0,0,0,0.000948340422217655
1.79084589829877,0,0.000454759710934621,0.000383465109340752,0,0.290576878762239,0.0247944261340093,0.00302457797918682,0.00038337292130201,0,0,0.00250305671100365,0.0234736236344797,0.0158043266027925,0.034084936590613,1.24293243254796,0.00363148312560058,0.0103672928539815,7.66076582605084e-05,0,0,9.25165778519321e-05,0.000101680751389312,0.123552153910451,0.000137031055095085,6.22926430506581e-05,0,0.000109248396577207,0.000426806222411466,0.000130752949874427,0.144079093912274,0,0,0.000201655617094482,0.0014143326361896,0,0.00019222571479803,0.000446870535824422,0.0868286651938447,0.00854496475453592,0.000240496112940965,0,6.4481487785973e-05,0.000430343925014277,0.00138070150503816,0.00119560583437444,0.0521803323651516,0.00182170646158508,0.0744085727059064,0,0.000285045465659699,0.106615974834374,1.88618370431353,0.0486457498348345,0,0.000124467050621199,0,0,0,0.000165648872829003,0,0.0899488760991292,0.0119917686646475,0.184977180773239,0.000242639185474572,0.0695506992315391,0.000552639220293853,0.00264466681735622,0.000913478442713833,0.475939766481388,0,0.000739367026352629,0.00080692991670527,0.00036621734274736,7.066008432086e-05,0.0161157179722776,0.15528009491909,0.0959174068003688,0.0426331248759731,0.000281948793215708,0.000581320804670955,0.0101899190898532,9.48128699666852e-05,0.0612044639941656,0.00010585012938558,0.000894606296162097,0.000222277325794495,0,0.00096610236840401,0.00231328870810509,0,0,0,0.00336378068888593,0.0159368762788095,0.00255807415693114,0.000115090261805843,0.000478656631737288,0,0,0,0,0.000131278609015736,0.000823594091884132,0.000720725997795759,0,0,0,0,0,0,0,0.000660827419291978,0,0,0,0,0,0,0.000205936225436458,0.000457706431560095,0,0,0,0,0,0,0.00129498173149514,0.000276003266545321,0,0,0,0,8.64303101679297e-05,0,0,0,0.000546093128430472,0,0,0.000744144802469485,0.0042874249438083,0.00046154541511053,0,0,0,0,0,0,0,0.000766913564266766,0.00134581070164112,0.00152176102062706,0.000136627988936109,0.0409043649827785,0,0.000126581099721686,0.000101506302392778,0.00162852360633656,0.00033049476389698,0,0,0,0.000103951223547448
0.465006019214458,0.000253627131858486,0.00285007624857433,0.000553144399929026,0.290576878762239,0,2.82226029742218,0.151547867597633,0.00993048267137451,0.00114968051217237,0,0.00476983791355071,0.0168130466467959,0.0219642705068923,0.0583328849522323,1.47617408581161,0.00567024195751233,0.0131187024386124,5.39818797371501e-05,7.444406177602e-05,0,0.000111949127573084,0,0.143847938645985,0.000590674240173083,0.00049478561593744,0.00115832453992949,0.000349125861917712,0.00233136137195315,0.00504360048837157,0.546861417137645,0.470832112084528,0.000172737978936001,0.000511310603055169,0.000590934236798549,0,0.000349754857895427,0.000809412204381047,0.0390231501819822,0.0127880214527422,0.000715611597233143,6.37944890146585e-05,0.00055421316388806,0.000285251375113841,0.00561740539666961,0.0443759229366777,0.0848790783240636,0.00265772563321249,0.116356660420693,0.000194102763227478,0,0.113895099941494,0.383423932409752,0.196875989419772,0.000323388557500392,0.000642000250724438,0,7.69978430291696e-05,0.000117284072611796,0.000275691889398554,6.49844280830713e-05,0.0559546884087559,1.60617150303965,0.226886104773559,0.00190656929345179,4.54097945653918,0.00263025784485343,0.0027724609228823,0.00132994995630461,1.81123400676381,0.0186035662925229,0.00104257345035642,0.000906195784379574,0.000420878254208816,0.000272209213891606,0.0459580929768887,1.31317675186522,0.252296503210087,0.0993303899006488,0.00090522645041014,0.00112377233447191,1.03109920039643,0.000981335474590974,0.636784296484492,0.00706627063539146,0.00231700968275616,0,0,0.022620611074561,0.0457036883923259,0,0.000324676740528276,0,0.0459522885324624,0.279865592464667,0.0569490929575251,0.00501662178671456,0.0026091432568158,0,0,0.000197724349509812,0.00148928249246979,0.00100108358778037,0.0126669634586183,0.0227871800269774,0,0.000660868916412,0,0,0,0,0,0.00972450398944505,0,7.55598943480429e-05,0,0,0,0.00025741043352348,0.00767566925022703,0.0887517596433696,0,0,0,0,0,0,0.00761239257667143,0.000680933603132115,0,0,0,0.000274395612183398,0.00015047310964314,0.000295655092150486,0.000910774601725096,0,0.00751213721406541,0,0,0.0103610837039537,0.0404255490688972,0.00792154878410947,0,5.27010586476653e-05,0,0,0,0,0,0.00641964376601083,0.0188957566687416,0.0200390093030058,0.000479605562241132,1.04677879898012,0.00028778685898578,0.000239659915590051,0.000261328195256308,0.0425308118785119,0.00355140359653052,7.24799741371948e-05,0,0,0.000236998985756576
0.03336003496888,0,0.0120719714502862,0.0115702266504998,0.0247944261340093,2.82226029742218,0,3.77644939554626,0.0664629132211973,0.00200265799436828,0,0.179375444896997,0.00408553586851201,0.0282421150323245,0.218518015762019,2.32906978597763,0.0201287016613231,0.026322922508647,0,0,0.000206626834623195,8.37484431285423e-05,0.000625599147438885,0.0103483063310187,0.00392453143466863,0.0086330862042656,0.00760931926161249,0.00375009446819147,0.0409744678076379,0.0273162275245849,0.00608287174390954,0.0106878798757605,0.00117271405859726,0.000596818651552301,0,0.000728293055553119,0.000528461533966196,0.000776533143350875,0.00853404796434022,0.0947779991616425,0.00875971674690092,0.000160443392789018,0.000315237180137683,0.00171062475676971,0.0711259428759476,0.361836001728159,0.0283840500889027,0.00397026752231833,0.467063158939213,0.000609801443283101,0,0.242380524534766,0.167659269227912,0.662849326181128,0.00347768244835617,0.0129760973662597,0.000151297198951489,0.00114428990490803,0,0.000452956493374612,0,0.0119053317479353,0.00816626459515746,0.011505073397067,0.0109191694478228,1.6726523602888,0.0278941736188269,0.21154205919255,0.0547459748163019,0.0148530931657464,0.119448086810238,0.00164388171875816,0.00676217798050064,0.000891779395981998,0.00340719372890096,0.217691819789351,0.649094796218691,0.273561602922841,0.16714522800493,0.00953579308932294,0.00915338238326867,0.0239616810549985,0.00738996269814501,0.0314089867926819,0.011416782380304,0.0145626467135649,0.00107661036388557,0.000702079970199871,0.00994146450787132,0.00304575110245865,0,0.00154087308245113,0.000730766611800104,0.00421143850605878,0.0531719090744575,0.309843068724344,0.0625270886268255,0.00795819837630143,0,0,0.00167017945129234,0.000138330840581576,0.00124005766605449,0.011617585229933,0.0648086857688954,0.000326944843045131,0.000769630080593615,0,0,0,0.000525340496805184,0.00143128424122018,0.000853798360871046,0.00013596015317818,0,0.000859876507353752,0,0.00136474151262632,0.00132040143276004,0.000844239307782103,0.00236778508475248,0,0,0,0,0,0,0.000702366235700785,0.000867316769556207,0.000318514679251902,0,0,7.48931611630919e-05,0.00235982733748565,0.00700011143640568,0.000112023645315318,0.000224475554614093,0.0160301687183256,0,0,0.0234034507466367,0.0171935330205354,0.0667480780824506,0,0.00107729209802187,0,0.000395498502144335,0,0,0,0.000924873748015366,0.00168588779282162,0.00119607349518922,0.00195589204041245,1.00408518727712,0.00127052622957548,0.0115983211886445,0.00925964850185956,0.00370830886756446,0.00798085870449561,8.2356612889441e-05,0.000483580250868856,0,0.00296958264176744
0.00358178702965148,0.000351710196564715,1.11892384914648,0.0195723617809846,0.00302457797918682,0.151547867597633,3.77644939554626,0,1.45727498448915,0.00855984899715954,0,0.0137468404205505,0.000383864404876583,0.00225490143367006,0.0319190027446936,1.32714389739598,0.0286324899716409,0.0107722290926757,0.000816893249391399,0,0,0.00117751372199194,0.00092505200750761,0.00159169970464028,0.0142598947341565,0.0170547389727755,0.0292856676993574,0.0202248739153561,0.205546999331143,0.131979651084187,0.000362385455920773,0.00999944090572027,0.00229118380892895,0.000357928185983949,0.000625760627426706,0.00199344263161351,0.000209009721460262,0.000143685555482215,0.000623060865161271,0.00518845712834799,0.0197795365979962,0,8.91923343962642e-05,0.00224689267137607,0.506592901146014,4.29204831767865,0.00593722618136781,0.0111816484170408,0.105992840515663,0.000537981307006558,0.000232312450863846,0.0195767193491531,0.0139450937224134,0.0764295823356814,0.00505616841994679,0.0511355954534248,0,0.00389712764275889,0.000207681822165986,0.00148635807779404,0,0.00180561017496958,0.0042361300750329,0.00280695282377999,0.0375344756681269,2.35892104157853,0.0994563850035582,0.108064295819662,0.186870594202985,0.00205649672163898,0.552838483192873,0.00363717957558498,0.00725919761207632,0.00142677190421644,0.0066472463400315,0.227970659645365,0.462918370454199,0.1821739370497,0.176813459378835,0.0338422347047946,0.00744966186409753,0.0113069383690762,0.0309789755434423,0.0434821305891103,0.0396845959682924,0.0385261018096674,0.00890510401285465,0.000586316029542045,0.00173130638158725,0.000274712296223709,0,0.112538556140803,0.00357119765056032,0.00123240790301263,0.00663573404655232,0.15502185543419,0.601141436043404,0.191779755673508,0,0,0.00113988447460772,0.000561154366773148,0,0.00561071408709531,0.149867416611692,0.00273106268364368,0.0023792064140371,0.000243721313544457,0.000816519830579612,7.84251441316858e-05,0.00192694242357085,0.000780160403749567,0.0002266876087266,0.00113098695692141,0.00147565825494909,0.0109591756126204,0.0010476984078061,0.0415176662582145,0.0139749429965222,0.000558650753270828,0.00066216618420898,0.000718805766418903,0,0,0.000299605147528444,0.000141488654256259,0.000173356251242064,0,0.000847351298693476,0.00951613992186522,0,0,0.00174502505129405,0.14457420989711,0.201144057476656,0.000564227781217525,0.000413355165888564,0.025555411652067,0,0,0.00564637758927269,0.00342544547000415,0.0487981443405287,0.00121366011905992,0.0116441410476991,0.000274512283792216,0.00105720664575568,0,0,0,0.00016431038342378,0.00037116537657602,0.00105137098716949,0.00627194752259894,1.13513618008456,0.0274280896784329,0.0229122146523296,0.12854356057657,0.00166128677723465,0.0293877360403339,0.000353131325922587,0.00159265094877235,0.000315614145433785,0.0038582761587753
0.000437873712277418,0,0.337728622428939,8.86003072536811e-05,0.00038337292130201,0.00993048267137451,0.0664629132211973,1.45727498448915,0,1.90200220181656,0.00112137915310284,0.000969461003535672,0,0,0.000908963615338106,0.120880131979117,0.0033405175026371,0,0.000952278931145114,0.000836586861148372,0,0.000853276223901418,0.00106409932651116,0,0.0252987557445055,0.0101455726114171,0.027958669914098,0.00138196334451482,0.00142973869968841,1.69954812740483,0.000143322053539237,0,0.00896167149560048,0.000601776124047653,0.000496405794067963,0.0157467741677969,0.000464539265947379,0.000823988775852462,0.00024373196990542,0.000412758032253345,0.0324747248856876,0,7.24157652219164e-05,0.0193132584723868,0.00720582350078066,2.05794680980415,0.0013732133480468,0.0185560100475785,0.00166535180510158,0.000521199155928038,0.000928151574059038,0.000917961684846681,0.000866894620316097,0.00255385930617833,0.0193832777211776,0.084759906194058,0.00170763836251577,0.0136556724172508,0.000924887766371521,0.00209208689477386,0.0011911408308421,0,0,0.00027094094589375,0.296996594013235,2.14004011201517,0.0258222816843569,0.00128066821483771,0.00045368171983785,0.000909291129598172,6.11609509780012,0.00238524105663477,0.0164350552493928,0.0067023316182283,0.000285176341048414,0.016361117253213,0.00596474807884217,0.00671090945618278,0.00689049419987381,0.0128124610008308,0.0021303016523828,0.000908613165809121,0.0077533666675919,0.00276610342518459,0.00498273178924793,0.00435532586463424,0.00278699613988669,0,0.000870058167169162,0,0,0.011895047219586,0.00116178235000482,0.000171162595602372,0.000492406544739532,0.00409737863148073,0.0300898457033425,0.267567346031442,0.00334645699798436,0,0,0,0,0.000453377074941057,0.0016401088126079,0.00327470562290887,0,0,0.000122723226933524,0,0,0,0,0.00377791587484952,0.00377669031129354,0.012341771843726,0.000749342253413499,0.000577665981689483,0.0192379820705478,0,0,0.00257473606189314,0,0.000295461371211217,0.00232932366265898,0.000136243152321074,0.000256300657182422,0,0,0.0262514161831977,0,0,0.00224983467738315,0.0159240692867448,0.0998467173966935,0,0.00912757594632563,0.00128796819647988,0,0,0.000654202990987075,0.000395902710360468,0.00149697828562512,0.0118081455889477,0.0303644081835686,0,0.00206123764565188,0,0,0,0,0,0,0.0149725557477339,0.129590574669012,0.0319494017239533,0.00168024146118009,0.00352364077888201,0,0.0615313653527644,0.000780098467288947,0.00426301751638144,0.00288561053020915,0.000154003125564862
0,0.00294411002972625,0,0,0,0.00114968051217237,0.00200265799436828,0.00855984899715954,1.90200220181656,0,0.13459945677636,0,0,0,4.72547678016032e-05,5.47715482264832e-05,0,0,0.00271933852563589,0.000550880429496248,0.000689871376564856,1.08974211787102,0.205575434003341,0,0.00228712018765237,0,0.000151744602485501,0,0,0.428238085750249,0,0,0.0014351394386357,0.000467377595616186,0.000159851049676011,0.00166248260506606,0.000326125326132395,0.000213736030673027,0,0,0.0011421101047973,0.00277145954047761,0.000468397106262248,3.1466213536778,0,0.00126385461397227,0,0.00172158430215959,0.000474917868815539,0.000335856817857312,0.00974212694523929,0.000102254688494469,0,0,0.0017534464635969,0.0114912388004309,0.00383505509586751,0.011312619252621,0.00512115351997978,0.00194189983833808,0.336800596304492,0,0.000576729844942749,0,0.304098555568256,1.76925502948012,0.000568014545688075,0,0,0,0.252154778145145,0.00183764325473056,0.00351927711251196,0.000820447822139636,0.000162889883353336,0.0286051783129031,0.000549020595360609,0.00139341151781432,0.00209276484871352,0.513896642458869,0,0,0.00104854620206048,0.000211157673056537,0.000319395485746034,0.000243686648682771,0.000181477737632246,0,0,0,0,0.000458148098636091,0,0,0,0,0.000372905570786881,0.00199951943235186,0,0.00112347975191746,0,0,0,0,9.69492617582655e-05,0,0,0,0.000260518629751162,0,0,0,0,0.000434046246823098,0.000236854518903193,0.000103745549549339,0,9.07751459293393e-05,0.000696652747848141,0,0,0,0.00012387975204197,0,0,0,0,0,0,0.00151521674100395,0,0,0.000520121417587838,0.0021067196142355,0.00449156379225031,0,0.000374578943247085,0,0,0,0.000210956236944719,0,0,0.00162193722126225,0.00205319193455577,0,0.00110901890231476,0,0,0,0,0,0,0.00270061719620601,0.00429372415916185,0.00139516001358402,0,0.000333241741057026,0,0.00226838782132899,0.000723921337137619,0.000374639134181481,0,0
0,0.0164183225732836,0.000239233478382969,0,0,0,0,0,0.00112137915310284,0.13459945677636,0,0,0,0,0,0,0.00218023691688408,0.000718430217296988,0.030658250918051,9.26569703255036,0.00339655163894915,1.90253947078393,0.00298437832407917,0,0.00259166126424153,0.000106579928530292,0.174247304973666,0,0.00019747161319707,3.59592242762275,0,0.000217216901683345,0.00142321432244249,0.000826622776971742,0.00123581557047934,0.000620343275596472,0.00228811972172007,0.0023373340999657,0,0,0.00221603744095596,0.655271406236843,0.000693801447395546,7.5520396339571,0.000411078847135113,0,0.00197183762392562,0.00742244262939881,0.000331161540614423,0.00380410684684294,0.0285967687857575,0.000234394812816882,0,0,0.000275001178975023,0.00756476284269655,0.150677732720904,0.845089764279094,0.0141643655416275,0.00944731796436165,0.0883005448463276,0,0,0.000230973845290451,8.19026427321168,0.0436465531241556,0.000927802536701772,0.000160242121182569,0.000442276124536625,0.000169941538286145,0,0.00915187181647685,0.0162925788032448,0.000273248103460633,0.000154722187782658,0.0139833269290119,0.00084736263536566,0.0047854227287652,0.00273967942489366,0.0254355740674382,0.000900084543076777,0.000232639225059311,0.00232139921330052,0.000357710537121944,0.000356639830109872,0.000589006560363814,0.00367004307581755,0,0.000834628798744991,0,0,0,0,0,0,0,0,0.000745947347752813,0.000768485479321054,0.14857568750918,0,0,0,0,0,0.000141169893867152,8.60843857375219e-05,0,0.00291581786125854,0,0.322115311638505,0,0,0.00198711413197806,0,0.00134170783700603,0,0,0.00383717014534402,0,0,0,0,0,0.000362900739829766,0,6.98070428351021e-05,0,0,0,0.0136020241602499,0,0.178758566507011,0,0.00015732840912043,0,0.000549688295199836,0,0,0.00204183114471679,0,0,6.61526449348745e-05,0,0.00201074202171771,0.00022792627022622,0.00295877160732785,0,0,0.00988676108895589,0,0,0,0.0142974821694159,0.00591050094326562,0.000119422741613842,0,0,0,0.00185958954563092,0.000106828062771331,0.00115364276862985,0.000372647248882058,8.23551607763754e-06
0.00222970994880383,0,0.00103749476112107,1.85763559643242,0.00250305671100365,0.00476983791355071,0.179375444896997,0.0137468404205505,0.000969461003535672,0,0,0,0.00237103309576561,0.831181428657819,0.141258821639534,0.0635635154708823,0.0135460070854333,0.0207579021879742,0.000102270590216086,0,6.31308645545059e-05,0,7.17942238621649e-05,0.000794702168394942,0.00441912217060329,0.0223057373611255,0.00122345836375454,0.0152171660150166,0.19100946103495,0.000925344592402563,0,0.00160678224395175,0.00105889199629983,0.000573047009370241,0,0.00572769414283997,0.00110431902996997,0.00134351281439496,0.00752948514882392,2.25781190228053,0.016776599199744,0,0.000256616627520358,0,0.153776099496611,0.00507987897520225,0.0236451651313711,0.00441889424803909,3.45363468846322,0.000205706219811303,0,2.59211989676592,0.03913549698367,0.114227060254602,0.00741346632208088,0.00661708242916386,0.000125801398365613,0.000998695035140542,0,0.000940196043144969,0,0.010747891949559,0,0.00083021661251706,0.000631100597311353,0.0226912828414495,0.0352609325029954,3.40730649445588,0.033740706226224,0.000186300175544331,0.00189390076299071,0.00333003407907043,0.012853467742199,0.0015611133355731,0.000601971342262904,0.027961827709935,0.0934919598187725,0.118107274172724,0.041697110185711,0.00397472251999756,0.00159432348044485,0.000917357106249819,0.000733607054552556,0.00103811008109173,0.000671098096741867,0.000264016637343148,0.000359262285881363,0,0.000222076338166573,0,0,0.000601060333589982,0,0,0.000858393600922257,0.00851191996585763,0.00237931596202252,0.000151099706438458,0,0,0.000594557404281529,0,0,0.000550432443219102,0.00342589856151861,0,0,0,0,0,0,0,0,4.80340164525387e-05,8.54702543518744e-05,5.4852520620873e-05,0,0.000167664168553169,0,0,0,0.000198801150652454,0,0,0.000160490596006323,0,0,0,0,0.000144001385638838,0,0,0,0.000833868668216894,0.00205568812203173,0,0,0.000232733665709705,0,0,0.000679863011065163,0.000426061399490512,0.00362349782634718,0,0.000666832559601937,0,0,0,0,0,0,0.000219484861647051,0,0.000162246343795962,0.0161204637488368,0.000153985398765337,0,0.00110672206739652,0,0.000910327347046139,0,0.000103713585268096,0,0.000546428058640588
0.143909277211988,0,0,0.000252220730520666,0.0234736236344797,0.0168130466467959,0.00408553586851201,0.000383864404876583,0,0,0,0.00237103309576561,0,0.743026556633765,0.0273077068234628,0.00599203843943216,0.00338936963773562,0.0183854369208847,0.000164767222695078,0.00031264424813816,0.000117522173893343,0,0,0.988500236719619,0,5.67759270143453e-05,9.68892962032938e-05,0,0,0,0.00387160190769366,0.0019149436519273,0,0.000287567125733992,0.00105434925087096,0,0.0001242189659037,0.000104989167171648,4.38909840194219,0.0427266756009243,0.000198994650110161,0.000262154779015505,0.000462305188124196,0.000400668133986812,0.000449265066449636,0.000222664294532167,1.28155271667596,0.00385797711287651,0.263823767590237,0,0,0.293684355426695,0.0523434859378803,0.00494491970828312,0,0.000106412375838045,0.000390881801743681,0.000146644454774129,0,0,0.000120446476588855,3.04985424062568,0.00443182525701709,0.366982609255251,0,0.00454343814284597,0.000104520351772615,0.00207205146457681,0.000506863971827816,0.00785424948538013,0,0.00114288762274615,0.000393154792277257,0,1.31328722953343e-05,0.00961113366012173,0.102317531497621,0.100560406384326,0.0291763511042614,0.000712524181080018,0.000290205962325736,0.00917059407736387,7.46358473217874e-05,0.0070709197771204,0,0,0,0,0,0.000188619214615091,0,0.000136715960247776,0,0.000148398106091213,0.000584523057231025,0.000370655559659806,0,0,0.000308046383260402,0,0,0,0,0,0.000265975828562015,0,0.000129608066299636,0,0,0,0,0,0,0,0,0,0,0,0,0,0.000217008257984574,0,0,0,0,0,0,0,0,0,0,0,0,0.000180323430460194,0,0,0,0.000353003045139959,0,0,0,0.000357296528596392,0,0,0,0,0,0,0,0,0,0,0,0,0.00619111778382243,0,0,0,0.000267211791446054,0,0,0,0,9.04641125913999e-06
0.0986899636051395,0,0.000353776645510437,0.00392270323152193,0.0158043266027925,0.0219642705068923,0.0282421150323245,0.00225490143367006,0,0,0,0.831181428657819,0.743026556633765,0,0.0974954646243366,0.0191425312813147,0.00258303236327089,0.0103288779439877,0.00016498908021279,0,0,0,0,0.112825897682664,0.000601217453393317,0.0017396437678627,0.000210281795249713,0.00183807609048024,0.00580662725640533,0.000495313887332848,0.000346719670322048,0.000306633674356651,0,6.20009839047688e-05,0.000136109819720665,0.000456274168336573,0.000355897550538443,0.000220531513345518,2.27083518445393,2.21392058192406,0.00134841034504372,0.000297298580335356,0.000313608652274242,0.000183598807714625,0.0102186319200795,0.000887468426598956,0.0421672745503108,0.00267061334933623,1.40264719082346,0,0,4.18642376198436,0.105925997353785,0.0364022255039977,0.000234552117009193,0.00182428493798343,9.87998094017116e-05,0.000310687481292005,0,0.00031673029354014,0,1.24050663098878,0.000632844204154609,0.0350928313979883,0.00012967501127069,0.00802534235593171,0.00270974901496445,0.126769328340001,0.00260898537642,0.00340524630263163,0,0.000560230321552483,0.00214800477071457,0,0.000130294025489565,0.0174574364529313,0.0953903671694411,0.0693069674303663,0.0279770655648177,0.00108212066912844,0.000603897717338676,0.00133313343164354,0.000430023998294183,0.00255056494929474,0.000109638379221427,0.000786787652660886,0.000168983733824759,0,0.000459843792340431,0,0,0.000260560396842073,7.30759943555395e-05,0.00031250724136619,0.00147569614413303,0.00117945799338673,0.000335221236166757,0.000192270856806641,0,0,0,0.00018376040741705,0,5.25604558011417e-05,0.000417204787237794,0,0,0,0,0,0,0,0,0,0,8.25074865081548e-05,0,0,0,0,0.000253701735582351,0,0,0,0,0,0,0,0,0,0,0,0,0,0,0,0,0.000299770611613681,0,0,0.000280675813249698,0.000312321448409844,0.000166980812238786,0,0,0,0,0,0,0,0,0,0,0,0.0156896399057837,0,0,0.000123150256213484,0.000458113871792596,0,0,0,0,7.14977822898789e-05
0.375222535802907,6.83959721660471e-05,0.00212704174044706,0.0106680211227836,0.034084936590613,0.0583328849522323,0.218518015762019,0.0319190027446936,0.000908963615338106,4.72547678016032e-05,0,0.141258821639534,0.0273077068234628,0.0974954646243366,0,0.250036038261746,0.00724160599528525,0.0264529739603143,0.000349907782715968,0.000274583169492348,0.000214248631697129,0,0.000703252227463608,0.0646408704980438,0.0124123622611102,0.0126453723973006,0.00244785270197687,0.0087081203473432,0.151808372528956,0.00226134171391332,0.00117132721149302,0.00204834177369113,0.000526573657412301,0.000326241615156435,0.000615079589536898,0.00109336492320875,0.000435571422121711,0.00176547385428079,0.0441785435959816,0.0580607198128351,0.00471937996277727,0.000161521929017769,0.000501084344439802,0.000341898390067972,0.163234567227367,0.00713062976104494,0.0337834982058443,0.00528108346432212,0.291247181878695,0.000249235686582263,6.78474980897372e-05,2.60559250286814,2.5198637022078,3.03977217841593,0.00211138584833335,0.0226070210102319,0.000153315879755389,0.0012641095761222,0.000198038859903604,0.000995652555180997,4.19045111149192e-05,0.178827688846715,0.00109642050977612,0.0321725929490678,0.00120185276105224,0.098374911566384,0.0399992479470208,0.727730671013214,0.825212025311833,0.0020191635537324,0.0025268436342276,0.00257059184756317,0.0138304305686254,0.000566546178206862,0.00350545481301833,0.155195211286781,0.321681096213755,0.237796724810128,0.1041807393133,0.00615032147824552,0.0056265026237457,0.00334104936067487,0.00234996741234016,0.0129706630532893,0.00350914341120383,0.0035401902826259,0.000751613251290438,0.000155444790774307,0.000435371556824242,0.000451169766462665,0,0.000251311650008489,3.86912348094466e-05,0.000987421869171933,0.0110600300541167,0.0323959267633552,0.00653277867386023,0.000449293102502843,0,0,0.000246422307774403,6.16324326130476e-05,0.000229322345315985,0.00227185922083168,0.0134006871669584,0,0,0,0,0,7.10386966107793e-05,0.000119591398972305,0.000155117144889806,0.0003136768073237,0,0.000126043079328337,0,0.000475229967046341,0.000311841742619701,9.72982832084029e-05,0.000536022278501932,5.98384073870195e-05,0,0,0,0,0,4.18033184733796e-05,0.000129412225556246,0.000341506964502793,0,0,0,0.000564366658092424,0.00151778349012103,0,0.000348530980868195,0.00180387277948061,0,0,0.00372033430236508,0.00245971002572132,0.0105530760143497,0.000241700606332981,0.000734157004757079,0,8.47984200020658e-05,0,0,5.63380867112588e-05,0,0.000494350996356233,0.000158639071814134,0.000291236383234866,0.103555035330881,0.000594201893039586,0.0012799740322952,0.00114746007782626,0.000148220642667566,0.000803069609650635,0,0.000242854055075158,0,0.00224477002022267
0.48295744108628,5.92837623420811e-05,0.717406190279292,0.015658994928736,1.24293243254796,1.47617408581161,2.32906978597763,1.32714389739598,0.120880131979117,5.47715482264832e-05,0,0.0635635154708823,0.00599203843943216,0.0191425312813147,0.250036038261746,0,0.0155592829770566,0.0231536973017393,0.000440211870860551,0.000309506502174878,0.000191638654492147,5.6496345936369e-05,0.00130671166469628,0.0905994445609265,0.0122142985242552,0.0131933421085659,0.0152316669390739,0.0107756085105136,0.847361493412451,0.0394843908638555,0.0478890311897271,0.005450651216711,0.0012622022448733,0.000581607511905887,0.000894071349815424,0.0013558078170151,0.000419167239599325,0.00104352415103734,0.0115642456513783,0.0210675420016972,0.006918791830849,0.000374450808839238,0.000746200856370063,0.000597115710826986,0.360998075077982,0.253124771183618,0.0207140589555512,0.00648299373721994,0.227422989460178,0.000367666431194393,9.76026493550511e-05,0.11244401768642,1.12206927378649,4.14558971200389,0.0016007084567151,0.029414529317173,0.000203287418622574,0.00174800630639646,0,0.000870509803883699,2.07521525623269e-05,0.0112222518905393,0.0308947194026203,0.0673903318642988,0.00173438221348077,0.191504591054202,0.0581932173451575,0.13349025810549,0.975687922706544,0.33644981154451,0.00692541111105674,0.0025141609309825,0.0118318424216702,0.000535015344022732,0.0125866822888883,0.25255943141186,0.403876404549585,0.265519228195221,0.140029842165956,0.0185080776627424,0.0054207817251607,0.00635344201260967,0.00984386483768761,0.0356426200821371,0.00920265646382563,0.00921654142284726,0.00246138758458448,0.000344375896744238,0.00159813107056289,0.00147789311370479,0,0.00454260700661329,0.000743232482719575,0.00244302936372292,0.0230133759810244,0.0507167926297249,0.0672740049709409,0.00101438703574584,6.6559502876331e-05,0,0.000517702277093305,0.000135660996021698,0.000381934609623236,0.00546682427985281,0.0415963509008071,0.000275890545821662,0.000836520044212525,4.5280886719417e-05,0,0,0.000226413764847883,0.0007676901511244,0.000576207631850432,0.000395661468980771,0.000142170076706364,0.000554625362253074,2.57676931225484e-05,0.00365390026305203,0.00151050264351729,0.000124483919497255,0.000822895547757664,0.000133179530877888,2.30373167470809e-05,0,0,0,0,0.000209976597217963,0.000221269674147516,0.000504931149874377,0,3.3071942740433e-05,5.43344629007412e-05,0.00835831232003494,0.00766003296786683,6.19344734878735e-05,0.000162547042176356,0.00490343987168006,0,0,0.00265318329806451,0.00448549758517645,0.0184768186806316,0.000456242956706031,0.00195707887810981,0,6.42888599222133e-05,0,0,0,0.000360387586166926,0.000885357731967056,0.00114653424707858,0.000781989272070586,0.170253089997028,0.00110725560463455,0.00484567277164362,0.0126129043013369,0.00115821716400813,0.00172410962208946,0,0.000824180957770506,0.000113184206759675,0.00786086773567582
0.0084575802462159,0.00397130352138455,0.0161731533676125,0.0760642732971403,0.00363148312560058,0.00567024195751233,0.0201287016613231,0.0286324899716409,0.0033405175026371,0,0.00218023691688408,0.0135460070854333,0.00338936963773562,0.00258303236327089,0.00724160599528525,0.0155592829770566,0,2.04262170302841,0.00714243912598007,0.00401108158886951,0.0081266616007683,0.00611356203912594,0.2912254775049,0.0647927339343319,0.0117728365284338,0.055532213813057,0.00945268239215218,0.0305678087948935,0.0294765217339486,0.00247301144327139,0.00472915373207606,0.206342217160269,0.266588222133972,0.201606717575589,1.90872433554736,0.0402092907942835,0.0273002073392142,0.0670374621208928,0.0116680485007729,0.00785710819307197,0.730269761624343,0.00951579087114005,0.543463684110508,0.0293562653534841,0.221134645885473,0.0275629023130196,0.854279556809587,1.25940293375836,2.41673019392011,0.258593249210629,0.0204193838309625,0.0175634560262082,0.00923821259631673,0.0154467396681596,0.0152166707225185,0.0288052160266118,0.024825936465839,0.0251479256731085,0.00976820180273454,0.0290798286626874,0.0244935929967563,0.00293974608301137,0.101382142993592,0.0644777872433521,0.00408412794439201,0.0223446781689947,0.138560619101267,0.0249350676292702,0.0191944723046356,0.0043162885844366,0.0048053980297665,0.213973346762394,0.115277886920873,0.0442299997858431,0.00110148031586615,0.0326006260205666,0.18471272387115,2.34038634751282,0.429897378078599,0.217121456667761,0.638009631692524,0.0787252824438882,0.000750447898840018,0.000224037252937695,0.000364913344954585,0.00275702679616192,0.000395230296676115,0,0,0,0,0.000719895574436899,0.000302929141746455,0.000359449349404913,0.000218564011006294,0.00188235569174296,0.00182825613783794,0.0012561391910185,0,0,0,0,0,0,0.00104308781345922,0,0.00017927870084275,0,0.000253896653518035,0.000361079286635653,0,0,0,0.000439922256636756,0.000283380124102919,0.000755242432790426,0.000129249508395365,0.000195815410300953,0.00149167420495749,0,0.000320951078989606,0.000279131435261648,0,0,0,0,0.000171066203431152,0,0,0.00198836345610125,0,0,0.000200139451116597,0.00217575626537468,0.00444321539137364,0,0.000978458015592843,0,0,0,0,0,0.000867715445494718,0.000739251545928847,0.00171824345870274,0,0.000696813270178641,0,0,0,0,0,0,0.0010405525609385,0.00472845448677949,0.000999086993551945,0,0.000254336671595433,0,0.0029627161281347,0.00014400774628831,0.000706053683817506,0.000691824816176467,0.000378745435800607
