0,0,0,0.00012109124423957,1.95111604332697,1.03741820642168,0.0157001676197989,0.000724038775821965,0,0,0,0.00189109286872163,0.133376765577171,0.220417186949458,0.476425242939888,0.500833938186341,0.00420824814567878,0.0274748671385811,0,0,0,0,0.000690602539587006,2.36226729556352,0,0,0,0,0.000227579556433437,0,2.66319880361669,0.0391348688043779,0,0,0,0,0,0,0.232501443869022,0.0202705692323845,0,0,0.000173604233927271,0,0.000181357949659257,0,0.613324346823751,0.00209343640442292,0.192905663374062,0,0,0.539505184850546,1.30295218321504,0.0361287853472743,0,0,0,0,0,0,0,1.05077645097603,0.133816272665986,5.21150139901554,0,0.0826569732182314,0.000639827529837211,0.00613517271896969,0.00117013450935191,3.45311351780115,0,0,5.66736262779775e-05,0,2.06360872651929e-05,0.00615795507200079,0.54656075286654,0.238883773373498,0.0387063527022963,0.000439114975902876,0.001103728814574,0.0907963221246264,0,0.000753300464332876,0,0,0,0,0,0,0,0,0,0,0.00654502483525355,0.000563829703733895,0,0,0,0,0,0,0,0,0,0,0,0,0,0,0,0,0,0,0,0,0,0,0,0,0,0,0,0,0,0,0,0,0,0,0,0,0,0,0,0,0,0,0,0,0,8.10654452097293e-05,0,0,0,0,0,0,0,0,0.001763673426629,0,0,0,0.0101007644608226,0,0,0,0,0,0,0,0,1.10302898187983e-05
0,0,0,0.000207127723685523,0,0,0,9.48148034696679e-05,0,0.00552713949472441,0.0169050414397009,0,0,0,0,0,0,0,2.31396340984764,0.0507652079915515,0.759199574111837,0.0807434812565992,0.00024098134089858,0,0.00315877255887164,7.31343889680772e-05,0.0010380932367101,0,0,0.00040814619058267,0,0,0,0,0.000200862873668414,0.000392094611412461,0.0127248517311796,0.00754872865493664,0,0,0.00525068466521807,1.00130707079841,2.91147401801535e-05,0.348899806441146,0.000991482255005857,0.00119120025480108,0,0,0.000113591347539813,0.0178784807699654,3.85265564235207,0,0,0,0.000465094099578569,0.00676551790665058,3.18525006072376,0.426469502198486,3.58106945900397,0.263262071327329,0.270369150965767,0,0,0,0.176765683844089,0.00843707131232142,0.00156185046128789,0,0,0,0.000124904968435935,0.649974321536062,0.026111418468559,0,0,0.00375809480059622,8.97051414783245e-05,0.000131538725995711,0.000168887163994741,0.00977261633196249,0,0,0.00202829087343222,0,0,0,0.000815123208352808,0,0,0,0,0,0,0,0,0.000413392006214618,0,0,0,0,0,0,0,0,0,0,0,0,0,0,0,0,0,0,0,0.000294463587102861,0,0,0.000426251273735893,0,0,0,0,0,0,0,0.000124835647440842,0,0,0.000372582833186771,0,0,0.000191380199266064,0.000388085795708333,0.000168458901258344,0,0.000200222685301307,0,0.000320536430727422,0,0,0,0,0,0.000883755469576762,0,0,0,0,0,0,0,0,0.00221907566356543,0.0037471348870865,0.000496838577477154,0,0,0,0.00213474985088144,0,0.000242540931490429,0,0
0,0,0,0.0044724794828263,0,0,0.0154437271685575,0.563425186558766,0.000441282880110054,0,0,0.000257144164104987,0,0,0.000909295310666256,0.955535035079661,0.00375067148425853,0.000832914103034785,0,0,0,0,0.00446186334729568,8.72104647958501e-05,0.00115590407948127,0.00192041897455331,0.28426868090618,0.901804297493517,0.670331201201372,0.141973907457699,0,0,0.001184221121275,0,0,0.000297119672267275,0.000226712301315104,5.27646568714447e-05,0,0,0.00761210016613389,0,0,0.000326040951437283,3.86033520611346,3.16365963485618,0.000216974990729571,0.0120076683010873,0.0143995743418809,0.000417524053602538,0,0.00189247352998097,0.000384155306069187,0.0452298915636968,0.00138173153125697,0.0348355981396386,0,0.000851649581391559,0.000357620960920872,0.00029081877063168,0,0,0,0,0.00271160420833293,0.0531676524222275,0.70183866191054,0.0152038800686228,0.628925788510432,0,0.00517395245146356,0.000375396577226251,0.00473153111167928,0,0.001230585321433,0.0410140076243443,0.0633593754832776,0.0138758327861997,0.0132107099478939,0.0213343826621054,0.000687917312588602,0.000577013181424408,0.0154104134963096,0.00162412124261452,0.000452756711604547,0.00147104730180512,0.000609807317895967,0,0,0.000241422135194235,0,0.110379774995185,0.000199124627180973,0,0.00076154140573701,0.00873766574873836,0.0158371487341981,0.00180556688889219,0,0,7.37112750440498e-05,0,0,5.82760093870323e-05,0.000892933213604922,0,0.000133701162965262,0,0,0,0,0,0,9.0563064175141e-05,0,0.000478018187710337,0.000808772024064874,0.00165777783432252,0.000409035102911795,0,0,0,0,0,0,0,0,0.000193086590615649,0,0.00188387640094115,0,0,0,0.0168865055981366,0.0221302276867764,0,0.00127967421411405,0.000679919113703588,0,0,0.000721865743337597,0,0.00236230094900903,0,0.000749098977033399,0,0,0,0,0,0.000206845571287143,0,0,0.000789497016782213,0.0629371050838616,0.00219905147526881,0.00128875121234705,0.00435364265956006,0,0.00654696709750484,0,0.000274988365875418,0,0.000206359141658571
0.00012109124423957,0.000207127723685523,0.0044724794828263,0,0,0.0011206699334434,0.0417313611932636,0.0701702664868476,0.00199636604910024,0.00043352487742045,0,1.43332483957551,0,0.000202481759765802,0.00374620955395649,0.00750828749155356,0.0116651993950736,0.00510964863881078,0.00127126542159555,0.000109908834244141,0,8.52658408704828e-05,0.0016815955882569,0.000186540110259703,0.00594336786371234,0.962604925049772,0.0177694570475192,2.20987534554966,1.59031446424923,0.00423592772275964,0,0.000797566454233307,0.00356352005392062,0.000598906533197361,0.00385530367357423,0.00682572731762804,0.00111733883486984,0.000622933609164421,0,0.0113910000727632,0.475229203977375,0,0.00054518056826468,0.000279257597732549,3.82957258566523,0.0474697086805243,0.0010630876393466,0.0207150346481265,1.47204127268464,0.00208808445940223,0,0.0324864823045448,0.00327785280040427,0.0427689643446945,0.0408418656728575,0.0905184683227684,0.0021833250107739,0.00264623519943893,0.0042695816970143,0.00272454893313564,0.000120034017265333,0,0,0,0.0228041056945917,0.0278537530954627,2.05074799260162,2.39154550746342,0.0956395557048259,0,0.0177994662133789,0.000966157109296336,0.0594740658226455,0.00110738202487751,0.0010558291407018,0.0429597412786297,0.0876016934567854,0.0371697556258574,0.0186925050652796,0.0331195661730618,0.00364853341005877,0.00140916809627654,0.00834409896468126,0.000587257184665409,0.000139416000675711,0.000782109705095332,0.000950098764582163,0,0.000479246449637385,0,0,0.000142446692989845,0,0,0.000682921030894561,0.00170173948871109,0.00345026299409075,0.000792349705574765,0.000255132366575627,0,0,0,0,3.61385069718694e-05,0.000352530427856915,0,0,0.000153908370582838,0,0,0,0,0,0,0,0,7.53987848213207e-05,0.000160079527687196,0.000319236487355993,0,0,0,5.80561216828983e-05,0,0,0,0,0,0,0.000719911124559553,0,7.56991569805716e-05,0.000400910640331132,0.000871895990678081,0.00462060729729403,0.000109354346815652,0.000305854533143137,0.000108077833168192,0.000244185633139277,0,0.000116800112853869,0,0.000284687771473228,0,0.00175063556554015,0.000714194819394325,0.000661751836694674,0,9.53985028855097e-05,0,0,0,0,0.00331189480467321,0.0237978006053309,0.000800092058045709,0.000531885995075608,0.000257816465474264,0,0.00558473450591078,0,0.000516962665226583,0,0.000473047595315422
1.95111604332697,0,0,0,0,0.877604236108533,0.000625148138032279,0.000122848694026493,0,0,0,0.000797276167067337,0.0112671814146571,0.0161758033331711,0.0421011456737206,1.02044360418183,0.000831961439444097,0.00262996318454514,0,0,0,0,0,0.105255376366502,0,0,0,0,0.000362933889971435,0,0.353195653784611,0.00620393956933773,0,0,0,0,0,0,0.0230863347824197,0.00132318353265646,0,0,0,0,0,0,0.0744035663872531,0.000176821696890626,0.0130204878218613,0,0,0.0407676266129734,0.633731519899357,0.00430520316063848,0,0,0,0,0,0,0,0.0858186010732946,0.0218325586640926,0.266955249487159,0.00013536284936261,0.0208820480829887,0,0.000354934403580309,0,1.2116896817631,0,0,0,0,2.50078760520918e-05,0.0010361603683469,0.0693531278957429,0.0362283536490119,0.00788761937662724,0,0.000756046241507241,0.0180226666143517,5.02447079063846e-05,0.000536047700688151,0,0,0,0,0,0,0,0,0,0,0.000909954807592513,0,0,0,0,0,0,0,0,0,0,0,0,0,0,0,0,0,0,0,0,0,0,0,0,0,0.00129921028048045,0,0,0,0,0,0,0,0,0,0,0,0,0,0,0,0,0,0,0,0,0,0,0,0,0,0,0,0,0,0,0,0,0,0.000609224553090502,0,0,0,0,0,0,0,0,0
1.03741820642168,0,0,0.0011206699334434,0.877604236108533,0,0.801223398453442,0.0211155505074619,0,0,0,0.0114240081688616,0.0435794541356829,0.0513122908284804,0.274229414078731,1.74704347408485,0.0157219003410452,0.0668137481774549,0,0,0,0,0.000617714055495619,0.382152874046558,0,0,0.00017657252434453,4.67089437851146e-05,0.00383963921596633,0,0.478934397681656,0.822015593729795,0.000120868266404997,4.46011021613263e-05,0.000335277267384272,0,0,0,0.0758291753556008,0.0166633818906192,0.000431234729888955,0,8.51496978367811e-05,0,0.00287768388169173,0.00100806405739723,0.368178396541825,0.0054613025532484,0.427294480823743,0.000210098616130135,0,0.327131371507003,2.16230265174373,0.241532714989174,0,0.000130920755573825,0,0,0,0,0,0.199769740518008,0.926522620365208,0.358498956669384,8.14242552480034e-05,4.70295308222089,0.000561779759398686,0.0194509324356802,0.0067987999938941,4.98201518108096,0,0,0.000258536543081282,0,0.000154033342742736,0.0228983479739485,3.99680509325268,0.42509025519218,0.0788477829752974,0.00166922195131185,0.0083943312117485,0.42653738009736,0.000413138673084389,0.0807271674817314,0.00110772455838673,0.000160416565413915,0,0,0.00828648161880693,0.00248775760300731,0,0,0,0,0.159551603030224,0.0270255445816158,0.0139141323004806,0,0,0,0,0.0010612898298366,0,0.000393235642347826,0.000918075440860458,0,0.000159267967936117,0,0,0,0,0,0.00364320131649212,0,0,0,0,0,0,0.00814725849170191,0.0235516393303983,0,0,0,0,0,0,0.000412711182180489,0,0,0,0,0,0.000439392761498486,0,0.00264784218896246,0,0.00250902791871047,0,0,0.00195671010126295,0.00767722901779811,0.00231965188819652,0,0,0,0,0,0,0,0.00362104765095252,0.00774301338856936,0.00650073391257903,0,0.522785488392277,0,0.0006475571606765,0.000111362556302664,0.00654847456797611,8.78864457085566e-05,0,0,0,7.65000220407245e-05
0.0157001676197989,0,0.0154437271685575,0.0417313611932636,0.000625148138032279,0.801223398453442,0,3.25549815114019,0.00762573791268385,0,0,0.0608437261342511,0.000752045525981835,0.0152247016859889,0.0969951816131423,2.78922592394041,0.0326257853324891,0.023135442145258,0,0.000154690661438028,0,7.85671125413312e-05,0.00479265310500556,0.00915079903469022,0.000438760334723811,0.00961938123455577,0.00315132599937429,0.00564157102250603,0.118988806199481,0.0014451192188736,0.015965319646351,0.0325075078145159,0.000165703894501205,0,0.000149354091793364,0.000152656685398385,0,9.31079769836141e-05,0.00207795691803541,0.0541769472559144,0.0110775604018046,0,0.000134517753406639,0.000523168115768004,0.302870593099022,0.063231150051101,0.0203695543868185,0.0124399204234974,0.638527227888458,0.000306909105238047,0,0.603095632003739,0.276779904120216,3.89678976291551,0.00360143629327313,0.00918344024869079,0.000356016353544463,0.000119929023111543,0.000152705767395168,0.000825068053560002,0.000341577464019136,0.0165137757828436,0.0386543872384989,0.00929099156044237,0.00258927120332797,13.7308704628999,0.0776211683143072,0.551780759008277,0.666226405865249,0.150724493743027,0.0133918870719589,0.00014699449938773,0.00446511220447806,0.00021305814215427,0.00250075177277983,0.116670775041041,3.66948150640229,0.171351677840129,0.100522692863873,0.01746147528612,0.00801878965263153,0.0311129869514588,0.0121811281291765,0.100635340995491,0.00387910851362344,0.00144047301214773,0.00107287658737507,0,0.00320248107130332,0.00466046592043289,0,0.00247974977466524,0,0.00100948904483533,0.196934209493981,0.116497909824312,0.0972543677212548,0.00271717593858424,0.000515718711475641,0,0,0.000787023942898837,0.000626003609332454,0.00364065142104409,0.0108059207265165,0,0,0,0,0,0,0,0.00547340193519906,0,0,0.000214405847478376,0,0.00226933284264165,0.000215241156412048,0.00557289053308505,0.0180767042937159,0.00040462642901342,0,0,0,0,0,0.000944183194002843,0.000243532227444491,0.0003666065842855,0,0,0.000286253692330669,0.00376647805648467,0.0108266216065046,0.00634939070388642,0,0.00917190198329865,0,0,0.00864390428462933,0.0213606535705595,0.0192496346620805,0,0.000824316864603806,0,0,0,0,0,0.00910327497516299,0.0149549950885812,0.0143820284570107,0.000601868710651389,1.29643992040752,0.000425314015490594,0.00453448283258113,0.0101147131265036,0.00500728555548452,0.00528391276497322,0,0.000280726500705819,0,0.00106727296475611
0.000724038775821965,9.48148034696679e-05,0.563425186558766,0.0701702664868476,0.000122848694026493,0.0211155505074619,3.25549815114019,0,0.64761257375411,0.00355895781695001,0,0.026949301607158,0,0.00195088107252572,0.0104228373820174,1.57044185157943,0.0397583544536199,0.00682478200949999,8.07728201899921e-05,0,0,0,0.0184258108375679,0.000899271379479103,0.00383840859752667,0.0198693040286757,0.0587987546028012,0.0175872981596806,0.28233961650895,0.0262298357253226,0.000318681818631961,0.00351338705805411,0.00106502800827177,0.000205050626523127,0,0.00177014264644154,0.000534290590712649,0.000710271620436466,0.00051472862087731,0.0110976496928474,0.0326718300181772,0,6.18740319798081e-05,0.00123178674829676,1.08539336765464,2.44309031157596,0.00127710791192526,0.0535913856819448,0.398909242608986,0.000845811753890303,0.00114226258449867,0.0694155231617165,0.0159835147065831,0.365774129284785,0.00492192156303457,0.117691984213812,0.000219679007694866,0.00288765492450065,0.00216415536089046,0.00239434292542463,0,0,0.0014610066742185,0.00114290250462454,0.034945479039159,8.33473199115167,0.276458252725245,0.399202501213533,1.63796605830457,0.00257975751232098,0.822860775443309,0.00103352561184947,0.0213656939698785,0.00531395780300266,0.00564864261383724,0.335533069249904,0.682390020034844,0.191718438662229,0.127400031620566,0.098125150958853,0.00982240014705434,0.00317505298499801,0.185258233769366,0.0526143417740467,0.00359419215387279,0.00511637515096558,0.00466091445165888,0.00112181352596119,0,0.00191310610875314,0,0.00774070018799044,0.00164043192118534,0.00103411397483181,0.0599226468289418,0.126687401605908,0.156705607236264,0.0417977261262785,0.00144966638836514,0,0.000886899478635907,0.000264083884673857,0.0006718090121548,0.00120864720185781,0.0166793666777769,0.000268272986759537,0.00100192839530402,0,0,0,0,9.23476757342511e-05,0.00175518392828527,0.000351984216739884,0,0.0021527589340098,0,0.00280653095288495,0.00515011081791153,0.000724419386512975,0.00170553872156306,0.000412476246695426,0,0,0,0.000140105574518818,0,0,0.00189525020881024,0.00437011147418606,0,0,0,0.0093344787191336,0.0795006212394345,0.00129751086499269,0.000175292632716307,0.00952577657006232,0.000415010086870277,0,0.00869077722101314,0.00927426089946722,0.0199586945137388,0,0.00508865018011028,0.000562794629329309,0,0.000148302335710289,0,0,0.00254421938677422,0.00154367557108777,0.00200206727827191,0.011033165702174,1.13240362133251,0.00445652304110666,0.00969827363103809,0.027069986938728,0,0.0477391557745283,0.00019879811890683,0.000455298456616541,0.000331977420475069,0.00247799683790905
0,0,0.000441282880110054,0.00199636604910024,0,0,0.00762573791268385,0.64761257375411,0,0.729402950192276,0.000294306823432813,0,0,0,0,0.000765709110754035,0.000651904298193215,0.000203856900842367,0.000705103426837506,0,0,0,0.00155188656261367,0,0.0126819856873349,0.000944157542080014,0.0335310795485334,0.00213350312814555,0.00125530705608064,0.261711590119664,0,0,0.00231351531255006,0.000109314317192359,0,0,0.000465697912556413,0.000403922703247366,0,0,0.0211880708352721,0,0,0.0149728334224703,0.0122530682710695,3.95786496908623,0,0.00637582683524513,0.00557524419847775,0.00204663390100126,0.00288118841246715,0.000219523088222845,0,0.000917419798160858,0.00158431639015026,0.136521205888394,0.00335285866216921,0.0143692314778956,0.00311123455644943,0.00402835115733968,0.000448383989358633,0,0,0,0.601547937907269,3.65779678456632,0.0240742120605047,0.00328483783556753,0.00660962337197114,0,4.23242209452572,0.00149747097852091,0.0227045094758603,0.00301304525025827,8.20642105090616e-05,0.00839685246346329,0.0115123579231111,0.00649013192253769,0,0.00918952386094937,0.00262268443317672,0,0.0151795086307463,0.000896861185743811,0.000701908439231363,0.000271086987242915,0.00111497127084905,0,0,0,0,0.00178931914657066,0.000295323084857808,0,0,0.00354760669119563,0.0148390055903915,0.0215713561233562,0.000516619233832521,0,0.000262070262361028,0,0,0,0.00109667984000633,0,0.000143318181857754,0.000563266939701398,0.000884486497262638,0,0,0,0,0.000907976299285737,0,0.00371013874147937,0,0.000243747193965877,0.0052011996806543,0,0,0,0,0,0,0,0,0,0.000907844936598387,0.00385047431515184,0,0,0.000983708119669632,0.00554921758875958,0.0388368789737829,0,0.00385135034767675,0.00112173253138987,0.000409495116276255,0,0.000613577896465631,0.000342916394313525,0.00165381668648354,0,0.00935384176739479,0,0.00134248155117772,0,0.000565830378035006,0,0,0,0,0.020676101075307,0.173446128823377,0.00150755964870947,0.000793588000345846,0.00205662041750887,0,0.0310018723716465,0.000238753428902304,0.00246767627737336,0,6.77783973867356e-05
0,0.00552713949472441,0,0.00043352487742045,0,0,0,0.00355895781695001,0.729402950192276,0,0.000378087587371526,0,0,0,0,0.000207885845966481,0,0,0.00927363057609192,0.00698628827448449,0.00684054426806102,0.0115981968877626,0.0711815622047047,0,0.00438310962866994,0.000207090719798542,0.0102797766168239,0,0,0.700289278210402,0,0,0.000573542507909659,0.000125016253899583,0,0.0014765696987287,0.00112109150598763,0.00138659526764742,0,0,0.0145159288005974,0.00116240577088252,0,7.65729824992081,0.00180253106028477,0.0370179391924922,0,0.000396007814636376,0.00150942562412924,0.00217140611475648,0.0547844183353969,0,0,0,0.00153477432666811,0.0707501257189692,0.0290605342784357,0.0743394668004742,0.0367975879639289,0.022034346925305,0.377301961369864,0,0,0,2.6239826550792,0.765421205202989,0.00244363521698826,0,0,0,1.13028003602883,0.00447249680682115,0.0220262682942596,0.00400935206053454,0,0.0031648628068667,0.00051523647037428,0.000135792755139872,0,0.773861909247133,0.000239555997782217,0,0.000956572835385912,0,8.69068790019961e-05,0,0.000629620676790558,0,0,0,0,0,0,0,0,0.000423049532548569,0.00168287464798829,0.00324399042979572,0,0,0,0,0,0,0,0,0,0,0,0,0,0,0,0,0,0.000221924207058996,0,0,0.00102918366196409,0,0,0,0,0,0,0.000109313954703618,0,0,0,0.000797643983125769,0,0,0.0014967330808837,0,0.00222870499658986,0,0,0,0,0,0,0,0,0,0.00152432412638493,0,0,0,0,0,0,0,0,0.000705210746179005,0.010485800845667,0,0,0,0,0.00252457214499852,0,0,0,0
0,0.0169050414397009,0,0,0,0,0,0,0.000294306823432813,0.000378087587371526,0,0,0,0,0,0,0,0,0.262847776264149,6.01729061547089,0.0121370939195483,3.06631811257279,0,0,6.55404688089129e-05,0,0.0288159850959556,0,0.000145856210055318,1.52715214469611,0,0,0,0,0,0,0.00100688385899337,0.000453531524033391,0,0,0.00101855748818764,0.67685510303571,0,6.77347810093973,0,0,0,0,0,0.00296709812610529,0.152580150767218,0.000115545518853536,0,0,0.000197779664049089,0.00105316594496997,0.591572547841947,0.87694811143222,0.0279809398434682,0.0101130552988529,0.147007637987007,0,0,0,4.76053677339351,0.00219999999586616,0.000146086287297349,0,0,0,0.000372689432394865,0.0014897336856389,0.00148001984763293,0,0,0.00153192290326113,0,0,0,0.00182863853552203,0.000120551198593828,0,0.000462750803403773,0,0,0,0.000682846114854127,0,0,0,0.00074520094306408,0,0,0,0,0,0,0,0.000504146675266021,0.527964979239176,0,0,0,0,0,0,0,0.000587980041967759,0.393292986474777,0,0,0,0,0,0,0.00526908385735391,0,0,0.227802743375701,0,0,0,0,0,0,0,0,0,0,0,0.00121953548873493,0,0.025935163356139,0,0.000248420521802593,0,0.000862747923142322,0,0.000661627748766123,0,0,0,0,0,0.00144756674134269,0.00384304052784697,0.0194352513504022,0.000197292325843562,0.000123419430785601,0.000714136805729623,0,0,0,0.119365145060969,0.00061603877093528,0,0,0,0,0.00799527041369782,0,0.000960813881678469,0,0
0.00189109286872163,0,0.000257144164104987,1.43332483957551,0.000797276167067337,0.0114240081688616,0.0608437261342511,0.026949301607158,0,0,0,0,0.000173208945704079,0.78907584790489,0.0128660109914111,0.0151673179551899,0.00887321612224475,0.0224505180097215,0,0,0,0.000108950814694165,0.00069671618524114,0.000481454245502349,0.000623996042029387,0.00741728397330637,0.000228443654836439,0.0123153785162227,0.246868545919423,6.20505264282913e-05,0,0.00224902412613312,0,0,0.100571219745872,0.000307629477630729,0,0,0.00138589886293131,4.37717167806123,0.00137609509016653,0,0,0,0.372404733528306,0.0024234034263383,0.00849458253192702,0.00164555860458974,2.85233509989879,0,0,0.851623238628585,0.0782715787171252,0.0729778139435994,0,0.0015936011080016,0,0,0,0.000417783126521378,0,0.00253166315348978,0.000573583812782608,0.00156283142376448,0.00138266210513003,0.0266191986859246,0.0287996437054651,2.83070012202734,0.0689743415316404,0.00115983781131115,0.000654482034159243,0,0.000768931592996688,0,0.000490419612312313,0.0265547771206787,0.158085882592232,0.100900886739872,0.0364257124128258,0.00319514730189301,0.00068986726718512,0.00215547570091219,0.000505196218220828,0.000170162426038176,0,0.000212071910715684,0,0,0,0,0,0,0,0,0.00071926537618641,0.000196446989158975,0.000684705468572176,0.000504366906016454,0,0,0,0,0,0,6.37647439689578e-05,0,0,0,0,0,0,0,6.14838529701747e-05,0,0,0,0,0,0,0,0,0,0,0,0,0,0,0,0,0,0,0,0,0,0.000134492583943981,0.000289853023825879,0.000114372476963907,0.000339731818656264,0,0,8.35517942978582e-05,0,0,0,0.00019254784406327,0,0,0,0,0,0,0,0,0,0.00470842984806628,0,0,0.000386898370761404,0,8.88528589353217e-05,0,0,0,0.000158622988535185
0.133376765577171,0,0,0,0.0112671814146571,0.0435794541356829,0.000752045525981835,0,0,0,0,0.000173208945704079,0,1.03047759182408,0.00508818563057217,0.0050282932627755,0.000515834146354891,0.00449733513588724,0,0,0,0,0.000155331328195573,4.75611325128871,0,0,0,0,0,0,0.00884875202287172,0.0132104686033761,0,0.000506594330715541,0,0,0,0,4.88368289797303,0.0106745570471018,0.00035353105399491,0,0,0,8.58411081678338e-05,0,0.90197736986859,0.000226492595350805,0.0377665674868015,0,0,0.201068433669154,0.0323053993061508,0.00141855502126786,0,0,0,0,0,0,0,3.03163521151336,0.0104733314040368,2.02747304270035,0,0.00662664618618355,0,0,0,0.103259423198551,0,0,0,0,0,0.00032274266917916,0.0389361369884159,0.0306600597789162,0.00723102592952926,0,0.000377733171041172,0.0126302944072225,0,0,0,0.000194849178665607,0,0,0,0,0,0,0,0,0.000865230138331469,0,0,0,0,0,0,0,0,0,0,0,0,0,0,0,0,0,0,0,0,0,0,0,0,0,0,0,0,0,0,0,0,0,0,0,0,0,0,0,0,0,0,0,0,0,0,0,0,0,0,0,0,0,0,0,0,0,0,0,0,0,0,0,0,0,0,0,0,0
0.220417186949458,0,0,0.000202481759765802,0.0161758033331711,0.0513122908284804,0.0152247016859889,0.00195088107252572,0,0,0,0.78907584790489,1.03047759182408,0,0.0647386838356686,0.0116278259131168,0.00251988164654609,0.00676438657661661,0,0,0,0,9.53106201116655e-05,0.0702141059417126,0,9.00941676878e-05,0,0,0.0083638549403781,0,0.00175221398353399,0.00186258154079577,0,0,0,0,0,0,4.16089766268715,8.22569494260158,0,0,0,0,0.00229219954598176,0,0.0699665465671373,0.000148985772919538,1.14687114469359,0,0,4.16906085522059,0.179702473426435,0.021696985288128,0,0,0,0,0,0,0,1.01613207230214,0.0018807445172014,0.257914750253507,0,0.009422799182285,0,0.167615847188707,0.00636995188383374,0.0224515917968096,0,0,0,0,1.83249363988254e-05,0.00455740818832331,0.0638920967783479,0.0271716230911794,0.00724878351253438,0.00046941205036039,0.000222745749994591,0.00293096218308506,0,0.00019412189394224,0,0,0,0,0,0,0,0,0,0,0.000389967972816777,0.000156184863427186,0,0,0,0,0,0,0,0,0,0,0,0,0,0,0,0,0,0,0,0,0,0,0,0,0.00209142169103753,0,0,0,0,0,0,0,0,0,0,0,0,0,0,0,0,0,0,0,0,0,0,0,0,0,0,0,0,0,0,0,0,7.36805187048217e-05,0.000762457741171068,0,0,0,0,0,0,0,0,0
0.476425242939888,0,0.000909295310666256,0.00374620955395649,0.0421011456737206,0.274229414078731,0.0969951816131423,0.0104228373820174,0,0,0,0.0128660109914111,0.00508818563057217,0.0647386838356686,0,0.661118412345513,0.004864063661631,0.00665169695955488,0,0,0,5.51179879861481e-05,0.000120367331293373,0.0335196396673808,0,0.000874830767694011,0.000138366144814111,0.000722822400425048,0.0204871302757971,4.09571498707906e-05,0.00136295510747023,0.00244404357190761,0,0,5.9574263692394e-05,5.17763368584976e-05,0,0,0.0244773567153422,0.0150041904182731,0.000459734056431375,0,5.95893636511791e-05,0,0.0298988089336261,0.000990343568887539,0.0270793531203544,0.00133410334259231,0.215726388103833,4.38882692159197e-05,0,3.98148927901775,3.58238919111875,3.20078233281418,4.10888422343516e-05,0.000107181027943471,0,3.47695750261916e-05,0,0,0,0.122488880963917,0.00159782196495682,0.129190274548622,0.000154739718456258,0.0144928719753404,0.00276500817096731,0.401955677853287,0.255209993442268,0.0183274677901419,6.1986083831388e-05,0,0.000340194294638564,0,0.000649298696992948,0.0281829127927035,0.236040199534176,0.0761590829596918,0.0247796539390936,0.00207012111942003,0.00116838321579574,0.0048033136690497,0.0001015375230153,3.00857212723162e-05,7.25030416917844e-05,4.0187479793732e-05,2.92034995973544e-05,5.2596872413037e-05,0,0.000236526394339735,0,0,0,0,0.000185082008559906,0.00057927440657659,0.000197310653790155,7.18185329869935e-05,0,0,0,0,0,3.93420574891089e-05,0.000102477154700278,0,0,0,0,0,0,0,0,0,0,0,0,0,0,0,0.000709290050382796,0,0,0,0,0,0,0,0,0,0,0,0,0,3.91344278707357e-05,0,0,0,0,0,0,0,0,0,0,0,0,0,0,0,0,0,0,0,0.00388494975649971,0,0,0.000367371068881617,0,0.000138899063632294,0,0,0,0.000159401431207918
0.500833938186341,0,0.955535035079661,0.00750828749155356,1.02044360418183,1.74704347408485,2.78922592394041,1.57044185157943,0.000765709110754035,0.000207885845966481,0,0.0151673179551899,0.0050282932627755,0.0116278259131168,0.661118412345513,0,0.00588805270322722,0.0100027655414269,0,0,0,5.10806598010421e-05,0.00159180249077751,0.0402852964000031,0.000247408899588705,0.00257077526908627,0.00603165164358042,0.0027832865287549,0.349431955657873,0.000340399063870988,0.124600035940034,0.00469270005530799,0.000107517503279459,0,0.000116605832715254,0.000295767365600592,4.41769358659875e-05,0,0.00911872047981605,0.00741968074208571,0.00309999916824493,0,0.000241729430966032,4.59570291595171e-05,0.626906607029026,0.327149224229476,0.0303487209980396,0.006706206317617,0.173509904978182,2.12420859852492e-05,0,0.256302244584831,1.50122407001793,4.81369548405887,0.000221938635435916,0.00889114571121489,0,0.000226926138030575,6.52438910360995e-05,0.00018461575704753,0,0.0318416398549564,0.00859407512376333,0.0708384406966233,0.00036485484017563,0.157106090295461,0.0419972159131524,0.0914836022766063,1.68362494732793,0.208063570912632,0.00262352105628483,0.000411511201797025,0.00304706179583598,0,0.00218320519819636,0.0726338870393535,0.544938212306321,0.0953539070779189,0.0288438009810434,0.0127079180230025,0.00188507916344177,0.00870288124941539,0.0119551422489943,0.00521131052309703,0.000319484958299194,0.00022849202477919,0.00050020473499328,0,9.47628903194163e-05,0.00016406098290958,0,0.000617664121247303,0,0.000156087224868947,0.00884809380359437,0.0105773434164622,0.0143351226792897,0.00251339057783997,8.93861015617741e-05,0,0.000373662788061724,2.18571220600462e-05,2.47868060935158e-05,0.000506958050542627,0.00200900426510932,0.00015649396677946,0,0,0,0,0,2.5143239492452e-05,8.93535899360405e-05,0,1.91129642458524e-05,0.00033596869032549,0,0.000298004222766074,0.000507633373111277,5.54500300009423e-05,0.000404020416756884,0,0,0,0,0,0,0,0.000149299374231976,7.74847212446734e-05,0,0,8.71147341919976e-05,0.000689783093522257,0.00318389506950962,0.000154590358223062,0,0.00063244209921163,0,0,0.0010848232380913,0.00109349019591325,0.00317256482797174,0,0.000491151208599734,0,0,0,8.1728555388726e-05,0,0.000233014134066361,4.70450333919445e-05,0.0004786111398147,0.000476795370325186,0.0866012664161277,6.83053612280547e-05,0.000760886300009898,0.00146633832184337,0.000125218299055397,0.00216141822790143,0,2.70670614400893e-05,8.42614791925706e-05,0.000687120336176708
0.00420824814567878,0,0.00375067148425853,0.0116651993950736,0.000831961439444097,0.0157219003410452,0.0326257853324891,0.0397583544536199,0.000651904298193215,0,0,0.00887321612224475,0.000515834146354891,0.00251988164654609,0.004864063661631,0.00588805270322722,0,2.93807460410666,0.000298770524220365,0.000391182231481854,0.00238362478173535,0,0.305083084897636,0.240372787875385,0.00124624163161738,0.00779199930476246,0.00744247655797346,0.00623060412873772,0.0150420635837948,0.000947598543868684,0.000910633220254982,0.357021278216739,0.0146080751303729,0.0257270809091661,0.370696108892422,0.00840612399011009,0.0286964533247585,0.0211180970194148,0.00309847491933024,0.014710901754862,0.324354394749848,0,0.214587574899149,0.000475541133046126,0.0626600661925194,0.0334834990965087,0.744936659761653,4.28498660366928,1.28572320976332,0.450004658521547,0,0.0440815093413896,0.0122925349114372,0.0288885854450809,0.0188304633583644,0.022257947488623,0,0.000616220247597705,0.00114576372796259,0.00185374641008323,0.00529402156046309,0.00211046600369675,0.108647601026415,0.0652051147985455,0.0071742167969778,0.026471246975182,0.0604434143014802,0.0440689582707758,0.0516759591714841,0.023761349801426,0.00677612466313411,0.0697141876442726,0.200038244514206,0.0413621886007711,0.00273150681983436,0.174067659791857,0.412310804652505,3.80797963064908,0.240133149863504,0.449695776349231,0.517502453171976,0.0323344597035673,0.0036837022345859,0.00146940961217109,0.000480775645898985,0,0.000333038661872967,0,0,0,0,0,0,0,0.000814159193541168,0.00190728781857114,0.00124769061151742,0,0,0,0,0,0,0,0.000409008862330051,0,0,0,0,0,0,0,0,0,0,0.000121575113513976,0,0,0.000521619113329475,0,0.000411070956547757,0,0,0,0,0,0,0,0,0.0006736486444259,0,0,0,0,0.000565088988863311,0.000204569060597013,0,0,0,0,0.000157098184636302,0,0.000205897288370628,0,0.000444541641184447,0,0,0,0,0,0.000219019679915835,0,0,0.000305184611861173,0.00926262168574234,0.000293896454585865,0,0,0,0.00198063628464351,0,0.000119231220347911,0,0.000851963231272941
0.0274748671385811,0,0.000832914103034785,0.00510964863881078,0.00262996318454514,0.0668137481774549,0.023135442145258,0.00682478200949999,0.000203856900842367,0,0,0.0224505180097215,0.00449733513588724,0.00676438657661661,0.00665169695955488,0.0100027655414269,2.93807460410666,0,0.000338705578746975,0,0.000240220080649745,0.000146444037088756,0.0554742646789734,0.616487504169951,0.000258487159534253,0.00266215795336863,0.000936990945788731,0.000653233005193726,0.0044557007263421,0.000194913070216001,0.00869702251756734,0.607224347386522,0.00425510140857578,0.00388147671520175,0.0932018351559663,0.00122986045427169,0.00790929736712473,0.00859999131215191,0.00258306346114948,0.0124557995699164,0.0146209139765566,0,0.0600791561343343,9.57619380672859e-05,0.0145735894322436,0.00456182421580863,5.50331682538546,0.845506273243745,3.62531032123054,0.119466472606117,0,0.053790771167825,0.0614031085543826,0.0200762496539627,0.00509259317766041,0.00185031655147648,0,0,0.000190043248464337,0.00027157014953566,0.000782510148686563,0.00654846050584142,0.368561088729865,0.206530638345217,0.00168443632586894,0.018711735033716,0.00842618058786096,0.037706687328498,0.0179128946950762,0.0829302634366498,0.000187151759712373,0.0159662559551658,0.0475051152856486,0.0054100438456688,0.000684268389919416,0.0570298645425262,0.445563333029092,4.74541596472243,0.210387098621938,0.111676958437587,0.214128564588368,0.115745974183402,0.000476826504551851,0.000137435256264624,0,0,0,0,0,0,0,0,0,0,6.26956196702914e-05,0.000258694606976027,0.000849099390638515,0,0,0,0,0,0,0,2.23307188196411e-05,0,0,0,0,0,0,0,0,0,0,0,0,0,0,0,0,0,0,0,0,0,0,0,0,0,0,0,0,0.00056259510892998,0.000199448594131214,0,0,0,0,0,0,0,0,0,0,0,0,0,0,0,0,0,0.000107994843066943,9.84706879313146e-05,0.00412127506527012,0,0,0,0,0,0,0,0,0.000225249761252513
0,2.31396340984764,0,0.00127126542159555,0,0,0,8.07728201899921e-05,0.000705103426837506,0.00927363057609192,0.262847776264149,0,0,0,0,0,0.000298770524220365,0.000338705578746975,0,1.49507529035012,0.396532364405791,0.0353315879206131,0.000568641911932784,0,0.121502979628151,0.00150524257192904,0.0113519960655462,0.000481975098108465,0.000189001145591066,0.00193322670704546,0,0,0,0.000136025683882577,5.33657739706719e-05,0.000503145761293913,0.0212471242240766,0.0199150954214818,0,0,0.0094608859608165,2.48178148913721,7.02553225847152e-05,0.593723491196193,0.00309872017903683,0.00368093235809006,0,0.00136076859586547,0.000333809584915015,0.0274628759089411,0.991294851405426,0,0,0.000156934845542434,0.00215363118071174,0.0650083570480206,6.54452722060374,4.54443548990771,1.79577286324715,0.135044663974992,0.091773263167008,0,0,0,0.862649913373927,0.0294485044979878,0.00952031231264847,0.000225046758191481,0.000288642512713369,0,0.00215939547329027,0.0313932561932955,1.16595429087905,0.00104178125192513,3.66921547186712e-05,0.0143183609478144,0.000417363075618084,0.00107239461215577,0.000661859576311338,0.0222164347955787,0.00105870243026411,8.67964254093918e-05,0.00591766043177191,0,0.000250952891122334,0,0.00237377257855742,0,0,0,0,0,0,0,0,0.000176016297141292,0.000148822822011872,0.000330225884795588,0.000185992443703514,0,0,0,0,0,4.97424559976066e-05,0,0,0.000143689079859448,0.000106466680368203,0,0,0,0,4.16391620210064e-05,0,0.000240957734750387,0,0,0.000987552738229835,0,0,0.000989668030723204,0,0,0,0,0,0,0,6.51614450309333e-05,0.000103723771059769,0,0.00175609863325232,7.17573504595542e-05,0.00233649419268558,0,0.000289880800615683,0,0.000269125698622402,0.00064272594921962,0,0,0,0,0.00304528339432671,0.00037982072527146,0.000234606366891458,0.000943013102288962,0.000288144195728362,0,0,0,0,0.00568244749511071,0.00541865606987852,0.000506390379884894,0,0.00011292938327369,0,0.00645547506521517,0.00026326312041138,0.00115872260682788,0.000102091155858033,9.20034159612379e-06
0,0.0507652079915515,0,0.000109908834244141,0,0,0.000154690661438028,0,0,0.00698628827448449,6.01729061547089,0,0,0,0,0,0.000391182231481854,0,1.49507529035012,0,0.0243744805978885,0.0475081591450237,0,0,0.00102659560081921,0.000320208114472169,0.713096175314604,0,0,0.0264168213206196,0,0,0,0,0,0,0.00377112531962873,0.00173585861315233,0,0,0.00259021380211171,3.73844577000812,0,2.99522228412343,0.000103409110316605,0.00170135816497377,0,0,0,0.00975241645583338,0.0735049942829977,0,0,0,0,0.153589174063269,1.3031441791754,3.17500868902317,0.0980433762619033,0.048411010203032,0.0504688281134047,0,0,0,4.56681491108909,0.0183412510678268,0.000952878915717177,0,0.000157480698347251,0,0.00259772600401406,0.00996798198385658,0.00682279198452232,0,0,0.00603290416941923,0,0.000160036183172806,0.000852360846565585,0.0108788525742526,0,0,0.00194857809779527,0,0.000126539709564166,0,0.000570712864280615,0,0,0,0,0,0,0,0,0,0.000475031013472842,0.000472983557512928,0,0,0,0,0,0,0,0,0,0,0,0,0,0,0,0,0,0.000637997213132877,0,0,7.46456437684074e-05,0,0,0,0,0,0,0,0,0,0,0,0.000403372363059554,0,0.000615735740897509,0,0.000521628699626841,0,0,0,0.000309136469029116,0,0,0,0,0,0.0015525890426346,0,0.000587069292692158,0,0,0,0,0,0,0.00300494136159746,0.00366710632659962,0.000560825833657116,0,0,0,0.00146920952964041,0,0.000147044078745042,0,1.06439632039561e-05
0,0.759199574111837,0,0,0,0,0,0,0,0.00684054426806102,0.0121370939195483,0,0,0,0,0,0.00238362478173535,0.000240220080649745,0.396532364405791,0.0243744805978885,0,0.0770069777892089,0.111769134633118,0,0.00525321069234713,0.000441778335173226,0.00122422228529758,0,0,0.00134334965925323,0,0,0.000232582008020893,0.000437585859106001,0.000857882032799434,0,0.170461703585202,0.06405324303623,0,0,0.00435331472248748,0.0195891456072231,0.00288150776163815,0.249114541258766,0.000745118678650061,0.00150109122105508,0.000187258646856326,0.00380326828906064,0,2.74251993816038,0.872049788053068,0,0,5.86749055849871e-05,0.00113481244466232,0.00903426766409754,0.551021398385733,0.181617872013277,2.03942241476278,3.81873816443308,6.22364162264235,0,0,0,0.0779277286696012,0.0200166051134025,0.00199538437834334,0,7.51093500447192e-05,0,0.000437971651346064,0.538894722728308,0.0844668779520799,0,9.13945651148651e-06,0.0147900929754423,5.55152149023948e-05,0.000848310311209491,7.35128436876765e-05,0.352570643013385,0.00131747945988425,0,0.00219972112994213,0,0,0,0.000706681171956442,0,0,0,0,0,0,0,0,0,0.00022679497815974,0.000154162922659175,0,0,0,0,0,0,0,0,0,0.000475310718820655,0,0,0,0,0,0,0,0,0,0,0.00030604873142541,0,0,0,0,0,0,0,0,0,0,0.000665733035895406,0,0,0.000474105863173702,0,0.0011539568150608,0,0.000381379306700035,0,9.33864922917846e-05,0,0,0,0,0,0.00174767246482996,0.000121006330306307,0.00147219782386202,0.0003925550950316,0,0,0,0,0,0.00192902523309946,0.00144534350662343,0.000322534800903331,0,7.0226644059224e-05,0,0.00214500605447187,9.18613463261227e-05,0.000852314819533521,0,0
0,0.0807434812565992,0,8.52658408704828e-05,0,0,7.85671125413312e-05,0,0,0.0115981968877626,3.06631811257279,0.000108950814694165,0,0,5.51179879861481e-05,5.10806598010421e-05,0,0.000146444037088756,0.0353315879206131,0.0475081591450237,0.0770069777892089,0,0.188351150475445,0,0.00013597843671415,0,0.000288838995369732,0,0.000140948970288768,0.0357164053487384,0,0.00239659136420421,0,0,0,0,0.00499991236012613,0.00054073153844203,0,0,0,1.58820568492418,0,15.8628345540122,0.00176649589587704,0.00100529197036335,0,0,0.00254806070063372,0.0146972780727101,6.23412356866284,0.000310863471808933,0,0.000485608624344969,0,0.000836855813581623,0.213168165362211,0.0247239966505564,0.0176419118238982,0.0232917280855866,5.98631091758359,0,0,0,0.131445772229316,0.0104687573013093,0.00072148031654853,0.000162962091253699,0,0,0,0.00282742537045585,0.00222025850611353,0.000116341735112022,0.0211514990088234,0.0226940223757968,0.01256492901312,0.00620030022448067,0.00764587950839753,0.0477040602851921,0.0015820856527329,0.00129406346207236,0.00101494295566489,0,0.000220587744417092,0,0.000957675760894262,0,0,0,0.000736362831143919,0,0,0,0,0,0,0,0.00093432569285555,1.92444995351621,0,0,0,0,2.2587048382107e-05,0,0,0.00183346147531254,0.0995618362293187,0.000488194522272528,0.00261457575879729,0,0,0.00010242288487033,0,0.000103895770794919,0,0,0.104213367817068,0,0,0,0,0,0,0,0,0,0,0,0.00187872741921705,0,0.500952674773249,0,0.000896909661860512,0,0,0,0,0.000508367194681034,0,0,0,0,0.000307605208176977,0.00825849294302063,0.0230106742454777,0,0.000239987694967993,0.00132045912085094,0,0,0,0.11961044345362,0.00101542490285891,0,0,0,0,0.000414861107768703,0.000607592223385023,0.000480184052547657,0,0.000225738422748253
