0,0,8.993907665545e-05,0,4.53180407501148,0.992333801613453,0.013182182501608,0.00259754323778872,0.00227912122184811,0.000266382171492281,0,0.00129218020834948,0.113519001790952,0.0302179363814851,1.28981540466358,0.755549889129109,0.00429408082539123,0.0248360541828849,0,0,0,0,0,3.25238368556999,0.000382941393644112,0.000278039745570028,9.15264118769897e-05,0.000121771410080063,0.00115840200934176,0.000534648403681575,0.311280383294746,0.0062582151148466,0,9.70773056397688e-05,0.000251197180647008,0,0.000170730110401557,0.000136459095547546,0.494889484137094,0.00708717032283993,0.00153056844148495,0.000152816227627304,0.00024205545370521,0,0.001051634156601,0.00288663795828481,0.0853440416646277,0.000765467380810271,0.288795121784434,0.000610514935827311,0.000427335749745406,0.278878134332848,1.1868097146164,0.0279873691125549,0.000394796361866852,0.000374188016808883,0,0.000201568310173362,0,0.0001354921450928,0,2.64468959055941,0.615188836099604,4.20674972946651,0.000735893578530627,0.160525036260772,0.00119808637807147,0.00701507417827229,0.00165340872545994,1.06129996129169,0.00588354662873336,0.00120072416592028,0.000205298506954655,0,0.000104212784925909,0.00764239056351768,0.395068830590166,0.148092637345983,0.0410624618141354,0.000387383858147645,0.000988560285671933,0.00698677873753876,0,0.204631642879627,0.000845504900088903,0.000357389147437534,0.000207462252864866,0,0.0101585407199588,0.00625591481138272,0,0.000613674975118279,0,0.00853048654790268,0.0477865922716573,0.00166694805150786,0.00189462224335519,0.000598524329671005,0,0,0,0,0,0.000695116618447641,0.00289058374357041,0,0,0,0,0,0,0.000448301851427177,0.00104971616594693,7.34304803863745e-05,0,0.00011381307748648,0,0,0.000100963396242562,0.00139135661702816,0.012605093306242,0,0,0,0,0,0,0,0,0,0,0,0,0.000100982516743245,0.00147365994908568,0,0,0.00039856845477864,0,0,0.000215173982498977,0.0086171150312839,0.000367603058723154,0,0,0,0,0,0.000265382525471598,0,0.00134632945467694,0.0361840072385229,0.0121690660602891,0,0.0601568825202557,0,0,0.000158888410270622,0.00811832780517589,0.000172143921329951,0,0,0,2.77582071271372e-05
0,0,0.000255829379333713,0,0,0.000140522042613098,0.000269671401686343,0,0.000470048085076079,0.0121342243333968,0.0319775869248706,0,0,0,0,0.000106453891745709,0.00533964250117238,0.00160571614990486,2.41862513110225,0.125047614087344,1.12998628705645,0.0402752910409144,0.000768595916467172,0,0.00130116098741564,0.000474206856563046,0.000987453084172054,0,0.00014251024455816,0.000625352537441146,0,0.000207710855751941,0.000440459389488383,0.00105801478264611,0,0,0.0171718948725559,0.00803309437170063,0,0,0.00119361722057329,1.94892539057579,0.00222306822399981,0.180535760037462,0,0,0,0.0101193269616802,0.000404993167853612,0.00614071740050509,3.39935077189939,0,0,0,0,0.0103780786266182,4.92718705256844,0.647973039217738,4.41610807048519,1.42135425853044,1.06381424571749,0,0,0.000284197813903305,0.118568842335027,0.144111087324444,0.000181869598448407,0.000118737223017799,0.000114787117812963,0,0.000217201874965905,0.159281310301658,0.0560944321466085,0,3.96796045987113e-05,0.0130022716901116,0.000762255106174545,0.00552416363749304,0.00198496666503655,0.0207320007435665,0.00106520391163824,0,0.000812277934035743,0,0.000981576566394061,0.00130109453884785,0.0042310975109893,0.000452680604490661,0,0,0.000379799381675821,0,0,0,0,0,0,0.000144846231563902,0,0.00478321055537364,0,0,0,0,0,0,0.000936877552457202,0.00767792741817411,0.00625661077691492,0.00070352730208157,0,0,0.000266557538462775,0.000868893114952002,0,0.000214241950573377,0,0,0.000618371043418265,0,0,0,0.000140571884102284,0.000249980742838175,0.000333353953024373,0.00168513539242256,0.000481234188763321,0,0,0.000494022106617033,0.00357994954672588,0,0.0352610140450102,0,0.00019489888550214,0.000286688868611912,0.00129656189195347,0.000399365411370372,0.00167974453995595,0.000615045556828699,0,0,0,0,0.00268546290100653,0.00838872986222131,0.0298857544771883,0.00193434629883811,0.0092793298517137,0.00112104469650722,0,0,0,0.0405176492027984,0.027339692295676,0,0,0,0,0.0020142215134301,0.0048881838327783,0.0044051254266658,0,0
8.993907665545e-05,0.000255829379333713,0,0.0418460309216384,0.000611750497620947,0.00984491152259963,0.067420914689468,0.856039218446833,0.0177321655973255,0.000871172408469907,0.000554361289573403,0.00404136696230107,0,0.000541999652451108,0.00550166155993138,1.37252111099059,0.0297644225549054,0.00772044097727778,0.000850232144155071,0.00169500725469735,0.000101160648195831,0.000275403978650295,0.00510051824869676,0.000457143540946023,0.0116803263267478,0.0515161442923095,0.486952018989069,1.55580210018897,1.28907145876616,0.282415672074313,0,0.00365903156648061,0.00152944008739508,0.00065117757064565,0.00102113880288051,0.00454795698385835,0.000814160309336325,0.000702703961908791,0,0.00359962150551889,0.0954124278656228,0,0.000419395067942664,0.000447921180223775,3.39274332515648,1.86065805510224,0.00165019008592512,0.0433654045546939,0.212733206687211,0.000456110409746413,0,0.0100066388847383,0.00132595482645489,0.0266963308828458,0.0229137068424479,0.104060545443999,0.000116356691983357,0.00266633343905374,0,0.00122707508701402,0.000232319863594209,0.000748877867171225,0.000382464026843716,0.00074378964965139,0.0308098260182247,0.0414206348267119,1.20930376548474,0.0256281881245475,0.23540495109329,0.000306347234635768,0.0337551860170923,0.00345946062513898,0.00773457860242209,0.00185898439571425,0.015642480009146,0.219027424171098,0.306991812103286,0.263216491741889,0.24957389275066,0.124934230949916,0.0173892511892443,0.00198962049032283,0.0127639152965545,0.00755881595507316,0.00756696959262013,0.0106383068866352,0.00691420051115369,0.000820959144694211,0,0,0,0.0153329400494957,0.00189622253354324,0.000332730844449172,0.00120321639377354,0.00498216879139075,0.0938208095803881,0.0106620077786941,0.000339535887965304,0,0.000312011751635816,0,0,0.00040939631926204,0.00675178625770499,0,0.000286750707992485,0.000187084279128086,0,0,0,0,0,0.00124594409755866,0.0025505133709315,0.00586829882551293,0.00250054974633086,0.00557559027064758,0.00549972373444617,0,0.000419291914953903,0.000276997546944362,0.000155230615127011,0,0,0.000103716617851512,8.76811773078811e-05,0,0,0.00559192592375181,0,0,0.000188930054608328,0.0202634895498899,0.0601277319310998,0.000421916559618887,0.00236597925592935,0.00293040461855272,0,0,0.000355136974936407,0.000527375302978679,0.00138028977266559,0.000683371444287843,0.0103467902735645,0.000452506008053952,0.00102712231997391,0,9.80319587427338e-05,0,0.00017805782577128,0,0,0.00268616465400138,0.013846245140953,0.024384642217362,0.00157795957539883,0.0131455486806116,0.000223527774726288,0.0272468278133932,0.00127935440884182,0.00181214936227637,0.00074299876668187,0.00476740161980073
0,0,0.0418460309216384,0,0.000149749083376172,0.000905025026632228,0.00438270255684107,0.0198836254933215,0.0023750279184983,0,0,0.33192731568007,0,0.000698200706821722,0.00423276195534049,0.0156053999244499,0.0137223541325489,0.00183216301729219,0.000290774109034752,8.57815629365152e-05,0,0,0.000350499899248166,0.000140925299887191,0.0135399860960183,1.13378059976939,0.00284587826264399,2.81929283559917,1.1697210496131,0.00210373490077358,0,9.00555627156661e-05,0.0297390813023908,0.00322390362075225,0.000104492764460031,0.00774507976055716,0.000956159939303034,0.00139268443142859,0,0.00525830277778241,0.161611796157815,0,0.000142812460354288,0,3.4170405408489,0.0106147964548547,0.000751863171434941,0.0145774390156179,2.39284866657066,0,0,0.0195267031540896,0.00203170379974115,0.00706061087986676,0.0220945105461498,0.0128038831548343,0,0.000624323174059561,0,0.00456410986483713,0.000976813444972958,0.000111776271567206,0.000698164463289364,0,0.00241638032478514,0.00315223031771056,0.403542710131553,0.721111894328739,0.0534268221193529,0,0.00208255280802361,0.00929913953648141,0.0170122670225886,0.0148380590882224,0.000627386703099736,0.0147387287912943,0.0671358932406782,0.0610047547472412,0.042480343526429,0.0103209718835739,0.00155377708822048,0.000194233018993739,0.00123828434063896,0.0005603153774223,0.000397792829896691,0.000978500666640146,0.000439610270025904,0,0,0,0,0.00104199394897748,0,0,5.37951800567505e-05,0.000348393214031375,0.00509473362695982,0.000276950152438291,0,0,0,0,0,0,0.000766752326226755,0,0,0,0,0,0,0,0,5.80754214871589e-05,0.000612865363139667,0.000382262211021602,0,0.000663466615833799,0.000377593962810459,0,0,0,0,0.000329437882712777,0,8.16356721081391e-05,0,0,0,0.00040524602540204,0,0,0.000144705632965952,0.000364762349959386,0.00395736613734251,0,8.80420185415715e-05,0,0,0,0,0,0,0,0.00164616162536961,0,0,0,0,0,0,0,0,0.000291509694778742,0.00120606700554693,0.00139758756718895,0.000398233003065754,0.000707421518377716,0,0.00173881355907124,0,0.00037042294718418,0,0.000392634510542556
4.53180407501148,0,0.000611750497620947,0.000149749083376172,0,1.64827590770147,0.00787962463155622,0.00159622267222135,0.00187453904594073,0,0,0.000499302473536876,0.0237807734947573,0.00474710540940222,0.419370753782353,2.09637287902495,0.000491055796577039,0.0111057337901282,0,0,0,0,0,0.11670224694361,0,9.85319178780286e-05,0,0,0.000686754571654333,0.000141190720468877,0.0609071439580618,0.00206769414874364,0,0,0,0,0,0,0.129560299515888,0.000840298929625154,0,0,0,0,0.000100813150996193,0.00112231411313646,0.0253286783681316,0.000485237282334024,0.107481235264642,0,0,0.0342054721353767,0.860629830957119,0.012975592469049,0,8.60442490547078e-05,0,0,0,0,0,0.122814417488268,0.136644212668206,0.594973741340876,0.000395145824579942,0.0521756197719248,0.000282248294901167,0.000396475598343063,0.000693207425856747,0.300161521165449,0.000571458941813072,0.000397466573723401,0,0,0,0.00295557604869217,0.105611925533582,0.0494517020376553,0.0204781816672125,0.000228167154744925,0,0.00186114954283673,0,0.0473793331592088,0,0.00031408449359533,0,0,0.00257811300630936,0.000292717713426226,0,0,0,0.00162408217161651,0.0113582644414367,0.000586418914192971,0.00199511505896945,0,0,0,0,0,0,0,0.000904098709311144,0,0,0,0,0,0,0,0,0,0,0,0,0.000183221089261172,0,0.00101536086610531,0.00423178326808654,0,0,0,0,0,0,0,0,0,0,0,0,0,0.00130616253128153,0.000439495920981248,0,0,0,0,0.000490243850135314,0.0021271715593669,0,0,0,0,0,0,0,0,0.000431191466761738,0.00603998582573184,0.00379380141501557,0,0.021702619933072,0.00017081718367451,0,0,0.00263420844144772,0,0,0,0,5.61428714833433e-05
0.992333801613453,0.000140522042613098,0.00984491152259963,0.000905025026632228,1.64827590770147,0,2.34939116776387,0.156852450069598,0.0772760806112425,0.0119799749675143,0,0.00584351604718059,0.0502736038424125,0.0241586647602047,0.987705786608383,2.26934529175179,0.00818047469793258,0.0345342812279465,0.000243121960668772,0.000552236801527169,0,0,0.000445648731717692,0.125383968250667,0.00130073900693214,0.00285348505652616,0.0016784870691887,0.0034824780767917,0.00459980085337876,0.0184841056981937,0.213979841623495,0.624266082014722,0.000263424352970595,0.000625284463873618,0.00013258367162488,0.00216634468431951,3.22917530917594e-05,0.000395868471290952,0.149696487467369,0.0107981804399751,0.00628639050892797,0,8.20583236974004e-05,0.00347469614893163,0.0114872574433091,0.10197291630804,0.0728995186495118,0.00340870569269709,0.620896766820361,0.000206318835912203,0,0.152179710036728,0.657304443924879,0.242755093464281,0.00238774293037934,0.00717878780609173,0.00012305863577154,0.000226264185713914,0.000108348586164253,0.000324489700722977,0,0.134657736678999,1.60686640228887,0.48131949339232,0.0139317324076573,4.9445914638866,0.0112514733601601,0.0113560263366194,0.00943930309354741,4.05913464012755,0.103526407621696,0.00134120222226487,0.00148668875576409,0.000285086778043824,0.000898999632760858,0.0396415788033703,0.874605836542724,0.298073657555438,0.0795549937270521,0.00506684523332848,0.00232879886995932,0.304439464029357,0.00425424511309756,0.817546405041708,0.0136452376263288,0.00379042321354816,0.00120705489970233,0,0.0499807944904431,0.0260915945547321,0,0.00383357283382151,8.87767477887645e-05,0.066300460376477,0.472128206053807,0.0984215170002142,0.0718810199396707,0.0212887995672927,0.000212678546877218,8.5638431922253e-05,0,0.00227148883373312,0.00134690896546453,0.00853680425224008,0.0388804876006488,0.000283824757041617,0.00148348448261199,0.00011774567871577,0,0,0,0,0.0108495258353586,0.000539230101880879,0.000604805917305413,0.00109530265136713,0.000891864794975295,0.00162645117564511,0.00108744822280707,0.0108948951964398,0.0598430236299407,0.00010441251797476,0.000328744474369785,0.000182558971692836,0,0,0,0.00325489986369516,0,0.00119036389465364,0,4.12377301941269e-05,0.000101476683950059,0.00428270780416188,0.0136104581548692,0.00652922536572103,0.0001679824337929,0.00842077802342808,0,0,0.00578964629959782,0.0620038086642518,0.0138715796678876,0,0.00152638018986319,0,0,0,0.000392667474311364,0,0.0208257068262619,0.178763821205003,0.0533082401233742,0.00157899826391975,1.01152216715264,0.00315360561461325,0.00116276823321621,0.00381284099147264,0.0386237997338083,0.00606138373400665,0.00023381899068871,0.000953107684339839,0,0.000335306877623867
0.013182182501608,0.000269671401686343,0.067420914689468,0.00438270255684107,0.00787962463155622,2.34939116776387,0,5.46813420609519,0.119396656692213,0.0107972924630081,0.000112704123425814,0.0339136343449027,0.00148318190252504,0.0177201580315662,0.079950670270149,2.10411504072294,0.0179803392479586,0.0278586297118786,0.000494436876302623,0,0,0,0.00106423023038229,0.00361793086279788,0.00509029391721893,0.0051198684663316,0.00558409516092937,0.0131670963828464,0.028541951380054,0.0274500816311251,0.000931282941764901,0.00700999914694165,0.00112968460904901,6.42212512617854e-05,0.000335355907167011,0.00236078557267622,0.00103421531168827,0.000448194395844114,0.00279559496558144,0.0762137775127433,0.0126669613474029,0,0.000171604309007645,0.00172797235739299,0.0431535006178905,0.537949076744617,0.00568041932026664,0.00523437082124285,0.631351995941581,0,0,0.174172597845913,0.0482766189222684,0.193205603534023,0.0116408933631036,0.0242834353542297,0.000264201629154304,0.000831350601027694,0,0.00123753803747285,0.00125841843070517,0.0084747856831989,0.00403416441633449,0.0113031436050465,0.0227074210055804,7.84110834860294,0.0307129967091279,0.0951905697101629,0.101649104329231,0.0400837922837291,0.159125952511598,0.00356652425692114,0.00408723441300953,0.00218962367109131,0.00144217202361098,0.0821023969018654,1.74653394607684,0.306287419107292,0.126179519643754,0.0133263284609598,0.00204433541893298,0.0060998460135464,0.00801864412818573,0.0384042460639058,0.0224781446033366,0.0139840181538373,0.00273755294633333,0.000525012489241763,0.0189174881078294,0.0066885962004112,0,0.00399249876978988,0.00108860712642043,0.0119960166602147,0.18829440568517,0.97697758360112,0.620953918354899,0.0667406783974375,0.00641658162756785,0,0.00341441944417276,0.000822263803615775,0.00214962464443256,0.0262318782062756,0.0722832736141586,0.00133175402303338,0.00123699326543148,0,0.00023935797410728,0,0,0,0.000834275320138879,0.000773839638515583,0.000448844386155861,0.00124677869805617,0.0015485906849874,0.00591945227021145,0.00291520536146567,0.000409933197762322,0.0388339353608527,0.00049691723921174,0.000229302670730843,0,0,9.43521146684538e-05,0.000153826632897292,0.00292334274041861,0.00430751064450018,0.00258703075658435,0,0.00014938921345329,0.000111891321294529,0.00806491039595144,0.0393123909437287,0.00415934173313932,0.000751388078255255,0.0452852158197673,0,0,0.0363121528145374,0.0230411671188452,0.138513357004588,0.00343377138824156,0.00299626413951875,0,0,0,0,0,0.00714232030339054,0.0209068936006532,0.00110161522132562,0.0017043095208605,1.94077770397336,0.00303346034399741,0.0162039956157059,0.0232753772416154,0.00984167603292916,0.0188618120087264,0.00146440483034127,0.000931575146660979,0,0.000630012552861313
0.00259754323778872,0,0.856039218446833,0.0198836254933215,0.00159622267222135,0.156852450069598,5.46813420609519,0,1.21085344368863,0.0198010910162254,0.000225681989500227,0.00795148195668668,0.00146834198028159,0.00136502378553242,0.0147941634566402,1.13675265184534,0.0366588151077069,0.0173047809666391,0.0012235909518117,0.00280961066028842,0.000109172832820848,0,0.00343166277897008,0.000717232282428157,0.00979739172236234,0.0194616402812094,0.0374049961817106,0.0572442866074289,0.238473107835938,0.184169995075593,0.000343727778585902,0.00284332820543167,0.000748781552843691,0.000357855075419186,0.000396455097560473,0.00315876617831329,0.000632191245769057,0.00110950128720852,0.00297840848372622,0.00762404575764394,0.0432427882845854,0,6.14761435219525e-05,0.00248828145788479,0.234985392852296,4.46944023232192,0.00350219947409934,0.0220240215373025,0.327025765120485,0.000261510358224259,0,0.0144178867433763,0.00603536587740596,0.0598141730486346,0.0189659249626383,0.131486033663362,0.00133844953529979,0.00394617717186046,0.000181317006126523,0.00156999343790628,0.00137775971668389,0.00188065555747954,0.00229523264357529,0.0059844034012344,0.0849930764835157,1.66174129568594,0.147787517122859,0.0971202583423232,0.270196720396185,0.011631277599023,0.681622224261339,0.00413165493299269,0.00790707222938658,0.00113517906767388,0.00740850195725133,0.177707214390255,0.643643378473307,0.305782502772084,0.222674159632761,0.0719059048458013,0.0112150731580692,0.00283301489951985,0.0266412128894324,0.0304115470881976,0.0280218322158896,0.0228049750026005,0.0122548285285687,0.00150625736639772,0.00336038558964812,0.000106194589163008,0,0.0605838436220192,0.00461543450603948,0.00121731883106803,0.0300706594613034,0.182713144757566,1.21638519231099,0.0968138274402648,0.000715421307110792,0,0.00172752592583612,0,0,0.00640844006882671,0.0799842649131948,0.00221280138590016,0.00206267282442462,0.000108554966263601,0.000456335315043906,0,0,0.000538687209678992,0.000122360937229543,0.00214055955454061,0.00114634791651312,0.00936855904700024,0.00392420560325476,0.0338764100076396,0.00538684925867782,0,0.00208378661458259,0,0.000149685865585242,0.000219999983454251,0.000249493021499599,0.000323709338659419,0.000290617977910014,0.000689229022596037,0.000251646709967994,0.00952266057984056,0.000307526506787028,0,0.00136207964510644,0.0411656957105253,0.18930790438737,0.000444449073311011,0.00443877064357515,0.0166785023871726,0.000274851444888782,0,0.00406586987340192,0.00122522310391272,0.0330624275039542,0.00116568587960937,0.00837679433021525,0,0.00128055419412376,0.00017129059372639,0.000744350625164434,0.000259557486607307,0.00241209795946278,0.000800656050588305,0.000215034766544364,0.00719286837813899,0.285199161845151,0.0249476414374034,0.0121171357020593,0.0940984743895272,0.000729231774100905,0.0351542452019209,0.00126965866725961,0.0022486026530262,0,0.00201485594438792
0.00227912122184811,0.000470048085076079,0.0177321655973255,0.0023750279184983,0.00187453904594073,0.0772760806112425,0.119396656692213,1.21085344368863,0,1.30420982704073,0.00110230662052874,0.000238869538947747,0.000864772349687681,0.000144723968670921,0.000726124297985414,0.00445342933435943,0.00258469163527669,0.000629477395519502,0.00108193991159157,0.00284811735295884,0,0.000162154520152112,0.00486338576647673,9.62080851505554e-05,0.00655520663787604,0.00777338193253916,0.0110675766774988,0.00550729688608821,0.00213877932924779,0.79258284318092,0.00272872162918941,0.00017144474723696,0.00687534416388899,0.000531415719833495,0.00126297808286005,0.0108197247989433,0.000750553896296535,0.00195603119304655,0.00070241787544667,0.00242695162760021,0.0505786670389771,0,0,0.213670296636673,0.00912826873958575,4.99161997711035,0.0015308497667405,0.0187074422172498,0.0103128366420729,0.000965176102600239,0,0.00162080927704904,0.000538043963680155,0.00154078136121283,0.0241930489320974,0.0561552867435587,0.000302471888904152,0.0024346284067492,0,0.000912445474749782,0.00283645248266662,0.00114138342865474,0.000588039646108207,0.00305905842201278,0.515326666003955,2.89974250074713,0.0383594011888991,0.00180535361223601,0.0037863327554688,0.0049418094552126,8.2895970601236,0.00877285045495834,0.0141943235431211,0.00366221124252877,0.000619537976498195,0.0250712890507635,0.0138973366103179,0.0153843390228574,0.0197611995930618,0.0209134739614669,0.00301045182343512,0,0.0148382438921119,0.00566391666755015,0.0104492227072052,0.00967564085223886,0.00905883225804059,0.00185113310574672,0.00285291533375197,0,0,0.0199049444751156,0.00101476535630236,0.000721623826476695,0.00720766608435168,0.0205454990084425,0.237171181074207,0.425745480785144,0.0133092203505204,0,0.00189695685403843,0,0,0.000516940631360389,0.00671468219189505,0.000805023843038571,0.00200212260646373,0.00161557235703822,0.00218918404527736,0,0,0,7.24309026791919e-05,0.00404995755118561,0.00308787506342172,0.0222277936924401,0.00681101102672703,0.00649485563299243,0.0200585874452296,0,0,0.00250436610220182,0.000577814878199693,0.000520416144142825,0.00101170808345965,0.000282269239969185,0.000218020690532023,0,0.00125132524985607,0.0163792680173263,0.00048995051659689,0.000334101199204468,0.00284968761203428,0.0192626239759909,0.0728789072643194,0,0.0110474606160018,0.00491614330183298,0,0,0.000728739885317686,0.000743829739893293,0.00449514667510693,0.00589734113708055,0.0251604938252314,0.00025972756335696,0.00219761553718982,0.000721489494936202,0.000590466244034193,0,0,0,0,0.0238525267809558,0.222569680486205,0.0438921067802689,0.000674527362815934,0.0105472477179161,0,0.17495194854176,0.0026430118330818,0.00838171553078629,0.0018683618489548,0.000439036372935209
0.000266382171492281,0.0121342243333968,0.000871172408469907,0,0,0.0119799749675143,0.0107972924630081,0.0198010910162254,1.30420982704073,0,0.0865764611842319,0,0.000790725946052201,0,5.2809643963053e-05,0.000522266475051364,0.00593416905774727,0.000577086253302002,0.014434632692241,0.0154032693565282,0.00125124341336637,0.193968843501585,0.377733470821231,0.000128596665798134,0.00920317104822448,0.000971362987666083,0.00448778853481667,9.72093048434777e-05,0,0.402295146601985,0.000250188274617827,0.000306074459840072,0.001783860381851,0.000210936589499019,0.000832458341869013,0.00402827501743586,0.00160497703835442,0.00235724692497291,0,0,0.011043567770798,0.00271614658971447,0.000867805121806329,2.07119145289718,0.000644827032721802,0.0114997771269844,0,0.0146689475873526,0.00157081075217858,0.000340181662119554,0.01017827097124,0.000399924119639666,0,0.000138419309200213,0.0116309775044079,0.0229469828338052,0.0315537459384943,0.0650328035547112,0.022236745934063,0.0253237139865925,0.029627998623057,0,0.000479800011613574,0.000849213146367298,1.30507720534409,2.43101419349485,0.00350481483027097,0.000645368619798713,0,0.00218928807692433,0.775237796265481,0.0205497738829102,0.021044474466047,0.00621315061390997,0.00412595176772226,0.0102114599017424,0.003059497377602,0.00544442851303194,0.00364992577994445,0.404530593627714,0.000625347792460734,0,0.00308961034170744,0.00101454059631845,0.00270841845398485,0.00304764461559169,0.00539994442903611,0.000615400371687624,0,0,0,0.00192190234291418,0,0,0.00170433452538028,0.00055357411762047,0.0114286922006845,0.0562856142589509,0.00789070537896963,0,0.000178364701348532,0,0,0,0.000356850416036752,0.000797696258022729,0,0.000486555327099542,0.00063878370409463,0,0,0,0,0.00355638790215888,0.000326463954987498,0.00334275339030023,0,0.000848223004364284,0.00816097021099769,0,0,0.000534189405881236,0.000601002776165272,0.00016153559899952,0.00116990620525928,0,4.6484995902674e-05,0,0,0.00752345584764135,0,0.000258927883315019,0.000643042884575673,0.0015238948325341,0.00550067434674617,0,0.00504490547699943,0,0.000587370983658617,0,0,0.000239432028187764,0.00034903082997125,0.0011890253507238,0.0100416744692141,0,0.00172489379885614,0,0,0,0,0,0,0.0166430437520316,0.0542323121186112,0.00740549005075541,0.00123854125547853,0.00241583018437735,0,0.0491368538500736,0.00158421245015911,0.00641221324139013,0.00226023763045521,0.000329527505038887
0,0.0319775869248706,0.000554361289573403,0,0,0,0.000112704123425814,0.000225681989500227,0.00110230662052874,0.0865764611842319,0,0,0,0,0,0,0.00353517406344988,0.000611801702507657,0.293557004028138,8.11184436300382,0.00672556662200702,2.40031888714313,0.000705631051190716,0,0.00277900967228651,0,0.0350355127038284,0,0.000200643719694787,0.798309689749377,0,0,0.00029366530346226,0.000366236664926228,0,0.000229554803448277,0.00474951533772673,0.00462430200100261,0,0,0.00247975348074567,0.772843655763965,0.000411763274016056,11.7997182013788,0,0,0,0.0075527698806587,0.000203489939038125,0.00188112288505588,0.0959376687792797,0,0,8.12110447082114e-05,0,0.036122052278429,0.127354893762339,0.738258892102261,0.0308589646363863,0.0437160362838466,0.0966475407764819,0,0,0.000101462280798487,7.23338523871301,0.158327726376736,0.00124036463841591,0,0,0,0.00352825769376453,0.0338546553941544,0.0408058614834853,0,7.20297414305207e-05,0.00846274387973207,0,0.00606062729407075,0.00546934585416489,0.0101385800695641,0.000732071406839706,0,0.000876330591244923,0,0.00048894812265375,0.000130017303595117,0.00240303771259648,0.00062630736667057,0,0,0.00120636671749922,0,0,0,0,0,0.000203326228219725,0.0007609723805444,0,0.117500121753529,0,0,0,0,0,0,0.000257844315033597,0.00461086694853166,0.00661271005999152,0.00010918905492399,0.000339906099671924,0,0,0.000563269428792179,0.000193606083294827,0.000591680305999256,0,0,0.000454429327370616,0,0,0.000388648129046459,0.000344250586739111,0.000141209351641263,0,0.00087987439308801,9.00228112295474e-05,0,0,0.000207818558223137,0.00261522107025723,6.45467488322657e-05,0.0445840367525452,0,0,0,0.000376237288225506,0,0.000289901582802026,0,0,0,0,0,0.00108128093410877,0.00638456177002374,0.0141337266889505,0.000625417087837948,0.00358425810830378,0.00124353560620316,0,0,0,0.0170636418479883,0.0168099434238216,0.000105278127578618,0.000390015713044797,0,0,0.00138221469180819,0.00437872462055783,0.00147867403430631,0,0
0.00129218020834948,0,0.00404136696230107,0.33192731568007,0.000499302473536876,0.00584351604718059,0.0339136343449027,0.00795148195668668,0.000238869538947747,0,0,0,0.00117167783519351,0.744969689695918,0.080781484440449,0.0379088395582089,0.00188241639672399,0.00201500833595723,0.000217595897326726,0,0,0,0,0.00081716195645829,0.0073765755478481,0.00507900039461693,0.000749449696860329,0.0116555387285599,0.20805246649273,0.00038800153352715,0,0.0002234565321069,0.000671733382962891,0,0,0.00494603139061352,0.00213848982220896,0.00166951910454998,0.00434907913418778,2.28184415922011,0.0165267684122128,0,5.7773963405232e-05,0,0.0597238569195734,0.00134625512548961,0.000563225308180218,0.00467360857470437,3.15491432321874,0.000119698132189787,0,3.13252884359954,0.0233978502088081,0.100619209986786,0.0157539556977009,0.00471873567391831,0,0,0,0.00486325468672281,0.000400743094439888,0.0128131186287954,0.000225204124999906,0.000856099162397081,0.000604061175918452,0.00307146553731696,0.0142464584927738,4.23911893273198,0.0379091463627592,0,0.000413733703898037,0.00990052497583192,0.0124448586619723,0.000615130329084113,0.000176110250922564,0.00927729309805694,0.0827417315280831,0.0398575717242871,0.0247339728430691,0.0013354498338472,0.00036136481253452,0.000811940131761916,0.000121702692588503,0.000240616686917106,0.000505372849837892,0,0.000131574053199505,0,0,0,0,0,0,0,0.000327201871812119,0.00152664314425975,0.00210922163978624,8.89746727734085e-05,0,0,0,0,0,0.000111332559824128,0.000118832219930063,0,0,0,0,0,0,0,0,6.37610115283103e-05,0,0,0.00012958374480697,0.000197355942885172,0,0,0,0,0,0,0,0,0,0,0,0,0,0,0,0.000213938447084588,9.49473454836466e-05,0,0,0.000162741052882756,0,0,0.000169920299519424,6.94819795951096e-05,0,0.000455407306704209,0.000179117653008904,0,0,0,0,0,0,0,0.000174993182711943,9.79982416840549e-05,0.00246022209950474,0.000332563082603521,0.000122146500688251,0.000248616142105054,0,0.000479303757472573,0,0.00022815732607071,0,0.000177468673652566
0.113519001790952,0,0,0,0.0237807734947573,0.0502736038424125,0.00148318190252504,0.00146834198028159,0.000864772349687681,0.000790725946052201,0,0.00117167783519351,0,1.09704580897019,0.0338050870488094,0.0033498758037172,0.013807097720149,0.0684991858260259,0,0,0,0,0,0.965943347984004,0,0.000222698793536907,0,0.000221941791152522,0.000338413080469423,8.03754965532973e-05,0,0.0027371527897149,0.000479875582236555,0,0.000269916414392017,0,0,0,8.8707381529015,0.00204786538664821,0.000363967468830495,0,0.000119382191868157,0,0,0.000567081116912685,2.22817911975454,0.00338811746251247,0.493253916670859,0.000323345585336301,0,0.0304062447101385,0.0442333674398688,0.0030867916825681,0.000679344078604052,0,0,0,0,0,0.000376019085460352,3.6496725921977,0.0468355213894324,1.90200086231202,0.000394810062613044,0.0041319931813881,0.000352453431301164,0.000549061575644383,0.000538081268186363,0.00284464178142899,0.000758242360605257,0.000399210587753746,0.000334705590666539,0,9.44036477099779e-06,0.00227777532228093,0.0838550532890774,0.136320754821264,0.0166893106402515,0.000793482271692292,0.00122445011333419,0.00563105308288091,0,0.00917422525530566,0,0,0,0,0,0.000225860148856569,0,0,0,0.000806565273548672,0.0039345638793883,0,0,0,0,0,0,0,0,0,0.00037421704552381,0,0,0,0,0,0,0,0,0,0,0,0,0,0,0,0,0,0,0,0,0,0,0,0,0,0,0,0,0,0,0,0,0,0,0,0,0.00164021101943043,0,0,0,0,0,0,0,0,0.00440138678224926,0,0.000368920147322843,0,0.00280687226298973,0,0,0,0,0.000137804870070845,0,0,0,0
0.0302179363814851,0,0.000541999652451108,0.000698200706821722,0.00474710540940222,0.0241586647602047,0.0177201580315662,0.00136502378553242,0.000144723968670921,0,0,0.744969689695918,1.09704580897019,0,0.0877035751757259,0.0216045311440439,0.000665706282246896,0.00246487844065672,0,0,0,0,0,0.0269378011505138,0.00104386995188036,0.000240919443770865,0,0.00127744325089394,0.00413278336099804,0,0,0.000151423497537608,0,0,0,0.000220305365380721,0.000325707661812661,0.000423454110286636,0.429855659788996,6.88186234571152,0.00184316097594948,0,0.000141130516790365,0,0.00481166409928396,0.000382026520119257,0.00224670371305344,0.00112293638688129,1.49941866064718,0,0,4.28700083163663,0.06692773302451,0.0647834450290885,0.00203919356480342,0.00066347555297509,0,0,0,0.000759530073919323,0,2.28917076774868,0.000800232605169246,0.0153443153009589,0.000318025831434301,0.00461041098288425,0.001423435847673,0.0944754750804674,0.00636925688311236,0,0.000119744563467299,0.00196452629763465,0.00161007627819224,0,0.00023250382665125,0.00502159300533726,0.0918561480950632,0.0235165848445532,0.0120858835809963,0.000387221883802222,0.000187148786318092,0.00080128595892131,0.000374302996835983,0.000633516705541941,0.000542911654860026,0,0.000109181277234893,0.000243131299133961,0,0,0,0,0,0.000225007387368345,0.00117950080740535,0.000178466851228139,0.000997387307697699,0,0,0,0,0,0,0,0.000182784408532526,0,0,0,0,0,0,0,0,0,0,0,0,0,0,0,0.000577388789220534,0,0,0,0,0,0,0,0,0,0,0,0,0,0,0,0,0.000181653885610596,0,0,0,9.35270187996783e-05,0.000109897968859803,0,0,0,0,0,0,0,0.00017465936309345,0,0,0,0.00142218785787656,8.52188330721887e-05,0.000116631275103529,0,0,0.000316489778446954,0,0,0,9.52443021879271e-05
1.28981540466358,0,0.00550166155993138,0.00423276195534049,0.419370753782353,0.987705786608383,0.079950670270149,0.0147941634566402,0.000726124297985414,5.2809643963053e-05,0,0.080781484440449,0.0338050870488094,0.0877035751757259,0,1.06912682668303,0.00412522301251783,0.0143695472893855,0.000144245995428159,0.000251423409667821,0,0,4.55330562646912e-05,0.262407777546041,0.0142751298019005,0.00642220685011994,0.00210925170111929,0.0254884672831685,0.162947581254786,0.00101459737205317,0.000258522851675175,0.000742397285874009,6.56568718556318e-05,3.42300825708717e-05,0.000220724961471102,0.00142018489524341,0.00162007297376953,0.00136695128004381,0.158357607963304,0.0741247643564803,0.00405649743983657,0,0.000213457038107819,0,0.129222042470537,0.00351350241194911,0.0122448578245642,0.00385623398035823,0.698238011480877,0.000228705440593491,0,5.22300990133339,5.64817280453183,5.48347343906261,0.0187600104662572,0.021693040266458,0,0.00040993029446007,0.000241679862309455,0.00219195453062328,0.000723516558635323,0.725760147503942,0.0017953090589763,0.0832096843719745,0.00137664613887279,0.03194303118675,0.0366136844947997,0.930904256934357,1.578200558487,0.00317619528872233,0.00206775030810939,0.00694666843958151,0.0131472583220371,0.00015952435463216,0.00102955815058669,0.0418598823697599,0.638467008362109,0.147436308246715,0.0504465215527827,0.00321215879784313,0.000499135478629806,0.00102149444287975,0.000314345477060127,0.0182571859547922,0.00059646018973955,0.000286520206889565,0.000435223727542322,8.43227891927922e-05,0.000758938250733892,0.000246869684042444,0,6.80871747657558e-05,0,0.0011690887708154,0.0101184987082315,0.00484691356451079,0.00509273283426788,0.000614368806817849,0,0,0.000172665185987314,0,0,0.000656639877192363,0.00201751537940501,0,0,0,0,0,0,0,0.000118637804624386,0.000101992003044558,8.64887784231376e-05,0.000297974323116759,0,0.00018625820021386,9.62310855468396e-05,0.00015562985711714,0.000857622483235601,0.000113857785001706,6.39743500797894e-05,0,0,0,0,6.07169846893489e-05,0,0,0,0,0.000186032901235638,0.000483465369875581,0.000711731524956538,6.74134015283155e-05,0.000164034737809987,0.000696456644500403,0,0,0.000781607485419751,0.00247901631110052,0.00192439115647398,5.55372176215137e-05,0.000515388442319391,0,0,0,0,0,0.000222768685280593,0.00137805011680649,0.000533550125396077,0.0002042867420421,0.0206074468256232,0.000559603056645794,6.20580262113502e-05,9.24606531683403e-05,0.000473591527212232,0.00138708188040962,0,0.000247963640374148,0,0.00023168551886545
0.755549889129109,0.000106453891745709,1.37252111099059,0.0156053999244499,2.09637287902495,2.26934529175179,2.10411504072294,1.13675265184534,0.00445342933435943,0.000522266475051364,0,0.0379088395582089,0.0033498758037172,0.0216045311440439,1.06912682668303,0,0.0196716475457617,0.0305264993332849,0.000115792063617254,0.000358878112581161,0,5.63209026595859e-05,0.000994434608585241,0.0426446311961422,0.00974776603939459,0.00913301127618281,0.0122294158716437,0.042087736154092,1.06075239718082,0.00871433873925852,0.0696564294708334,0.00340215537609044,0.000341381029751642,0.000564539862997354,0.000183824056800242,0.00118468349885877,0.000953505384082756,0.00109966531262116,0.0121292259570422,0.0380384692040974,0.0101094630505177,0,0.000406745842882197,8.77581365182966e-05,0.245275481606382,0.0919116814788472,0.00901186943166795,0.0105408548342661,0.600476629626582,0.00018848694242343,4.39408121355178e-05,0.214207060305652,0.509534907659985,3.70140075240556,0.00957949486654108,0.0333090394771008,7.88502614138572e-05,0.00164438645926023,0,0.00153269148776582,0.000675775700048803,0.0203080128072259,0.0660452281578295,0.0940418856290372,0.00636203021317624,0.113084169341721,0.0591781889299521,0.153303074223727,1.26070779871255,0.219983010454085,0.0080745314732321,0.00591883335270509,0.00900865589371322,0.000645826396167065,0.0104386417323642,0.17726564211553,0.747766146379944,0.41010958648074,0.188729147373064,0.0309847788163428,0.00576222113744391,0.0030277321410834,0.00726862842644213,0.0249373454573505,0.00671052352334979,0.0055271146170205,0.00220085701006138,0.00012431494887818,0.001268810546012,0.000246723954049714,0,0.00409458946550006,0.000748892894386317,0.00177164272661616,0.0220801207170142,0.065980025102768,0.145204342624885,0.00421234089036224,0.000848728636809162,2.73702679685125e-05,0.000393081239650974,0.000111351642556947,0.000335867854250398,0.00490940085719999,0.0292430256814072,0.000204403262337946,0.000208572651222939,0,0.000112626120326419,0,0,0,0.000269045958553047,0.00075300873512982,0.000638918447909069,0.00109888856206775,0.000473038796671114,0.00710967199457573,0.00152716830374709,0.000253402480314246,0.00189318562756697,0,5.2730744827062e-05,5.99296727758444e-05,0,2.32879533876341e-05,1.99218165616226e-05,9.68908151077752e-05,0.000401675808983631,0.00110819016579428,0,0,7.67580588146388e-05,0.00470868824627509,0.0138087778791013,0.000385304111839337,0.000409556998761484,0.00517684024815174,0,0,0.0026906044314167,0.00241795688545196,0.0172005983833058,0.000309094319654784,0.0013173968601783,3.41018889553684e-05,6.48401426516822e-05,0.000267425283808354,0.000196254695015724,0,0,0.003913567245394,0.00187262705396131,0.000836865156046964,0.074316128569249,0.00229531856761367,0.0038234740023025,0.0165182605377077,0.000868944420994205,0.00514255699118614,0.000296611879911832,0.000957131181399955,2.91383978512536e-05,0.00371153018517476
0.00429408082539123,0.00533964250117238,0.0297644225549054,0.0137223541325489,0.000491055796577039,0.00818047469793258,0.0179803392479586,0.0366588151077069,0.00258469163527669,0.00593416905774727,0.00353517406344988,0.00188241639672399,0.013807097720149,0.000665706282246896,0.00412522301251783,0.0196716475457617,0,2.19536087727637,0.00900996570428953,0.00693416005609789,0.00150392324935017,0.00153320225094427,0.255371956393101,0.0666062681007602,0.00886288475431272,0.0135958175744684,0.0049671664709395,0.0188077396060674,0.0411918520475263,0.00592257352420642,0.000171754179709792,0.0379206614982426,0.0523456886603953,0.219299586376228,1.97297902268611,0.0215672521274171,0.0422715784795847,0.030132955336363,0.0161035111975051,0.00480756655950473,0.284678592102738,0.00183978507106386,0.828998605942554,0.00945909343277556,0.0699763913805832,0.0159952870248813,0.51669991868057,3.81415440661688,2.69726525194743,0.710549160522135,0.0125242940813409,0.00695413773638368,0.00116402868026427,0.0105888131882892,0.0204108558127451,0.0194237141422767,0.0200920471598634,0.019997098280829,0.00692376725939381,0.0624141767661514,0.366109910253566,0.00187321582044706,0.232125035064662,0.159116603279458,0.0342884559131936,0.0127651221242257,0.0364134196860288,0.015752561609967,0.0367050688999092,0.00641444679965503,0.0176012075049836,0.359995143902164,0.138986325879691,0.0198701100707375,0.000769897538791963,0.024712641447679,0.234841703956955,2.2153807537952,0.156309995895623,0.256618911157787,1.13790402581613,0.00842082126106194,0.00125799571722623,0.00105404538318857,0.00180936976669929,0.000960979114145063,0.000670710798721774,0,0.000522656971938852,0,0.000812669742269588,0.000731471668441248,0.00018975139596332,0,0.000107538451278418,0.00137554413387697,0.00618843333738316,0.00165361869678728,0,0,0,0,0,0.000220146854124678,0.000777466927833158,0.000228257714422704,0.00038193174075888,8.32575030964935e-05,0.000488867195603194,0,0,0,0.000146486357026479,0.00111102166080115,0,0.00125105221568633,0,0.00138046694462514,0.00271111815940435,0,0.00177649480073475,0,8.40461032040885e-05,0.00013787538581018,0.000334062327224749,0.000754838693929883,0.000109970630569195,0,0,0.00216801777293605,0.000153912143696598,0,0.00249656928429885,0.00167699813731751,0.00298747830421541,0,0.0013296445084203,0.00171094883089101,0,0,0,0,0.000749036764234904,0,0.00891817981781989,0,0.00295961747765345,0,0.000474888991221497,0,0,0,0,0.00525899196529643,0.00576313197243857,0.00281425912611966,0.000133256470429478,0.000383965606014891,0,0.00590808747277386,0.00199012276781342,0.0024454885686496,0.000342221599944726,0.000262870964962494
